1.1479508959E8 1.446000623E8 2.4820541E7 9.44719219E7
1.1886345893E8 1.178771526E8 2.7507178E7 2.096629356E7
1.16138773812E8 1.04929186163E8 3.0572613E7 2763986.328
1.1905144326000002E8 1.0471206137E8 3.0126169E7 1172503.93
1.0829180082000002E8 1.335694328E8 2.7664077E7 1.6678195651E7
1.1675449093300004E8 1.04700008671E8 3.0052268E7 6981217.643999999
1.1225075793000002E8 1.59682893E8 2.5276508E7 3.4964677059999995E7
1.135712855E8 1.61170721E8 2.470484E7 5.33305714E7
1.1860013596000004E8 1.46580898E8 2.5239178E7 2.99505576E7
1.1884861572E8 1.1306118379E8 2.8243584E7 1.442741068E7
1.035422568E8 1.1586597415E8 3.1159728E7 2907154.63
9.746175976E7 1.1730612906E8 3.3132923E7 868550.415
7.935709111999999E7 1.5153965509E8 4.5690661E7 2463294.3368
8.462938262E7 1.392149393E8 3.4878238E7 9658854.266
9.706353871E7 1.465260553E8 2.9030431E7 2.0934137607E7
1.09836357103E8 1.320478336E8 2.7489168E7 1.6322628722E7
1.2596353379E8 1.0135116662E8 2.6496881E7 9.29790647E7
1.1751823158E8 1.0102017319E8 2.6455761E7 1.9435916345E8
9.053104311200002E7 1.187645441202E8 3.4639297E7 6.996696515965E7
1.1623870942E8 1.032078278E8 2.782785E7 7.44992956E7
1.2079743294000004E8 1.290972428E8 2.5295467E7 6.49529058E7
1.2162390951200002E8 1.01399868281E8 2.8315514E7 4.50954717909E7
1.0486909947E8 1.59669585E8 2.6434906E7 3.235733367E7
1.0786870012000002E8 1.48430953E8 2.64956E7 2.71192253E7
1.1360360006E8 1.1991501265E8 2.764627E7 2.748097403E7
1.1685193416000004E8 1.49696558E8 2.5269884E7 2.8957482821E7
1.1696691919E8 1.162793129E8 2.8327201E7 7207828.1
9.3635347139E7 1.151879800671E8 3.3426548E7 9.76328339188E7
9.1007920942E7 1.19941933638E8 3.3689317E7 7.8924134007E7
1.3023185021E8 9.769014974E7 2.5296452E7 1.4928043267E8
7.570244436000001E7 2.07417212E8 3.9660395E7 4.0331562E7
9.193652997000004E7 1.2135353532E8 3.4743759E7 1214057.916
1.0524720627E8 1.561152182E8 2.592194E7 1.109012436E8
8.344762385000001E7 1.72517181E8 3.1731161E7 3.50428531E7
8.580193103E7 1.548499311E8 3.2054793E7 2.088213525E7
1.1002463512699996E8 1.02596151984E8 2.8252577E7 1.73704965813E8
1.2107971823999998E8 1.257289008E8 2.556749E7 6.182998286E7
7.898917122E7 1.86828612E8 3.5291651E7 3.54735947E7
1.1420541764000002E8 1.0119449103E8 2.8354274E7 8.8658653337E7
9.284331116E7 1.36405391E8 3.1321084E7 1.2308923376E7
7.667491682E7 1.627444656E8 4.5210772E7 8951161.31
1.2738402628100002E8 9.19764460012E7 2.5858579E7 1.90979103961E8
1.208761782301E8 9.714288664315E7 2.6524353E7 1.4608118504353E8
9.057755835E7 1.337414794E8 3.2502653E7 9505329.189
7.728784931E7 1.588903826E8 4.5463006E7 6639565.03
1.0523288211E8 1.505988179E8 2.6110009E7 1.045318666E8
8.150656319000001E7 1.94934128E8 3.2381939E7 4.4812575E7
9.053626587E7 1.2912871478E8 3.3312706E7 6032748.899999999
1.23275890307E8 1.01381385186E8 2.6898605E7 8.35625183E7
1.0596460119000004E8 1.316018515E8 2.832577E7 1.4785160553E7
8.568053721E7 1.88987469E8 2.9738702E7 4.34876382E7
8.981184962E7 1.85063258E8 2.8322551E7 5.9271587E7
9.77887814E7 1.81824176E8 2.6613035E7 6.3314389E7
9.966547336E7 1.34620612E8 2.9435978E7 1.59875373E7
8.283259571E7 1.585254617E8 3.3522476E7 2.177723861E7
1.1560121368E8 1.2887564845E8 2.5735577E7 7.086250546000001E7
1.2000505113E8 1.226205177E8 2.6439356E7 3.97474164E7
1.0982904968E8 1.4397761E8 2.6484766E7 2.409216848E7
1.1699865920000002E8 1.58179271E8 2.4705947E7 4.07076425E7
7.508006557000001E7 2.0787682E8 4.0729552E7 3.90953986E7
9.720521924E7 1.1694015763E8 3.0810122E7 1.3644976183E8
8.905810907E7 1.6402347E8 2.9962869E7 2.860939896E7
9.7630846442E7 1.297899976E8 3.0627888E7 1.0289056467999998E7
1.0186604864000002E8 1.14914986E8 3.1916816E7 1559257.774
1.10043919619E8 1.212035927E8 2.865478E7 9235995.6974
1.23005381261E8 9.2937648446E7 2.6864828E7 1.903911139437E8
1.04290631719E8 1.11857977288E8 3.2583066E7 289549.29230000003
1.1727875888000004E8 1.59337091E8 2.4712511E7 3.98051637E7
1.2713451709E8 1.033001126E8 2.5822154E7 1.0995386937E8
8.843350319E7 1.74728691E8 2.9471576E7 3.516266377E7
1.20679925196E8 1.0113977761E8 2.8099239E7 5.400482787E7
1.1471919912000002E8 1.01254855268E8 2.9174106E7 6.5127399755E7
1.12729693156E8 1.38002143E8 2.6517778E7 2.0814110457E7
1.1271989256999998E8 1.1309785446E8 2.9349983E7 4362813.74
1.2102154482000002E8 1.0412095052E8 2.8894872E7 2.229804794E7
1.16396755E8 1.214862538E8 2.7714692E7 1.07009031E7
7.521977775E7 1.776124113E8 4.408428E7 1.830384773E7
1.0320693355000004E8 1.541669118E8 2.6349778E7 1.077491182E8
8.518988816E7 1.3409677865E8 3.5540736E7 6238169.513
1.0867190806E8 1.03999455487E8 3.0134881E7 7.8197146563E7
1.1430933192E8 1.0512587441E8 2.9337967E7 2.754729621E7
1.2365217403E8 9.3917155717E7 2.6706782E7 1.49880573998E8
1.2942227811E8 9.615445223E7 2.5034616E7 1.8035692953E8
9.392933486E7 1.2042505486E8 3.3700883E7 1741292.458
8.9657128567E7 1.2843696695E8 3.3850271E7 5314712.666999999
1.017455259E8 1.87456538E8 2.5919636E7 6.7603042E7
1.18420918844E8 9.53400423939E7 2.7584797E7 1.938878565172E8
1.128595745E8 1.73428093E8 2.454865E7 5.8055833E7
1.1535186625599998E8 1.20047771825E8 2.6995603E7 4.3130462618E7
9.345324601E7 1.1838495137E8 3.4825206E7 5822831.33
9.2732085014E7 1.305082502E8 3.2128408E7 8524906.677
9.75426483E7 1.48745626E8 2.8720175E7 2.259041034E7
1.0619654892E8 1.107182139E8 2.8263715E7 1.8838486095E8
1.1549416325E8 1.359328144E8 2.5313175E7 7.12807483E7
1.0604632794000004E8 1.03599880695E8 2.9960901E7 1.888495039982E8
1.10122368599E8 1.005366756937E8 2.9170105E7 2.021495179492E8
1.1003497711000004E8 1.1209477228E8 3.0094948E7 2850939.89
9.985767235000002E7 1.3968314377E8 2.8090779E7 7.202673671000001E7
1.1187525372E8 1.49926145E8 2.5788596E7 2.8229277821E7
1.195862611E8 1.286542106E8 2.6511787E7 2.27524346E7
1.2297333238E8 1.030429019E8 2.6523713E7 9.271501361E7
1.1229326912E8 1.0393175581E8 2.7356236E7 1.9195603591E8
1.2741934616E8 1.023182896E8 2.5142255E7 1.4465920025E8
8.754542119900002E7 1.240752304406E8 3.6868309E7 1.10491038198E7
9.3383745824E7 1.236665134E8 3.3085108E7 3970488.843200001
8.533119634E7 1.3085666177E8 3.6363692E7 4889971.833
9.309767129999998E7 1.85734527E8 2.7624281E7 5.12490724E7
1.1184971926E8 1.0994733894E8 3.0092349E7 1929515.753
1.0027639694E8 1.48527014E8 2.7966543E7 2.70512763E7
1.0335729941E8 1.337825336E8 2.8686277E7 1.5206624258E7
1.00670946411E8 1.08873329252E8 3.0630356E7 1.492433603066E8
8.975740434150001E7 1.2107411318771E8 3.5536867E7 1.398629248834E7
1.19077551153E8 1.0437765472E8 2.9422707E7 1.3134782586E7
1.1877437968E8 1.268626152E8 2.5904454E7 5.087031707E7
1.0739914342E8 1.06716216987E8 3.0231659E7 4.5087945477E7
8.352767179000002E7 1.438930831E8 3.5015076E7 1.212788041E7
1.1695822376999998E8 1.1208983121E8 2.8925257E7 4500309.67
8.721770572000003E7 1.5326102561E8 3.1221174E7 5.697588068E7
1.252345176E8 9.554985717E7 2.6386689E7 1.2894421347E8
1.20561112076E8 1.013644935004E8 2.8527409E7 4.29773612921E7
9.738120187E7 1.1457218137E8 3.2899696E7 1.686439623E7
1.0116959811800002E8 1.076971343843E8 3.1163239E7 1.552073080353E8
1.1663378865E8 1.343587701E8 2.5364344E7 6.50102642E7
8.964465520499998E7 1.2455026343E8 3.4951085E7 2164640.906
9.523110668E7 1.501727456E8 2.9131763E7 2.41323908E7
9.251480205E7 1.165110864459E8 3.3634298E7 8.97686869436E7
9.91023309E7 1.79638479E8 2.6411792E7 6.2676827E7
1.1459875320999998E8 1.49789452E8 2.5304894E7 3.39881129E7
7.899387713E7 1.517297083E8 4.2012977E7 7465954.220000001
8.855986077E7 1.569092304E8 3.0712848E7 2.368130927E7
8.098007108000001E7 1.589642673E8 3.5521265E7 1.978830899E7
1.2716300096999998E8 1.02871234E8 2.4704165E7 1.835630849E8
1.1893410368999995E8 1.0258734E8 2.7695024E7 6.68918014E7
8.77441958E7 1.94995931E8 2.8806675E7 5.24217896E7
1.30924747E8 9.0607521297E7 2.5855097E7 1.75980993099E8
8.762997161E7 1.80851873E8 2.9413323E7 3.8699457940000005E7
1.1418753392E8 1.0041986419E8 2.8099777E7 1.11103855416E8
1.2653417689E8 1.010306087E8 2.4934581E7 1.7675638403E8
1.0116039934E8 1.10968069092E8 3.2162025E7 2.6965335383E7
1.2299640308E8 1.0356814831E8 2.7004127E7 7.28959647E7
1.15709823781E8 1.02760654606E8 2.8844947E7 4.5761039301E7
1.2136808922E8 1.225937716E8 2.5885667E7 5.748192649E7
1.1854105949E8 1.033980186E8 2.8259376E7 4.704938413E7
1.13113510896E8 1.03823295993E8 2.9823013E7 3.37330477E7
8.754292927200001E7 1.3236405625E8 3.4277796E7 6393556.126000001
8.772973315100001E7 1.232155930203E8 3.6279536E7 1.77287462295E7
1.053328855E8 1.390078241E8 2.7651466E7 2.29177137E7
1.0942725979000002E8 1.0771320874E8 3.1086704E7 6174086.472
9.559922098E7 1.383483423E8 3.0198844E7 1.5107143379E7
1.0859952246E8 1.58487991E8 2.5854628E7 3.279468555E7
1.08114255516E8 1.03465290742E8 2.8722858E7 1.82417027557E8
1.00927501677E8 1.314419646E8 2.9528636E7 1.2741240606E7
1.1147813286E8 1.074270445E8 2.913098E7 4.14483961E7
1.0200762176E8 1.445362942E8 2.7993802E7 2.192494262E7
1.1420679757000002E8 1.148365982E8 2.886882E7 5748642.41
1.2742324479999998E8 9.358896913E7 2.6388528E7 1.37291621791E8
1.271251827898E8 9.7372338234E7 2.5584955E7 1.458310198122E8
1.10205842301E8 1.167752705E8 2.9229055E7 6619665.55
9.56704073E7 1.1577537317E8 3.3127201E7 2.147024795E7
1.2717494955999996E8 9.980154625E7 2.5909457E7 1.186341652E8
9.957982987E7 1.15223845117E8 3.2900987E7 633745.6449999999
1.25029436296E8 9.4341632543E7 2.5803666E7 1.9569732309E8
1.29575869287E8 9.3594410144E7 2.5251332E7 1.93623191401E8
1.1275019996999998E8 1.171864135E8 2.8729092E7 7157356.989999999
1.188175752E8 1.36283432E8 2.5820621E7 2.8678366E7
1.2132447988E8 1.057311212E8 2.5302713E7 2.083263494E8
8.5569020945E7 1.2927612278E8 3.713324E7 2468440.5297000003
1.10114293225E8 1.251483687E8 2.8157688E7 1.1892724016E7
1.1052970704E8 1.370326298E8 2.692005E7 1.9715265677E7
9.383775382000002E7 1.68011358E8 2.8332255E7 3.337070856E7
8.324599406E7 1.90349177E8 3.0974218E7 4.50624509E7
1.1848969488E8 9.8754114443E7 2.7587482E7 9.8656797544E7
1.31067048755E8 9.424596132E7 2.5308673E7 1.67621688965E8
1.1662237915373E8 1.331141933E8 2.6507041E7 1.82751307392E7
7.464692621000001E7 1.999463656E8 4.192439E7 3.33235283E7
9.8920005088E7 1.102341198343E8 3.1200743E7 1.369320623753E8
1.2422520674E8 9.919951291E7 2.5293773E7 2.0218187473E8
9.982095468E7 1.537547469E8 2.7088853E7 9.28851093E7
1.2557013039E8 1.0302183809E8 2.6479243E7 8.858342634E7
1.0586369361E8 1.1495755984E8 3.0641267E7 3347552.88
1.198417301E8 1.35039402E8 2.4685045E7 8.83368544E7
1.14330687741E8 1.02841527993E8 2.8968114E7 5.0583873244E7
7.4741945E7 1.862068206E8 4.3606638E7 2.39461244E7
9.36412927E7 1.83813424E8 2.7411984E7 6.2461587E7
1.0225629353E8 1.60941747E8 2.6863597E7 3.22070039E7
7.541189208999999E7 1.747856657E8 4.4554621E7 1.631268832E7
8.769919472100002E7 1.2246602476784E8 3.6033937E7 4.469811689777E7
7.454325885E7 1.952450695E8 4.2679218E7 2.99330975E7
1.0646969098E8 1.11675605552E8 3.123666E7 1099446.41
7.849335635999998E7 1.622125467E8 3.9251367E7 1.649360594E7
1.1256423278E8 1.07346772557E8 3.0701841E7 471663.824
1.1630550470000002E8 1.065576448E8 2.9317056E7 1.50475511E7
1.2122413941E8 1.026679509E8 2.7709285E7 5.73284812E7
1.1063298465000004E8 1.49182691E8 2.5890671E7 3.09131206E7
9.813355023000002E7 1.14303898731E8 3.3489552E7 7596129.487000001
1.24014812304E8 1.0130018908E8 2.6489845E7 9.719062931E7
7.494657506E7 2.05898941E8 4.1012744E7 3.7667723E7
1.1274659897699998E8 9.87384537857E7 2.8638103E7 1.993339326747E8
8.786261835E7 1.523032018E8 3.1367052E7 2.113290778E7
9.119225926E7 1.423857932E8 3.1157598E7 1.5727400682E7
9.3346156132E7 1.180454714193E8 3.4091042E7 1.26940173772E7
9.338288259E7 1.425397544E8 3.0389032E7 1.783342447E7
1.2420326133799998E8 9.32662726987E7 2.620791E7 1.896572003626E8
1.2284999070000002E8 1.010316632E8 2.7600527E7 6.343560095E7
1.3090664399E8 9.98402753E7 2.4711513E7 1.7139285636E8
1.11991798179E8 1.07016315665E8 3.0001412E7 1.45950786796E7
1.0549230553E8 1.0767545593E8 2.8865037E7 1.78976523368E8
1.03596827318E8 1.06899195815E8 2.9726772E7 1.65569923327E8
1.1740787004299998E8 1.00858302453E8 2.9289091E7 5.2171915696E7
9.8047535145E7 1.250252399E8 3.1174219E7 7327545.755000001
1.2016827459E8 1.032427008E8 2.8175633E7 4.450676311E7
1.182114711E8 1.32018259E8 2.651139E7 1.7691827E7
1.1987015279999998E8 1.43275751E8 2.5214646E7 3.40705472E7
1.3098254998999998E8 9.78189177E7 2.469667E7 1.8790132117E8
1.19029875775E8 1.1446293296E8 2.7673831E7 2.5195284479E7
1.183864328E8 1.38857055E8 2.5910725E7 2.2179163E7
1.230030094E8 9.705009393E7 2.6919158E7 1.07934936784E8
1.2802351313E8 1.027758802E8 2.527549E7 1.3383206912E8
1.1903102557000002E8 1.1848607003E8 2.6986822E7 3.45292065E7
1.18640527E8 1.257887957E8 2.7109615E7 1.36012944E7
7.459647698000002E7 1.903236177E8 4.3314655E7 2.66640367E7
1.010593201E8 1.2037840492E8 3.1031343E7 5232785.085999999
9.785052551E7 1.4707393787E8 2.7997158E7 8.045015448E7
1.1250328308400002E8 1.262045012E8 2.767309E7 1.29427756535E7
1.168161854E8 1.272379623E8 2.7073361E7 1.43108108E7
8.10751739E7 1.4274320778E8 4.1257146E7 3840293.384000001
9.192999182E7 1.95666609E8 2.7670486E7 6.7767798E7
1.19118812E8 1.51047255E8 2.4704571E7 4.27220014E7
1.145638948E8 1.67316708E8 2.4630037E7 4.77702337E7
1.22937265051E8 9.975107034E7 2.5729072E7 1.54391083507E8
9.338151934E7 1.477279784E8 2.9940617E7 2.0080971481E7
8.757360441800001E7 1.2905937609E8 3.5049577E7 3842965.933
9.010957802E7 1.68494042E8 2.9324545E7 3.200045034E7
9.365855867E7 1.61932506E8 2.8744406E7 2.942616263E7
1.05811602052E8 1.29281404E8 2.861456E7 1.3119903533E7
8.3361317347E7 1.3524975808999997E8 3.9033797E7 2952840.412
1.24447009394E8 9.792016874E7 2.7094352E7 9.02630476E7
1.2942804847E8 9.84166949E7 2.4683237E7 2.053841674E8
1.1583011867E8 1.055561145E8 2.6341771E7 2.0025772562E8
9.7866291258E7 1.2119710002E8 3.1893112E7 4372066.4896
1.0012631192E8 1.15630382359E8 3.2448838E7 1046757.242
1.0012022411E8 1.294473536E8 2.9972016E7 1.114642121E7
9.117232147E7 1.536610796E8 3.009313E7 2.295071414E7
1.144988206E8 1.24848968E8 2.7543439E7 1.26091723E7
1.107020811E8 1.74664431E8 2.4707449E7 6.3882691E7
8.503625411000001E7 1.83020152E8 3.0269433E7 3.9205337400000006E7
9.8613753E7 1.11421572078E8 3.2285296E7 5.8679332976E7
9.573475044E7 1.18479147437E8 3.3757386E7 598857.959
1.1926542765E8 9.998414129E7 2.7656985E7 8.047113238E7
1.1009405049000002E8 1.51711217E8 2.5910196E7 2.970760767E7
1.17473081831E8 1.0365938757E8 2.6508525E7 1.39185724646E8
8.583097672E7 1.4374782287E8 3.3126289E7 3.3085118833E7
1.1039930593000002E8 1.0930984112E8 3.0741432E7 666361.9789999999
1.1946595273E8 9.762395726E7 2.7275948E7 1.14526642767E8
1.16165176871E8 1.03945708271E8 2.9231385E7 2.7639429723E7
1.285417060176E8 9.071682807549E7 2.618645E7 1.8682370528277E8
8.565879885000001E7 1.63306854E8 3.1339217E7 2.636288443E7
9.792742169200002E7 1.112872133791E8 3.1452912E7 1.291659767673E8
9.88169163E7 1.1291623517E8 3.2072577E7 3.406594987E7
1.2301023957000002E8 1.315435493E8 2.4689296E7 8.43563186E7
1.1074995292000002E8 1.63802906E8 2.5309101E7 3.76787596E7
1.1853192570999998E8 1.0771477562E8 2.9518586E7 1658879.487
1.2931871529999998E8 9.401182008E7 2.5890199E7 1.4466237229E8
1.2626377308E8 9.73917709E7 2.6477017E7 1.0943815622E8
1.3056072246E8 1.023423941E8 2.4704103E7 1.609777453E8
9.63025672E7 1.85545181E8 2.6920866E7 5.646774E7
8.567828531E7 1.473721385E8 3.295914E7 1.577037815E7
1.1884467285E8 1.112119856E8 2.8922096E7 3998015.51
1.1267794640600002E8 1.313104162E8 2.7110467E7 1.6574202467999998E7
1.2019678478E8 1.048113276E8 2.5545798E7 2.0579776872E8
1.3009054112E8 9.0649026693E7 2.606139E7 1.75019922785E8
1.1464147991E8 1.1033235474E8 2.953316E7 2746316.08
1.1943959327E8 1.152617313E8 2.8311452E7 6760631.2
1.2859375397E8 1.006194292E8 2.5293952E7 1.3962807855E8
1.28710158548E8 9.6172279232E7 2.5873925E7 1.33740415451E8
9.039520383800004E7 1.2482885375E8 3.4319249E7 2984235.3901
1.207576133E8 1.47666055E8 2.4684705E7 4.68654498E7
1.2047643854E8 9.75503316E7 2.6724454E7 1.3273933568E8
1.14889359053E8 9.73879297617E7 2.821447E7 1.969248244734E8
8.124591042E7 1.429552247E8 3.9365251E7 6482738.436000001
1.1890033447E8 1.214063213E8 2.6430313E7 4.578529061E7
9.60586391873E7 1.2162211704E8 3.2506151E7 3539379.63386
1.1853042686999996E8 1.409131808E8 2.4512687E7 9.87643534E7
9.320034728E7 1.594968905E8 2.8436453E7 9.927127988E7
1.117992721E8 1.54636915E8 2.5311502E7 3.97067297E7
1.1137948179E8 1.219967663E8 2.8310914E7 1.00901710859E7
1.2348001614E8 1.006455727E8 2.7082409E7 7.96919371E7
1.1656093851400004E8 1.4077182E8 2.5874597E7 2.3263584638E7
1.1455289217E8 1.07481195358E8 3.01214E7 845353.527
9.5205685063E7 1.317909629E8 3.1110989E7 1.0461256507E7
1.0414398655400002E8 1.215479995E8 2.9992106E7 7336327.7115
1.0599174274E8 1.46675943E8 2.698046E7 2.521375757E7
1.1580866482999998E8 1.01025454887E8 2.8738166E7 6.442665334E7
1.17185639619E8 1.02890572562E8 2.8920691E7 3.6475238876E7
1.1427076262E8 1.201194544E8 2.8126678E7 9468184.5
1.0226094457999998E8 1.50359808E8 2.7508347E7 2.549824932E7
1.0619303210000002E8 1.76995659E8 2.5437592E7 5.2971698E7
1.1449833206000002E8 1.42284774E8 2.588614E7 2.63136401E7
1.1539882667E8 1.460780331E8 2.466941E7 1.035656845E8
1.0737784320000003E8 1.76195042E8 2.5277368E7 5.2962338E7
