1.147950895900000036e+08 1.446000623000000119e+08 2.482054100000000000e+07 9.447192190000000596e+07
1.006506021299999952e+08 1.151565729849999994e+08 3.240611300000000000e+07 8.978777959999999730e+05
1.188634589300000072e+08 1.178771525999999940e+08 2.750717800000000000e+07 2.096629355999999866e+07
1.186009619000000060e+08 1.535304380000000000e+08 2.455273800000000000e+07 4.794900800000000000e+07
1.161387738120000064e+08 1.049291861630000025e+08 3.057261300000000000e+07 2.763986328000000212e+06
1.190514432600000203e+08 1.047120613700000048e+08 3.012616900000000000e+07 1.172503929999999935e+06
1.192961209200000167e+08 1.077865902199999988e+08 2.945511300000000000e+07 1.744697132999999914e+06
1.192375483799999952e+08 1.153647330999999940e+08 2.830645300000000000e+07 6.805541599999999627e+06
1.082918008200000226e+08 1.335694327999999970e+08 2.766407700000000000e+07 1.667819565100000054e+07
1.167544909330000430e+08 1.047000086710000038e+08 3.005226800000000000e+07 6.981217643999999389e+06
1.122507579300000221e+08 1.596828930000000000e+08 2.527650800000000000e+07 3.496467705999999493e+07
1.274252495599999577e+08 9.962202904000000656e+07 2.586291300000000000e+07 1.207866525600000024e+08
1.113707570000000000e+08 1.573566750000000000e+08 2.520643400000000000e+07 4.348253989999999851e+07
1.264817238100000024e+08 9.693981890000000596e+07 2.651225500000000000e+07 1.101679449599999934e+08
1.135712855000000000e+08 1.611707210000000000e+08 2.470484000000000000e+07 5.333057139999999851e+07
1.043401499159999937e+08 1.118557379769999981e+08 3.259356500000000000e+07 2.719142925000000396e+05
1.186001359600000381e+08 1.465808980000000000e+08 2.523917800000000000e+07 2.995055760000000149e+07
1.250401469800000042e+08 1.028117003100000024e+08 2.633766200000000000e+07 9.507379731000000238e+07
1.168666514000000209e+08 1.340686690000000000e+08 2.640976700000000000e+07 1.884694730000000075e+07
1.188486157199999988e+08 1.130611837900000066e+08 2.824358400000000000e+07 1.442741067999999970e+07
1.117568412099999934e+08 1.082439932360000014e+08 3.071246200000000000e+07 3.804870990000001038e+05
1.134329426299999952e+08 1.426554150000000000e+08 2.590429600000000000e+07 2.931759939999999851e+07
1.099865640100000054e+08 1.098618627830000073e+08 3.065646200000000000e+07 1.052987450999999885e+06
1.199374347900000066e+08 1.153162410199999958e+08 2.728205000000000000e+07 3.282636014000000060e+07
1.211176003104999959e+08 1.025180401862999946e+08 2.872795500000000000e+07 3.158212348660000041e+07
1.035422567999999970e+08 1.158659741500000060e+08 3.115972800000000000e+07 2.907154629999999888e+06
1.207292597300000191e+08 1.372046185999999940e+08 2.449228400000000000e+07 9.207636559999999404e+07
1.179159560199999958e+08 1.212469140999999940e+08 2.689932200000000000e+07 3.236238542999999970e+07
9.746175976000000536e+07 1.173061290600000024e+08 3.313292300000000000e+07 8.685504150000000373e+05
1.173103750000000000e+08 1.558843530000000000e+08 2.469383100000000000e+07 4.190189520000000298e+07
1.291062623700000048e+08 9.509693159999999404e+07 2.581506800000000000e+07 1.413236528499999940e+08
9.507762329000002146e+07 1.188582176519999951e+08 3.394774200000000000e+07 6.444971629999999423e+05
7.935709111999998987e+07 1.515396550900000036e+08 4.569066100000000000e+07 2.463294336800000165e+06
1.112488780830000192e+08 1.273010210999999940e+08 2.771135300000000000e+07 1.382408193999999948e+07
8.462938262000000477e+07 1.392149393000000119e+08 3.487823800000000000e+07 9.658854266000000760e+06
9.706353870999999344e+07 1.465260553000000119e+08 2.903043100000000000e+07 2.093413760700000077e+07
1.225299588170000017e+08 9.919110019699999690e+07 2.771472800000000000e+07 7.010218548909999430e+07
1.098363571030000001e+08 1.320478335999999940e+08 2.748916800000000000e+07 1.632262872199999914e+07
1.162588974000000060e+08 1.277382652000000030e+08 2.705579400000000000e+07 1.468462480000000075e+07
1.180361603199999928e+08 1.115835175000000000e+08 2.891237900000000000e+07 4.245104469999999739e+06
1.169834241000000238e+08 1.214787142999999970e+08 2.766991500000000000e+07 1.068285300000000000e+07
1.195349050300000012e+08 1.002082984599999934e+08 2.783981100000000000e+07 7.156649486300000548e+07
1.259635337900000066e+08 1.013511666200000048e+08 2.649688100000000000e+07 9.297906470000000298e+07
1.291303780000000000e+08 9.238302703200000525e+07 2.592124800000000000e+07 1.577405049120000005e+08
8.300966280999998748e+07 1.350812126200000048e+08 4.071165500000000000e+07 2.657855817900000140e+07
1.077287206599999964e+08 1.111278560900000036e+08 3.103704600000000000e+07 1.009958814999999944e+06
1.175182315799999982e+08 1.010201731899999976e+08 2.645576100000000000e+07 1.943591634499999881e+08
8.964054119000001252e+07 1.244602600840000063e+08 3.545487500000000000e+07 1.116336442999999970e+06
1.146514193299999982e+08 1.206226187999999970e+08 2.802246100000000000e+07 9.772651699999999255e+06
1.299821830300000161e+08 9.788153020000000298e+07 2.470710700000000000e+07 1.964479663400000036e+08
1.309283946400000006e+08 1.005729620000000000e+08 2.466259000000000000e+07 1.710050100800000131e+08
1.000399769029999971e+08 1.090748518910000026e+08 3.094710800000000000e+07 1.457000374242999852e+08
8.792825037999999523e+07 1.877276820000000000e+08 2.902463500000000000e+07 4.383663700000000000e+07
1.086102045400000066e+08 1.133282702500000000e+08 3.021050500000000000e+07 3.305082919999999925e+06
1.186647016099999994e+08 1.462951966999999881e+08 2.432996300000000000e+07 1.118350552999999970e+08
1.118511155499999970e+08 1.100575985699999928e+08 3.007429700000000000e+07 1.968385441000000108e+06
9.053104311200001836e+07 1.187645441201999933e+08 3.463929700000000000e+07 6.996696515964999795e+07
1.094638402389999926e+08 1.267788920999999940e+08 2.812386900000000000e+07 1.260194856299999915e+07
1.312913179800000042e+08 9.091690223000000417e+07 2.563660300000000000e+07 1.796365204799999893e+08
8.987975141899999976e+07 1.260283932699999958e+08 3.430263200000000000e+07 3.523338651999999769e+06
1.162387094200000018e+08 1.032078277999999970e+08 2.782785000000000000e+07 7.449929559999999404e+07
1.305276669474000335e+08 9.392424097769999504e+07 2.528772900000000000e+07 1.736721549568000138e+08
1.207974329400000423e+08 1.290972427999999970e+08 2.529546700000000000e+07 6.495290579999999702e+07
1.185710332999999970e+08 1.321625510000000000e+08 2.648680200000000000e+07 1.776539889999999851e+07
9.244878126000002027e+07 1.720418670000000000e+08 2.846917800000000000e+07 3.533862076000000536e+07
8.663999455200001597e+07 1.297260870600000024e+08 3.554391000000000000e+07 3.819145668000000063e+06
1.269077384399999976e+08 9.344389248999999464e+07 2.605179200000000000e+07 1.541622197899999917e+08
1.188354871519999951e+08 1.044019844300000072e+08 2.936699300000000000e+07 1.465893589000000060e+07
1.216239095120000243e+08 1.013998682810000032e+08 2.831551400000000000e+07 4.509547179089999944e+07
1.224542382399999946e+08 1.317721060999999940e+08 2.469675100000000000e+07 8.462227140000000596e+07
1.048690994699999988e+08 1.596695850000000000e+08 2.643490600000000000e+07 3.235733367000000179e+07
1.077907822999999970e+08 1.789527630000000000e+08 2.506690500000000000e+07 6.436746200000000000e+07
1.078687001200000197e+08 1.484309530000000000e+08 2.649560000000000000e+07 2.711922530000000075e+07
1.253494478299999833e+08 9.816738892000000179e+07 2.521831700000000000e+07 2.046158715099999905e+08
1.136036000600000024e+08 1.199150126500000060e+08 2.764627000000000000e+07 2.748097403000000119e+07
7.863934790000000596e+07 1.522965684699999988e+08 4.390991600000000000e+07 6.945334673000000417e+06
1.034254466599999964e+08 1.551673878000000119e+08 2.627498600000000000e+07 1.097023510000000000e+08
1.148616935799999833e+08 1.555472700000000000e+08 2.504178800000000000e+07 3.607260089999999851e+07
1.213933531800000072e+08 1.023972617000000030e+08 2.759694800000000000e+07 6.134961560000000149e+07
1.168519341600000411e+08 1.496965580000000000e+08 2.526988400000000000e+07 2.895748282099999860e+07
1.295698508780000061e+08 9.499326554000000656e+07 2.505608200000000000e+07 1.954317040679999888e+08
9.772430501399998367e+07 1.109227777802000046e+08 3.214422700000000000e+07 1.307219486273999959e+08
1.169669191899999976e+08 1.162793129000000060e+08 2.832720100000000000e+07 7.207828099999999627e+06
9.363534713899999857e+07 1.151879800671000034e+08 3.342654800000000000e+07 9.763283391879999638e+07
9.100792094200000167e+07 1.199419336379999965e+08 3.368931700000000000e+07 7.892413400699999928e+07
1.053364392999999970e+08 1.522383210000000000e+08 2.668523100000000000e+07 2.977157730000000075e+07
1.145398337399999946e+08 1.106031217099999934e+08 2.952541600000000000e+07 2.792580140000000130e+06
1.287415487800000012e+08 1.005468277999999970e+08 2.503404500000000000e+07 1.534145090000000000e+08
8.576851182999999821e+07 1.471246030000000000e+08 3.294057000000000000e+07 1.565484222000000067e+07
1.302318502099999934e+08 9.769014973999999464e+07 2.529645200000000000e+07 1.492804326699999869e+08
1.167099284899999946e+08 1.149623230999999940e+08 2.852857600000000000e+07 6.376210410000000149e+06
7.570244436000001431e+07 2.074172120000000000e+08 3.966039500000000000e+07 4.033156200000000000e+07
9.193652997000004351e+07 1.213535353199999928e+08 3.474375900000000000e+07 1.214057915999999968e+06
1.052472062699999958e+08 1.561152181999999881e+08 2.592194000000000000e+07 1.109012435999999940e+08
1.047099684099999964e+08 1.164409302000000030e+08 3.067852300000000000e+07 3.968397640000000130e+06
1.244491930900000036e+08 1.027897563299999982e+08 2.702692600000000000e+07 7.247600112000000477e+07
7.457309021999999881e+07 2.040137450000000000e+08 4.758457200000000000e+07 2.732933600000000000e+07
8.664613216859999299e+07 1.240440972062299997e+08 3.694150500000000000e+07 3.377241447236400098e+07
9.369392506000000238e+07 1.197346899220000058e+08 3.424135600000000000e+07 1.025959082000000053e+06
8.510347491400000453e+07 1.282126665180000067e+08 3.844360300000000000e+07 3.020288955029999837e+07
8.756391359000001848e+07 1.264488095199999958e+08 3.616128000000000000e+07 1.688279322000000160e+06
1.026954095600000024e+08 1.651477460000000000e+08 2.658949600000000000e+07 3.504420324000000209e+07
8.714126124063801765e+07 1.859226110000000000e+08 2.920443900000000000e+07 4.667114220000000298e+07
9.553543726999999583e+07 1.218433975999999940e+08 3.253734800000000000e+07 5.195234453999999911e+06
1.116692352500000000e+08 1.145433742999999970e+08 2.931343900000000000e+07 5.017666799999999814e+06
1.167416928110000044e+08 1.406092480000000000e+08 2.586800500000000000e+07 2.323744039099999890e+07
8.344762385000000894e+07 1.725171810000000000e+08 3.173116100000000000e+07 3.504285310000000149e+07
1.171230027099999934e+08 1.048097572999999970e+08 2.817382500000000000e+07 5.003715610000000149e+07
1.251848795349999964e+08 9.189391070200000703e+07 2.655067700000000000e+07 1.884224697066999972e+08
8.580193103000000119e+07 1.548499310999999940e+08 3.205479300000000000e+07 2.088213525000000000e+07
8.099664796999999881e+07 1.430040547300000191e+08 4.126848800000000000e+07 3.962182842000000179e+06
1.100246351269999593e+08 1.025961519839999974e+08 2.825257700000000000e+07 1.737049658129999936e+08
1.210797182399999797e+08 1.257289007999999970e+08 2.556749000000000000e+07 6.182998285999999940e+07
9.601290206000000238e+07 1.211246226700000018e+08 3.263784700000000000e+07 3.125116180000000168e+06
1.099451921599999964e+08 1.638082150000000000e+08 2.543318500000000000e+07 3.709824457999999821e+07
8.432301567800001800e+07 1.327897296099999994e+08 3.859863500000000000e+07 2.270253570000000298e+06
1.105898373099999577e+08 1.214942089000000060e+08 2.851564100000000000e+07 9.539490442999999970e+06
1.268225902900000066e+08 1.031865229000000060e+08 2.476447400000000000e+07 1.775121706999999881e+08
1.010623417800000012e+08 1.731018410000000000e+08 2.653584700000000000e+07 4.140316470000000298e+07
1.299638089699999988e+08 9.368394979999999702e+07 2.573508200000000000e+07 1.520605984199999869e+08
7.898917121999999881e+07 1.868286120000000000e+08 3.529165100000000000e+07 3.547359470000000298e+07
1.142054176400000155e+08 1.011944910300000012e+08 2.835427400000000000e+07 8.865865333699999750e+07
9.284331115999999642e+07 1.364053910000000000e+08 3.132108400000000000e+07 1.230892337600000016e+07
1.058805516200000197e+08 1.113015897249999940e+08 3.159871600000000000e+07 6.859759729999999981e+05
1.127829927199999988e+08 1.313048217000000030e+08 2.701671300000000000e+07 1.906529380000000075e+07
7.667491681999999285e+07 1.627444655999999940e+08 4.521077200000000000e+07 8.951161310000000522e+06
1.273840262810000181e+08 9.197644600120000541e+07 2.585857900000000000e+07 1.909791039609999955e+08
1.200127491299999952e+08 1.210059311500000060e+08 2.627901400000000000e+07 4.980785060000000149e+07
1.182352095000000000e+08 1.395942870000000000e+08 2.585680200000000000e+07 2.268068160000000149e+07
8.717144839100000262e+07 1.232746546541000009e+08 3.641332100000000000e+07 4.010266532959999889e+07
1.208761782301000059e+08 9.714288664315000176e+07 2.652435300000000000e+07 1.460811850435299873e+08
9.057755834999999404e+07 1.337414794000000060e+08 3.250265300000000000e+07 9.505329188999999315e+06
7.728784931000000238e+07 1.588903825999999940e+08 4.546300600000000000e+07 6.639565030000000261e+06
1.300144068299999982e+08 1.030666702999999970e+08 2.465821500000000000e+07 1.629330924000000060e+08
1.046212047999999821e+08 1.771048730000000000e+08 2.559082700000000000e+07 5.663575000000000000e+07
9.791118565700000525e+07 1.216595738599999994e+08 3.178433200000000000e+07 4.794772104799999855e+06
1.107045012300000042e+08 1.645553480000000000e+08 2.527631700000000000e+07 3.860330120000000298e+07
1.052328821099999994e+08 1.505988179000000060e+08 2.611000900000000000e+07 1.045318665999999940e+08
1.138175742500000447e+08 1.079601756729999930e+08 3.013975300000000000e+07 1.017551388000000035e+06
1.001299690279999971e+08 1.145995584720000029e+08 3.341056800000000000e+07 3.290546389000000199e+05
1.117030570999999940e+08 1.183234652999999970e+08 2.873612900000000000e+07 7.711560299999999814e+06
9.431681350000000000e+07 1.938524660000000000e+08 2.719031700000000000e+07 6.819670400000000000e+07
9.304199267000000179e+07 1.185135013700000048e+08 3.487106300000000000e+07 7.198992030000000261e+06
1.286059664176000059e+08 9.069805907548999786e+07 2.618027400000000000e+07 1.868338852827700078e+08
7.455025289000000060e+07 1.962944371999999881e+08 4.254922900000000000e+07 3.063431589999999851e+07
8.150656319000001252e+07 1.949341280000000000e+08 3.238193900000000000e+07 4.481257500000000000e+07
9.053626587000000477e+07 1.291287147800000012e+08 3.331270600000000000e+07 6.032748899999999441e+06
1.067786080400000215e+08 1.030247306949999928e+08 2.982208000000000000e+07 1.937653539981999993e+08
1.232758903069999963e+08 1.013813851860000044e+08 2.689860500000000000e+07 8.356251829999999702e+07
1.056878146200000048e+08 1.118823660049999952e+08 3.114908200000000000e+07 5.682117616000000387e+06
1.059646011900000423e+08 1.316018515000000000e+08 2.832577000000000000e+07 1.478516055299999937e+07
8.818647109000000358e+07 1.299100129000000060e+08 3.429888400000000000e+07 6.866046809999999590e+06
8.568053720999999344e+07 1.889874690000000000e+08 2.973870200000000000e+07 4.348763820000000298e+07
8.981184962000000477e+07 1.850632580000000000e+08 2.832255100000000000e+07 5.927158700000000000e+07
9.224638203000000119e+07 1.647779080000000000e+08 2.894258700000000000e+07 3.059592567000000179e+07
8.748686859999999404e+07 1.982537240000000000e+08 2.882386300000000000e+07 6.169610900000000000e+07
9.778878140000000596e+07 1.818241760000000000e+08 2.661303500000000000e+07 6.331438900000000000e+07
1.125934779699999988e+08 1.496119050000000000e+08 2.560374900000000000e+07 3.119467669999999925e+07
9.966547335999999940e+07 1.346206120000000000e+08 2.943597800000000000e+07 1.598753730000000075e+07
1.109692949689999968e+08 1.234243125000000000e+08 2.822872400000000000e+07 1.077162089660000056e+07
8.283259570999999344e+07 1.585254616999999881e+08 3.352247600000000000e+07 2.177723860999999940e+07
1.156012136800000072e+08 1.288756484500000030e+08 2.573557700000000000e+07 7.086250546000000834e+07
8.279100311100000143e+07 1.369190074500000179e+08 3.940151000000000000e+07 3.320329653000000399e+06
1.200050511299999952e+08 1.226205177000000030e+08 2.643935600000000000e+07 3.974741639999999851e+07
1.098290496800000072e+08 1.439776100000000000e+08 2.648476600000000000e+07 2.409216848000000045e+07
1.113491766099999845e+08 1.413004510000000000e+08 2.643826300000000000e+07 2.277874641000000015e+07
9.230562740999999642e+07 1.835150930000000000e+08 2.801325100000000000e+07 4.379405729999999702e+07
1.108685732000000179e+08 1.791708660000000000e+08 2.466993900000000000e+07 6.624310500000000000e+07
1.217875776200000048e+08 9.534508934499999881e+07 2.695772500000000000e+07 1.362308078079999983e+08
1.155311185859999657e+08 1.039324975279999971e+08 2.931351100000000000e+07 2.836272094500000030e+07
1.213746727499999553e+08 1.035893872000000030e+08 2.809611200000000000e+07 4.287851750000000000e+07
1.264917350999999940e+08 1.036988277999999970e+08 2.469916900000000000e+07 1.912758146999999881e+08
1.169986592000000179e+08 1.581792710000000000e+08 2.470594700000000000e+07 4.070764250000000000e+07
7.508006557000000775e+07 2.078768200000000000e+08 4.072955200000000000e+07 3.909539860000000149e+07
9.720521923999999464e+07 1.169401576299999952e+08 3.081012200000000000e+07 1.364497618300000131e+08
