8.905810906999999285e+07 1.640234700000000000e+08 2.996286900000000000e+07 2.860939896000000089e+07
1.182022140000000000e+08 1.391005190000000000e+08 2.589888800000000000e+07 2.233131050000000000e+07
9.763084644200000167e+07 1.297899975999999940e+08 3.062788800000000000e+07 1.028905646799999848e+07
1.201751376539999992e+08 1.123710668799999952e+08 2.812784800000000000e+07 1.750461183699999750e+07
1.190019073400000036e+08 1.249726932999999970e+08 2.707221400000000000e+07 1.556635440000000037e+07
1.018660486400000155e+08 1.149149860000000000e+08 3.191681600000000000e+07 1.559257773999999976e+06
1.163572657999999970e+08 1.197289340999999940e+08 2.793978100000000000e+07 9.422228699999999255e+06
1.141103044500000179e+08 1.078621702430000007e+08 3.011084400000000000e+07 9.879949529999999795e+05
1.184829331099999994e+08 1.078703575900000036e+08 2.950447700000000000e+07 1.662818570000000065e+06
1.156144846159999669e+08 1.041091388369999975e+08 2.995737700000000000e+07 1.634076036600000039e+07
1.181678357399999946e+08 1.156504967000000030e+08 2.832054300000000000e+07 6.932530099999999627e+06
1.225151732730000168e+08 9.917722429899999499e+07 2.772888300000000000e+07 6.991985010830000043e+07
1.183267088799999803e+08 1.115154485999999940e+08 2.891577700000000000e+07 4.083461140000000130e+06
1.180029159000000060e+08 1.325969210000000000e+08 2.647030200000000000e+07 1.802048260000000149e+07
1.262348968400000036e+08 9.282525172200000286e+07 2.586644700000000000e+07 1.930872991376000047e+08
1.100439196190000027e+08 1.212035927000000030e+08 2.865478000000000000e+07 9.235995697399999946e+06
1.122449492000000179e+08 1.218484964000000060e+08 2.820789500000000000e+07 1.003074109999999963e+07
1.230053812610000074e+08 9.293764844599999487e+07 2.686482800000000000e+07 1.903911139436999857e+08
1.079526732699999958e+08 1.146109329800000042e+08 3.014382400000000000e+07 3.953877089999999851e+06
1.026419124300000072e+08 1.523511220000000000e+08 2.728585200000000000e+07 2.697546439000000060e+07
1.170216090000000000e+08 1.601241440000000000e+08 2.463693500000000000e+07 4.274534870000000298e+07
1.169233494000000060e+08 1.271653180999999940e+08 2.705660400000000000e+07 1.441099030000000075e+07
1.042906317189999968e+08 1.118579772880000025e+08 3.258306600000000000e+07 2.895492923000000301e+05
1.172787588800000399e+08 1.593370910000000000e+08 2.471251100000000000e+07 3.980516370000000298e+07
1.271345170900000036e+08 1.033001125999999940e+08 2.582215400000000000e+07 1.099538693700000048e+08
9.804183809999999404e+07 1.166302967989999950e+08 3.317234600000000000e+07 6.095068510000000242e+05
8.843350318999999762e+07 1.747286910000000000e+08 2.947157600000000000e+07 3.516266377000000328e+07
1.118511473900000006e+08 1.325847927999999970e+08 2.712019600000000000e+07 1.703485644599999860e+07
1.190389387000000030e+08 1.524061660000000000e+08 2.465254900000000000e+07 4.341795710000000149e+07
1.206799251959999949e+08 1.011397776099999994e+08 2.809923900000000000e+07 5.400482786999999732e+07
1.147191991200000197e+08 1.012548552680000067e+08 2.917410600000000000e+07 6.512739975500000268e+07
1.127296931560000032e+08 1.380021430000000000e+08 2.651777800000000000e+07 2.081411045699999854e+07
1.188229429099999964e+08 1.163493599800000042e+08 2.720394500000000000e+07 3.430210729999999702e+07
1.127198925699999779e+08 1.130978544599999934e+08 2.934998300000000000e+07 4.362813740000000224e+06
1.210215448200000226e+08 1.041209505199999958e+08 2.889487200000000000e+07 2.229804794000000134e+07
1.197433768900000006e+08 1.166017375999999940e+08 2.756730100000000000e+07 2.150518553999999911e+07
1.163967550000000000e+08 1.214862537999999970e+08 2.771469200000000000e+07 1.070090309999999963e+07
7.521977775000000000e+07 1.776124113000000119e+08 4.408428000000000000e+07 1.830384773000000045e+07
1.032069335500000417e+08 1.541669118000000119e+08 2.634977800000000000e+07 1.077491182000000030e+08
8.518988815999999642e+07 1.340967786500000060e+08 3.554073600000000000e+07 6.238169513000000268e+06
1.209557301299999952e+08 1.139040272800000012e+08 2.756191800000000000e+07 2.751222439000000060e+07
1.086719080600000024e+08 1.039994554870000035e+08 3.013488100000000000e+07 7.819714656299999356e+07
1.143093319200000018e+08 1.051258744099999964e+08 2.933796700000000000e+07 2.754729621000000089e+07
1.236521740300000012e+08 9.391715571699999273e+07 2.670678200000000000e+07 1.498805739979999959e+08
1.294222781099999994e+08 9.615445223000000417e+07 2.503461600000000000e+07 1.803569295300000012e+08
9.392933485999999940e+07 1.204250548599999994e+08 3.370088300000000000e+07 1.741292458000000101e+06
1.236966445900000334e+08 1.030049153599999994e+08 2.739600500000000000e+07 6.136584396999999881e+07
1.059638195400000066e+08 1.110032357119999975e+08 3.174198700000000000e+07 5.556687419999999693e+05
8.965712856700000167e+07 1.284369669500000030e+08 3.385027100000000000e+07 5.314712666999999434e+06
1.260129606599999964e+08 9.788056570000000298e+07 2.657086900000000000e+07 1.042581746800000072e+08
1.242302168860000074e+08 9.549727389599999785e+07 2.722570600000000000e+07 1.122099471110000014e+08
1.017455259000000060e+08 1.874565380000000000e+08 2.591963600000000000e+07 6.760304200000000000e+07
9.928530606999999285e+07 1.138023113700000048e+08 3.297909000000000000e+07 6.730713030000000261e+06
1.184209188439999968e+08 9.534004239390000701e+07 2.758479700000000000e+07 1.938878565171999931e+08
8.381724341000001132e+07 1.950696310000000000e+08 3.054495400000000000e+07 4.816154129999999702e+07
1.313766729800000191e+08 1.008774249000000060e+08 2.456915200000000000e+07 1.756609490999999940e+08
9.098419501999999583e+07 1.466601490000000000e+08 3.078542600000000000e+07 1.839511920000000298e+07
8.992165330000001192e+07 1.333924304699999988e+08 3.271772700000000000e+07 1.304130724000000022e+07
9.280578043000000715e+07 1.495305204000000060e+08 2.994107400000000000e+07 2.107536598000000045e+07
1.161450030100000054e+08 1.030385675999999940e+08 2.780799300000000000e+07 7.700711550000000000e+07
9.418691087999999523e+07 1.356729600999999940e+08 3.096584500000000000e+07 1.246114484500000067e+07
1.295487401500000060e+08 1.009197279000000060e+08 2.515688700000000000e+07 1.432119235399999917e+08
1.229963199000000060e+08 9.983860959999999404e+07 2.706877500000000000e+07 8.505076750000000000e+07
9.841694035400001705e+07 1.102473428473999947e+08 3.193185900000000000e+07 1.345970960731000006e+08
1.128595745000000000e+08 1.734280930000000000e+08 2.454865000000000000e+07 5.805583300000000000e+07
1.153518662559999824e+08 1.200477718250000030e+08 2.699560300000000000e+07 4.313046261800000072e+07
1.195307416600000411e+08 1.246575412999999970e+08 2.625289400000000000e+07 4.162797320000000298e+07
9.345324601000000536e+07 1.183849513700000048e+08 3.482520600000000000e+07 5.822831330000000075e+06
1.055076684210000038e+08 1.269839644000000060e+08 2.894687600000000000e+07 1.148866224300000072e+07
1.209047230799999982e+08 1.284600135999999940e+08 2.518442500000000000e+07 7.194014381999999285e+07
1.250184961700000465e+08 1.012793640999999940e+08 2.497396600000000000e+07 2.088902758799999952e+08
9.273208501399999857e+07 1.305082502000000030e+08 3.212840800000000000e+07 8.524906676999999210e+06
8.109667803000001609e+07 1.427820761200000048e+08 4.032887000000000000e+07 5.096405048000000417e+06
9.754264829999999702e+07 1.487456260000000000e+08 2.872017500000000000e+07 2.259041033999999985e+07
1.061965489200000018e+08 1.107182139000000060e+08 2.826371500000000000e+07 1.883848609499999881e+08
1.282087372167000175e+08 9.632741122560000420e+07 2.583994400000000000e+07 1.353437001383999884e+08
1.154941632500000000e+08 1.359328144000000060e+08 2.531317500000000000e+07 7.128074829999999702e+07
1.126308050400000066e+08 1.280841449000000060e+08 2.741264700000000000e+07 1.502910276999999955e+07
1.060463279400000423e+08 1.035998806949999928e+08 2.996090100000000000e+07 1.888495039981999993e+08
1.101223685990000069e+08 1.005366756937000006e+08 2.917010500000000000e+07 2.021495179492000043e+08
1.264342386899999976e+08 9.812326709999999404e+07 2.641262500000000000e+07 1.078839627000000030e+08
1.182852555657999963e+08 1.474516170000000000e+08 2.530861300000000000e+07 2.770650926585999876e+07
1.100349771100000441e+08 1.120947722800000012e+08 3.009494800000000000e+07 2.850939890000000130e+06
9.985767235000002384e+07 1.396831437700000107e+08 2.809077900000000000e+07 7.202673671000000834e+07
1.118752537199999988e+08 1.499261450000000000e+08 2.578859600000000000e+07 2.822927782099999860e+07
1.195862610999999940e+08 1.286542105999999940e+08 2.651178700000000000e+07 2.275243460000000149e+07
1.147796972999999970e+08 1.617863710000000000e+08 2.457400900000000000e+07 5.302949700000000000e+07
9.061435798999999464e+07 1.365090510000000000e+08 3.207085100000000000e+07 1.205355488000000082e+07
1.229733323799999952e+08 1.030429019000000060e+08 2.652371300000000000e+07 9.271501360999999940e+07
1.122932691200000048e+08 1.039317558100000024e+08 2.735623600000000000e+07 1.919560359099999964e+08
1.106525033999999762e+08 1.764936370000000000e+08 2.471351400000000000e+07 6.238983400000000000e+07
1.098172253840000033e+08 1.258111627999999970e+08 2.814359300000000000e+07 1.219782876999999769e+07
1.274193461599999964e+08 1.023182895999999940e+08 2.514225500000000000e+07 1.446592002500000000e+08
8.754542119900001585e+07 1.240752304405999929e+08 3.686830900000000000e+07 1.104910381980000064e+07
9.338374582400000095e+07 1.236665134000000060e+08 3.308510800000000000e+07 3.970488843200000934e+06
9.885020870999999344e+07 1.158534326200000048e+08 3.300883400000000000e+07 6.528281790000000037e+05
8.533119634000000358e+07 1.308566617699999958e+08 3.636369200000000000e+07 4.889971832999999635e+06
1.313676440799999982e+08 9.294705320000000298e+07 2.530677800000000000e+07 1.782414309000000060e+08
1.099680935000000000e+08 1.109850401400000006e+08 3.033492000000000000e+07 2.101699578000000212e+06
7.899796343199999630e+07 1.523772463199999928e+08 4.566571200000000000e+07 2.936512490000000224e+06
1.263783604200000018e+08 9.344850901999999583e+07 2.609187100000000000e+07 1.563020839399999976e+08
1.308052668900000006e+08 9.572394556000000238e+07 2.527568800000000000e+07 1.600006379799999893e+08
9.309767129999998212e+07 1.857345270000000000e+08 2.762428100000000000e+07 5.124907239999999851e+07
1.118497192600000054e+08 1.099473389399999976e+08 3.009234900000000000e+07 1.929515753000000026e+06
1.125441926100000441e+08 1.073535165269999951e+08 3.068624400000000000e+07 5.371097449999999953e+05
1.105408917400000393e+08 1.544297910000000000e+08 2.573067700000000000e+07 3.084457042999999970e+07
1.002763969399999976e+08 1.485270140000000000e+08 2.796654300000000000e+07 2.705127630000000075e+07
1.033572994099999964e+08 1.337825335999999940e+08 2.868627700000000000e+07 1.520662425799999945e+07
1.210618405499999970e+08 1.399055939000000060e+08 2.432526600000000000e+07 1.037956647000000030e+08
9.896395318500000238e+07 1.219625574000000060e+08 3.141238200000000000e+07 5.342150815199999139e+06
1.168423327000000030e+08 1.411196720000000000e+08 2.562061200000000000e+07 3.001602480000000075e+07
1.006709464109999985e+08 1.088733292520000041e+08 3.063035600000000000e+07 1.492433603066000044e+08
8.975740434150001407e+07 1.210741131877100021e+08 3.553686700000000000e+07 1.398629248833999969e+07
8.411051919999998808e+07 1.433422579000000060e+08 3.457271000000000000e+07 1.214221005000000075e+07
8.612566669000001252e+07 1.488290914000000060e+08 3.256294200000000000e+07 1.696251453000000119e+07
1.272366123400000036e+08 9.882682629000000656e+07 2.566179900000000000e+07 1.334889774699999988e+08
7.712347529999999702e+07 1.598033364000000060e+08 4.542998100000000000e+07 7.170349340000000782e+06
9.289137940000000596e+07 1.767035660000000000e+08 2.797189900000000000e+07 4.458966579999999702e+07
1.190775511529999971e+08 1.043776547199999988e+08 2.942270700000000000e+07 1.313478258599999920e+07
1.187743796800000072e+08 1.268626152000000030e+08 2.590445400000000000e+07 5.087031707000000030e+07
1.285995621400000155e+08 9.323593095999999344e+07 2.586509500000000000e+07 1.544127619300000072e+08
1.073991434200000018e+08 1.067162169870000035e+08 3.023165900000000000e+07 4.508794547699999809e+07
8.035460709999999404e+07 1.473208815000000000e+08 3.965587400000000000e+07 8.301824190000000410e+06
1.101310499800000042e+08 1.705893690000000000e+08 2.488218300000000000e+07 5.652402200000000000e+07
1.189681300849999934e+08 1.047442916659999937e+08 2.990236400000000000e+07 3.617170049000000115e+06
8.352767179000002146e+07 1.438930830999999940e+08 3.501507600000000000e+07 1.212788041000000015e+07
1.169582237699999809e+08 1.120898312099999934e+08 2.892525700000000000e+07 4.500309669999999925e+06
1.246849812800000012e+08 9.239245756810000539e+07 2.636594900000000000e+07 1.906629811938999891e+08
1.166011111700000167e+08 1.093506506800000072e+08 2.942918100000000000e+07 2.480674339999999851e+06
8.721770572000002861e+07 1.532610256100000143e+08 3.122117400000000000e+07 5.697588067999999970e+07
1.252345175999999940e+08 9.554985717000000179e+07 2.638668900000000000e+07 1.289442134699999988e+08
1.059037301099999994e+08 1.123734498190000057e+08 3.123730400000000000e+07 1.328506364999999991e+06
1.205611120760000050e+08 1.013644935004000068e+08 2.852740900000000000e+07 4.297736129209999740e+07
9.738120187000000477e+07 1.145721813700000048e+08 3.289969600000000000e+07 1.686439623000000045e+07
1.011695981180000156e+08 1.076971343842999935e+08 3.116323900000000000e+07 1.552073080352999866e+08
1.166337886500000060e+08 1.343587700999999940e+08 2.536434400000000000e+07 6.501026420000000298e+07
9.074395181700000167e+07 1.185083744300999939e+08 3.454918100000000000e+07 7.176493631213000417e+07
1.167944633410000205e+08 9.627475792389999330e+07 2.782927700000000000e+07 1.962201657251000106e+08
8.964465520499998331e+07 1.245502634300000072e+08 3.495108500000000000e+07 2.164640905999999959e+06
9.523110668000000715e+07 1.501727455999999940e+08 2.913176300000000000e+07 2.413239080000000075e+07
1.126933644000000209e+08 1.566523800000000000e+08 2.514735700000000000e+07 3.945126150000000000e+07
9.251480204999999702e+07 1.165110864458999932e+08 3.363429800000000000e+07 8.976868694359999895e+07
1.129582479300000072e+08 1.040654923299999982e+08 2.900147600000000000e+07 5.170589203000000119e+07
9.910233090000000596e+07 1.796384790000000000e+08 2.641179200000000000e+07 6.267682700000000000e+07
8.315822942199997604e+07 1.358661636699999869e+08 3.925283900000000000e+07 2.973150615000000224e+06
1.145987532099999785e+08 1.497894520000000000e+08 2.530489400000000000e+07 3.398811289999999851e+07
9.477501370600000024e+07 1.255797105000000000e+08 3.220732300000000000e+07 5.864491268000000156e+06
7.899387712999999523e+07 1.517297083000000119e+08 4.201297700000000000e+07 7.465954220000000671e+06
8.069058915999998152e+07 1.441523822199999988e+08 4.103681500000000000e+07 4.877413661000000313e+06
8.855986076999999583e+07 1.569092304000000060e+08 3.071284800000000000e+07 2.368130926999999955e+07
1.066978624399999976e+08 1.089562415199999958e+08 3.096019200000000000e+07 1.651852364000000060e+07
8.098007108000001311e+07 1.589642673000000119e+08 3.552126500000000000e+07 1.978830898999999836e+07
1.271630009699999839e+08 1.028712340000000000e+08 2.470416500000000000e+07 1.835630849000000060e+08
1.040852357399999946e+08 1.158322610999999940e+08 3.097866900000000000e+07 3.238000640000000130e+06
1.190946005499999970e+08 1.208501157999999970e+08 2.632082800000000000e+07 5.138188986999999732e+07
1.189341036899999529e+08 1.025873400000000000e+08 2.769502400000000000e+07 6.689180139999999851e+07
8.143050727500000596e+07 1.421508931300000548e+08 4.185989400000000000e+07 2.708121682000000030e+06
8.774419579999999702e+07 1.949959310000000000e+08 2.880667500000000000e+07 5.242178960000000149e+07
1.309247470000000000e+08 9.060752129700000584e+07 2.585509700000000000e+07 1.759809930990000069e+08
8.762997160999999940e+07 1.808518730000000000e+08 2.941332300000000000e+07 3.869945794000000507e+07
1.141875339200000018e+08 1.004198641899999976e+08 2.809977700000000000e+07 1.111038554159999937e+08
1.265341768900000006e+08 1.010306087000000030e+08 2.493458100000000000e+07 1.767563840300000012e+08
9.591842257999998331e+07 1.175992447939999998e+08 3.413869500000000000e+07 6.247326350000000093e+05
1.011603993400000036e+08 1.109680690919999927e+08 3.216202500000000000e+07 2.696533538300000131e+07
1.229964030799999982e+08 1.035681483100000024e+08 2.700412700000000000e+07 7.289596470000000298e+07
1.157098237810000032e+08 1.027606546060000062e+08 2.884494700000000000e+07 4.576103930099999905e+07
9.390060118000000715e+07 1.148954569819999933e+08 3.332927400000000000e+07 1.000905374071999937e+08
1.213680892199999988e+08 1.225937715999999940e+08 2.588566700000000000e+07 5.748192649000000209e+07
8.556308893500001729e+07 1.292436439699999988e+08 3.713222000000000000e+07 2.639468342999999877e+06
1.185410594899999946e+08 1.033980185999999940e+08 2.825937600000000000e+07 4.704938413000000268e+07
1.131135108959999979e+08 1.038232959930000007e+08 2.982301300000000000e+07 3.373304770000000298e+07
8.671655965400001407e+07 1.279650768100000024e+08 3.612864800000000000e+07 2.551549563200000208e+06
7.510571605999998748e+07 2.081858270000000000e+08 4.068078600000000000e+07 3.930809600000000000e+07
9.876953160999999940e+07 1.394425105999999940e+08 2.922726400000000000e+07 1.716051484500000253e+07
8.754292927200001478e+07 1.323640562500000000e+08 3.427779600000000000e+07 6.393556126000001095e+06
1.205293457099999934e+08 1.061443645999999940e+08 2.541559600000000000e+07 2.085506854000000060e+08
8.230559635600000620e+07 1.803320390000000000e+08 3.208185900000000000e+07 3.632264079999999702e+07
9.147999401999999583e+07 1.218854171069999933e+08 3.492949500000000000e+07 1.045886079999999958e+06
8.772973315100000799e+07 1.232155930203000009e+08 3.627953600000000000e+07 1.772874622949999943e+07
1.053328855000000000e+08 1.390078240999999940e+08 2.765146600000000000e+07 2.291771369999999925e+07
1.212381076400000155e+08 1.032676530999999940e+08 2.824889900000000000e+07 4.014236234000000358e+07
1.094272597900000215e+08 1.077132087399999946e+08 3.108670400000000000e+07 6.174086472000000067e+06
1.268568443799999952e+08 9.745142479999999702e+07 2.623417200000000000e+07 1.167623697000000030e+08
1.232627627000000030e+08 1.329517044000000060e+08 2.455123400000000000e+07 8.916211770000000298e+07
9.559922098000000417e+07 1.383483423000000119e+08 3.019884400000000000e+07 1.510714337900000066e+07
1.284008147000000030e+08 9.378306720000000298e+07 2.601005200000000000e+07 1.440039048100000024e+08
1.085995224599999934e+08 1.584879910000000000e+08 2.585462800000000000e+07 3.279468555000000075e+07
1.081142555160000026e+08 1.034652907419999987e+08 2.872285800000000000e+07 1.824170275570000112e+08
1.009275016770000011e+08 1.314419645999999940e+08 2.952863600000000000e+07 1.274124060600000061e+07
