1.107173089899999946e+08 1.095983024000000060e+08 3.055868600000000000e+07 9.888009059999999590e+05
1.199756632399999797e+08 1.107887765000000000e+08 2.893025000000000000e+07 3.804907379999999888e+06
1.169561200000000000e+08 1.276390244000000060e+08 2.701929600000000000e+07 1.460889619999999925e+07
1.201385702000000179e+08 1.414139860000000000e+08 2.522982400000000000e+07 3.690949720000000298e+07
1.114781328599999994e+08 1.074270445000000000e+08 2.913098000000000000e+07 4.144839610000000149e+07
1.020076217600000054e+08 1.445362941999999881e+08 2.799380200000000000e+07 2.192494262000000104e+07
1.185133739099999964e+08 1.078717556700000018e+08 2.949435800000000000e+07 1.723883341999999946e+06
1.101999265970000178e+08 1.222173885000000000e+08 2.847511900000000000e+07 1.041103869999999925e+07
1.142067975700000226e+08 1.148365982000000030e+08 2.886882000000000000e+07 5.748642410000000149e+06
1.274232447999999821e+08 9.358896912999999523e+07 2.638852800000000000e+07 1.372916217910000086e+08
1.187286005999999940e+08 1.392095040000000000e+08 2.586750100000000000e+07 2.245054789999999851e+07
1.271251827898000032e+08 9.737233823399999738e+07 2.558495500000000000e+07 1.458310198122000098e+08
1.248431349699999988e+08 1.014009459000000060e+08 2.688653000000000000e+07 8.110303781999999285e+07
1.102058423009999990e+08 1.167752705000000000e+08 2.922905500000000000e+07 6.619665549999999814e+06
7.722524710999999940e+07 1.590456644699999988e+08 4.541747500000000000e+07 9.830633073000000790e+06
9.567040729999999702e+07 1.157753731700000018e+08 3.312720100000000000e+07 2.147024794999999925e+07
1.005054120499999970e+08 1.120657642999999970e+08 3.138256600000000000e+07 4.257994877000000328e+07
1.172421805400000066e+08 1.120244075999999940e+08 2.893567200000000000e+07 4.256679709999999963e+06
1.191144940975999981e+08 1.049183170754899979e+08 3.004377900000000000e+07 1.015842482770000002e+06
1.179155200999999940e+08 1.320880180999999940e+08 2.651499300000000000e+07 1.777127480000000075e+07
1.179945890000000447e+08 1.566709250000000000e+08 2.459191600000000000e+07 4.419147039999999851e+07
1.214793282700000405e+08 1.171930011299999952e+08 2.667312300000000000e+07 4.477437125000000000e+07
1.207329395663000047e+08 1.027773620129999965e+08 2.881036000000000000e+07 2.927054293809999898e+07
1.300100386949999928e+08 9.253713676999999583e+07 2.585031500000000000e+07 1.558122197030000091e+08
1.149184882039999962e+08 1.319046492000000030e+08 2.678758600000000000e+07 1.727133412729999796e+07
1.185986301000000238e+08 1.258982959000000060e+08 2.710117100000000000e+07 1.365641069999999925e+07
1.290429447460999787e+08 9.057983861791999638e+07 2.612908900000000000e+07 1.870029484282299876e+08
1.295453710600000024e+08 9.381100529999999702e+07 2.556008700000000000e+07 1.611936170999999940e+08
1.299821830300000161e+08 9.788153020000000298e+07 2.470710700000000000e+07 1.964479663400000036e+08
1.271749495599999577e+08 9.980154625000000000e+07 2.590945700000000000e+07 1.186341652000000030e+08
9.957982987000000477e+07 1.152238451169999987e+08 3.290098700000000000e+07 6.337456449999999022e+05
1.129910484860000163e+08 9.872306223450000584e+07 2.849986000000000000e+07 1.830937667105999887e+08
1.199062560000000000e+08 1.040444000000000000e+08 2.935092800000000000e+07 1.438867000000000000e+07
1.145833087999999821e+08 1.252901147000000030e+08 2.749856200000000000e+07 1.277216080000000075e+07
1.016446922000000030e+08 1.875285410000000000e+08 2.593517400000000000e+07 6.762456800000000000e+07
1.164836323000000417e+08 1.608866260000000000e+08 2.464364600000000000e+07 4.325614400000000000e+07
1.119916980170000046e+08 1.329341977999999970e+08 2.707152700000000000e+07 1.726155101599999890e+07
1.161944719500000179e+08 1.427726410000000000e+08 2.570194600000000000e+07 2.602147220000000298e+07
1.312935704400000423e+08 9.071960607299999893e+07 2.573144500000000000e+07 1.770917143269999921e+08
1.299695230800000429e+08 9.771792537999999523e+07 2.528030600000000000e+07 1.503919875800000131e+08
1.250294362960000038e+08 9.434163254299999774e+07 2.580366600000000000e+07 1.956973230900000036e+08
9.688942001999999583e+07 1.174990809669999927e+08 3.362853500000000000e+07 4.372888649999999907e+05
1.175128031400000006e+08 1.039826268819999993e+08 2.930656400000000000e+07 2.114556312400000170e+07
1.176721026120000184e+08 1.478989270000000000e+08 2.531265400000000000e+07 2.794651371200000122e+07
1.295758692870000005e+08 9.359441014399999380e+07 2.525133200000000000e+07 1.936231914009999931e+08
1.127501999699999839e+08 1.171864135000000000e+08 2.872909200000000000e+07 7.157356989999999292e+06
1.188175752000000030e+08 1.362834320000000000e+08 2.582062100000000000e+07 2.867836600000000000e+07
9.511558565999999642e+07 1.193470691609999985e+08 3.371379300000000000e+07 8.685504250000000466e+05
1.147643659800000191e+08 1.075115747249999940e+08 3.010384100000000000e+07 7.445454919999999693e+05
1.033343761899999976e+08 1.356215410999999940e+08 2.850130300000000000e+07 1.648081160500000045e+07
8.917378671399998665e+07 1.204530654835000038e+08 3.528024600000000000e+07 5.765496216476999968e+07
9.127403435999998450e+07 1.219150826469999999e+08 3.565415100000000000e+07 6.878513979999999283e+05
1.195368405900000036e+08 1.210842914099999964e+08 2.660562800000000000e+07 3.898159959000000358e+07
1.290834241599999964e+08 9.711190923000000417e+07 2.566738500000000000e+07 1.370464533300000131e+08
1.235035160199999809e+08 9.776695709999999404e+07 2.695229800000000000e+07 9.900328612000000477e+07
1.213244798799999952e+08 1.057311212000000030e+08 2.530271300000000000e+07 2.083263494000000060e+08
8.697634430000001192e+07 1.984124790000000000e+08 2.900223400000000000e+07 6.030881400000000000e+07
8.556902094499999285e+07 1.292761227800000012e+08 3.713324000000000000e+07 2.468440529700000305e+06
1.101142932249999940e+08 1.251483687000000030e+08 2.815768800000000000e+07 1.189272401600000076e+07
7.913279417199999094e+07 1.520489632899999917e+08 4.567553100000000000e+07 2.751002506000000052e+06
9.325637957999999821e+07 1.209033773850000054e+08 3.426353600000000000e+07 8.789439259999999776e+05
1.121915601500000060e+08 1.142982539000000060e+08 2.924866200000000000e+07 5.049126169999999925e+06
1.242642612300000191e+08 1.024694966200000048e+08 2.712256300000000000e+07 7.070626329999999702e+07
1.221500047900000066e+08 1.236237902999999970e+08 2.573249200000000000e+07 5.931731228999999911e+07
1.105297070400000066e+08 1.370326298000000119e+08 2.692005000000000000e+07 1.971526567700000107e+07
1.166301755999999940e+08 1.487453830000000000e+08 2.496484400000000000e+07 4.317721350000000000e+07
1.113682289100000411e+08 1.109438816899999976e+08 2.999300300000000000e+07 2.502299340000000317e+06
1.134195009599999934e+08 1.022131486500000060e+08 2.835906800000000000e+07 8.711240815000000596e+07
8.660045531100000441e+07 1.241450966375000030e+08 3.697660200000000000e+07 3.177844012668000162e+07
1.136531650999999940e+08 1.623544570000000000e+08 2.465292600000000000e+07 5.480572400000000000e+07
9.383775382000002265e+07 1.680113580000000000e+08 2.833225500000000000e+07 3.337070855999999866e+07
1.168170802600000054e+08 1.506416900000000000e+08 2.522010100000000000e+07 2.959927751700000092e+07
8.324599406000000238e+07 1.903491770000000000e+08 3.097421800000000000e+07 4.506245089999999851e+07
1.184896948799999952e+08 9.875411444300000370e+07 2.758748200000000000e+07 9.865679754399999976e+07
1.310670487549999952e+08 9.424596131999999285e+07 2.530867300000000000e+07 1.676216889650000036e+08
1.186940123400000036e+08 9.518950455689999461e+07 2.753503500000000000e+07 1.942107220216999948e+08
1.198991224800000042e+08 1.151049697999999970e+08 2.825381900000000000e+07 7.983293900000000373e+06
1.166223791537300050e+08 1.331141932999999970e+08 2.650704100000000000e+07 1.827513073919999972e+07
7.464692621000000834e+07 1.999463655999999940e+08 4.192439000000000000e+07 3.332352830000000075e+07
9.892000508799999952e+07 1.102341198342999965e+08 3.120074300000000000e+07 1.369320623752999902e+08
1.242252067399999946e+08 9.919951290999999642e+07 2.529377300000000000e+07 2.021818747299999893e+08
9.982095468000000715e+07 1.537547469000000060e+08 2.708885300000000000e+07 9.288510929999999702e+07
8.906920659999999404e+07 1.937978070000000000e+08 2.835240300000000000e+07 6.412931400000000000e+07
1.191045063299999982e+08 1.210354082399999946e+08 2.634505200000000000e+07 4.969038609000000358e+07
1.255701303900000006e+08 1.030218380900000036e+08 2.647924300000000000e+07 8.858342634000000358e+07
1.121042136400000006e+08 1.418391140000000000e+08 2.630138100000000000e+07 2.312537044299999997e+07
1.058636936099999994e+08 1.149575598400000036e+08 3.064126700000000000e+07 3.347552879999999888e+06
1.183865920170000046e+08 1.150262515999999940e+08 2.773562200000000000e+07 2.303090482000000030e+07
1.198417300999999940e+08 1.350394020000000000e+08 2.468504500000000000e+07 8.833685440000000596e+07
1.211681582999999821e+08 1.310833117999999970e+08 2.496249400000000000e+07 7.477154020000000298e+07
1.143306877409999967e+08 1.028415279930000007e+08 2.896811400000000000e+07 5.058387324400000274e+07
7.474194500000000000e+07 1.862068205999999940e+08 4.360663800000000000e+07 2.394612439999999851e+07
1.154764665150000155e+08 1.208915434599999934e+08 2.686007800000000000e+07 4.502393485000000149e+07
9.239131843299999833e+07 1.257101630499999970e+08 3.314734000000000000e+07 4.579266193399999291e+06
9.575523315999999642e+07 1.177262995629999936e+08 3.418336900000000000e+07 6.341439470000000438e+05
1.157933816099999994e+08 1.466327640999999940e+08 2.459959500000000000e+07 1.097038322999999970e+08
9.364129270000000298e+07 1.838134240000000000e+08 2.741198400000000000e+07 6.246158700000000000e+07
1.105984252999999970e+08 1.813814740000000000e+08 2.470000100000000000e+07 6.726293300000000000e+07
1.022562935300000012e+08 1.609417470000000000e+08 2.686359700000000000e+07 3.220700389999999851e+07
1.104745457199999988e+08 1.647848850000000000e+08 2.530569600000000000e+07 3.852996500000000000e+07
7.541189208999998868e+07 1.747856656999999881e+08 4.455462100000000000e+07 1.631268832000000030e+07
8.769919472100001574e+07 1.224660247678399980e+08 3.603393700000000000e+07 4.469811689777000248e+07
7.454325884999999404e+07 1.952450695000000000e+08 4.267921800000000000e+07 2.993309750000000000e+07
1.064696909800000042e+08 1.116756055520000011e+08 3.123666000000000000e+07 1.099446409999999916e+06
7.643003389000001550e+07 1.645382914000000060e+08 4.519058200000000000e+07 9.979632699999999255e+06
1.116609232900000066e+08 1.282722150999999940e+08 2.750350300000000000e+07 1.584515669999999925e+07
1.188513560000000000e+08 1.518654610000000000e+08 2.458707000000000000e+07 4.818770489999999851e+07
7.849335635999998450e+07 1.622125466999999881e+08 3.925136700000000000e+07 1.649360593999999948e+07
1.020045714699999988e+08 1.138529185699999928e+08 3.235573800000000000e+07 5.413850010000000475e+05
8.888412818000000715e+07 1.277519956200000048e+08 3.440248900000000000e+07 5.180939100999999791e+06
1.125642327800000012e+08 1.073467725569999963e+08 3.070184100000000000e+07 4.716638240000000224e+05
1.106063955499999970e+08 1.140790852800000012e+08 2.958665500000000000e+07 4.540163980000000447e+06
9.654470026000000536e+07 1.519507170000000000e+08 2.868497900000000000e+07 2.472167910999999940e+07
1.163055047000000179e+08 1.065576447999999970e+08 2.931705600000000000e+07 1.504755109999999963e+07
8.525294394000002742e+07 1.897913170000000000e+08 2.989065200000000000e+07 4.389844039999999851e+07
1.212241394099999964e+08 1.026679509000000060e+08 2.770928500000000000e+07 5.732848120000000298e+07
1.189225962400000244e+08 1.468502210000000000e+08 2.520793700000000000e+07 3.018532589999999851e+07
1.106043488700000048e+08 1.440600820000000000e+08 2.628845100000000000e+07 2.595695180000000075e+07
1.106329846500000358e+08 1.491826910000000000e+08 2.589067100000000000e+07 3.091312060000000149e+07
9.813355023000001907e+07 1.143038987310000062e+08 3.348955200000000000e+07 7.596129487000000663e+06
1.240148123040000051e+08 1.013001890799999982e+08 2.648984500000000000e+07 9.719062931000000238e+07
8.624055277000001073e+07 1.880048610000000000e+08 2.956649500000000000e+07 4.304518889999999851e+07
1.264984226299999952e+08 9.647024620000000298e+07 2.634601400000000000e+07 1.186538459500000030e+08
7.494657506000000238e+07 2.058989410000000000e+08 4.101274400000000000e+07 3.766772300000000000e+07
1.038427273400000036e+08 1.127801993930000067e+08 3.194954400000000000e+07 5.850213390000000363e+05
1.135367601599999964e+08 1.487755450000000000e+08 2.564864600000000000e+07 2.788277428400000185e+07
1.175197202000000030e+08 1.206415654000000060e+08 2.772692900000000000e+07 1.023450800000000000e+07
1.127465989769999832e+08 9.873845378569999337e+07 2.863810300000000000e+07 1.993339326746999919e+08
1.133256185100000203e+08 1.116121680000000000e+08 2.949964100000000000e+07 3.465688040000000037e+06
1.167384478000000417e+08 1.172268779000000060e+08 2.823525200000000000e+07 7.710285899999999441e+06
8.786261834999999404e+07 1.523032018000000119e+08 3.136705200000000000e+07 2.113290778000000119e+07
9.119225926000000536e+07 1.423857931999999881e+08 3.115759800000000000e+07 1.572740068200000003e+07
9.334615613199999928e+07 1.180454714193000048e+08 3.409104200000000000e+07 1.269401737719999999e+07
1.266489209899999946e+08 1.022176550000000000e+08 2.581674300000000000e+07 1.144538878799999952e+08
9.338288259000000358e+07 1.425397544000000060e+08 3.038903200000000000e+07 1.783342446999999881e+07
1.242032613379999846e+08 9.326627269869999588e+07 2.620791000000000000e+07 1.896572003625999987e+08
1.228499907000000179e+08 1.010316632000000030e+08 2.760052700000000000e+07 6.343560095000000298e+07
1.309066439899999946e+08 9.984027529999999702e+07 2.471151300000000000e+07 1.713928563600000143e+08
1.055754065999999940e+08 1.845721980000000000e+08 2.535837600000000000e+07 6.718993300000000000e+07
1.094133122460000068e+08 1.026640865419999957e+08 2.843255500000000000e+07 1.841494592669999897e+08
1.119917981790000051e+08 1.070163156650000066e+08 3.000141200000000000e+07 1.459507867960000038e+07
8.976796216000002623e+07 1.237460976519999951e+08 3.616405100000000000e+07 6.444971629999999423e+05
9.138680817000001669e+07 1.961456530000000000e+08 2.778768800000000000e+07 6.768325900000000000e+07
1.294661651099999994e+08 9.965083190000000596e+07 2.456790100000000000e+07 2.087812856399999857e+08
1.054923055300000012e+08 1.076754559300000072e+08 2.886503700000000000e+07 1.789765233680000007e+08
9.132710160999999940e+07 1.226198895380000025e+08 3.495400900000000000e+07 8.790669619999999413e+05
1.035968273180000037e+08 1.068991958149999976e+08 2.972677200000000000e+07 1.655699233269999921e+08
9.264552125000000000e+07 1.642777120000000000e+08 2.884246800000000000e+07 3.082579630000000075e+07
8.064522828499999642e+07 1.444717035200000107e+08 4.208728500000000000e+07 3.617429381000000052e+06
1.174078700429999828e+08 1.008583024529999942e+08 2.928909100000000000e+07 5.217191569600000232e+07
9.804753514499999583e+07 1.250252399000000060e+08 3.117421900000000000e+07 7.327545755000000820e+06
1.207226635499999970e+08 1.148212468400000036e+08 2.736994400000000000e+07 3.065859991000000015e+07
1.229199395199999958e+08 1.321150302999999970e+08 2.460934800000000000e+07 8.832166470000000298e+07
1.281868104699999988e+08 9.961007315000000596e+07 2.522112400000000000e+07 1.491056174499999881e+08
1.201682745900000036e+08 1.032427007999999970e+08 2.817563300000000000e+07 4.450676310999999940e+07
