1.310008027500000000e+08 9.056352084100000560e+07 2.574748100000000000e+07 1.808879194199999869e+08
1.268639648599999994e+08 9.716118259999999404e+07 2.625221200000000000e+07 1.175185055000000000e+08
1.225608145600000024e+08 1.003504304000000060e+08 2.730833100000000000e+07 7.586718543000000715e+07
9.769410540999999642e+07 1.173156252129999995e+08 3.289356600000000000e+07 1.344757861000000034e+06
1.196185956379999965e+08 1.009817897099999934e+08 2.813907100000000000e+07 5.766179080900000036e+07
1.182114710999999940e+08 1.320182590000000000e+08 2.651139000000000000e+07 1.769182700000000000e+07
1.125125446300000399e+08 1.078127318379999995e+08 3.054377600000000000e+07 4.786831550000000279e+05
1.198701527999999821e+08 1.432757510000000000e+08 2.521464600000000000e+07 3.407054720000000298e+07
1.035626932699999958e+08 1.161261991200000048e+08 3.108378600000000000e+07 3.182364399999999907e+06
1.212035978700000048e+08 1.369010250999999940e+08 2.445529700000000000e+07 9.397255779999999702e+07
1.169499035000000000e+08 1.527487790000000000e+08 2.508149300000000000e+07 3.160979578000000119e+07
1.184442502720000446e+08 1.041745743599999994e+08 2.931463800000000000e+07 1.753715585500000045e+07
1.166447673999999762e+08 1.606682960000000000e+08 2.467668700000000000e+07 4.180619939999999851e+07
1.169791003099999577e+08 1.413518170000000000e+08 2.579697800000000000e+07 2.368158854800000042e+07
1.309825499899999797e+08 9.781891770000000298e+07 2.469667000000000000e+07 1.879013211699999869e+08
1.176773648380000442e+08 9.575586613289999962e+07 2.771357800000000000e+07 1.942865032897999883e+08
1.178301989599999934e+08 1.081609505699999928e+08 2.950601000000000000e+07 1.811974679999999935e+06
1.181392349319999963e+08 1.473036760000000000e+08 2.530789800000000000e+07 2.797100007000000030e+07
1.246760551599999815e+08 1.031263184599999934e+08 2.639166000000000000e+07 9.273355765000000596e+07
1.295636188199999928e+08 9.548042079000000656e+07 2.499508700000000000e+07 1.963180338799999952e+08
1.190298757750000060e+08 1.144629329599999934e+08 2.767383100000000000e+07 2.519528447899999842e+07
1.263239765199999958e+08 9.912029581000000238e+07 2.584555800000000000e+07 1.264915143499999940e+08
1.183864327999999970e+08 1.388570550000000000e+08 2.591072500000000000e+07 2.217916300000000000e+07
1.156066085869999975e+08 1.191376416219999939e+08 2.715357800000000000e+07 3.880486400900000334e+07
1.230030094000000060e+08 9.705009393000000715e+07 2.691915800000000000e+07 1.079349367839999944e+08
1.294866223199999928e+08 9.338400875000000000e+07 2.579249700000000000e+07 1.530380930900000036e+08
1.201969040400000066e+08 1.201944029000000060e+08 2.634900600000000000e+07 4.925062374000000209e+07
1.173790459000000060e+08 1.214516180000000000e+08 2.764992000000000000e+07 1.065235600000000000e+07
8.670102521430000663e+07 1.239415667921099961e+08 3.687844000000000000e+07 3.553915792685999721e+07
1.000643252800000012e+08 1.154297793250000030e+08 3.256555700000000000e+07 8.339413050000000512e+05
1.280235131299999952e+08 1.027758802000000030e+08 2.527549000000000000e+07 1.338320691200000048e+08
1.190310255700000226e+08 1.184860700300000012e+08 2.698682200000000000e+07 3.452920650000000000e+07
1.183890020200000405e+08 1.113756535000000000e+08 2.892275800000000000e+07 4.101585160000000149e+06
1.086326518100000024e+08 1.100411456679999977e+08 3.110280600000000000e+07 5.438281230000000214e+05
1.186405270000000000e+08 1.257887957000000030e+08 2.710961500000000000e+07 1.360129440000000037e+07
7.459647698000001907e+07 1.903236176999999881e+08 4.331465500000000000e+07 2.666403669999999925e+07
1.263273743299999982e+08 1.029787062000000030e+08 2.583072900000000000e+07 1.119461067600000054e+08
1.010593200999999940e+08 1.203784049200000018e+08 3.103134300000000000e+07 5.232785085999999195e+06
1.224304182489999831e+08 1.034921449969999939e+08 2.809412700000000000e+07 4.186509851500000060e+07
7.639112133000001311e+07 1.648455170000000000e+08 4.517050800000000000e+07 1.016680865000000037e+07
1.014763307999999970e+08 1.143666319870000035e+08 3.238986600000000000e+07 6.133731599999999162e+05
9.785052551000000536e+07 1.470739378700000048e+08 2.799715800000000000e+07 8.045015448000000417e+07
1.125032830840000212e+08 1.262045012000000030e+08 2.767309000000000000e+07 1.294277565350000001e+07
1.168161854000000060e+08 1.272379622999999970e+08 2.707336100000000000e+07 1.431081080000000075e+07
1.115728664800000042e+08 1.055304587900000066e+08 2.734423200000000000e+07 1.931394578700000048e+08
8.107517390000000596e+07 1.427432077800000012e+08 4.125714600000000000e+07 3.840293384000001010e+06
1.186678342300000191e+08 1.464839816999999881e+08 2.432666900000000000e+07 1.121693017999999970e+08
9.363938431000000238e+07 1.205655939870000035e+08 3.405979300000000000e+07 1.006705059000000008e+06
1.163707921520000249e+08 1.351517460000000000e+08 2.633890900000000000e+07 1.974812450000000000e+07
9.192999181999999285e+07 1.956666090000000000e+08 2.767048600000000000e+07 6.776779800000000000e+07
9.312624048499998450e+07 1.226902197600000054e+08 3.345240400000000000e+07 2.915773989800000098e+06
1.314514473159999996e+08 9.364772637999999523e+07 2.520057000000000000e+07 1.790304861250000000e+08
9.162307582999998331e+07 1.221306738750000000e+08 3.596774700000000000e+07 3.519539000000000233e+05
8.137089332999998331e+07 1.414806690699999928e+08 4.027798400000000000e+07 5.681430573000000790e+06
1.191188120000000000e+08 1.510472550000000000e+08 2.470457100000000000e+07 4.272200139999999851e+07
1.147602190100000054e+08 1.575664670000000000e+08 2.510587500000000000e+07 3.375596717999999970e+07
1.145638947999999970e+08 1.673167080000000000e+08 2.463003700000000000e+07 4.777023370000000298e+07
1.166890607099999934e+08 1.165462097999999970e+08 2.831540900000000000e+07 7.376465500000000000e+06
1.270217649200000167e+08 9.323656117399999499e+07 2.659570000000000000e+07 1.400329142159999907e+08
1.065344679699999988e+08 1.104962224220000058e+08 3.193937500000000000e+07 3.577496160000000382e+05
1.136819908400000334e+08 1.519705640000000000e+08 2.526709800000000000e+07 3.605230570000000298e+07
1.229372650509999990e+08 9.975107034000000358e+07 2.572907200000000000e+07 1.543910835069999993e+08
9.338151934000000358e+07 1.477279784000000060e+08 2.994061700000000000e+07 2.008097148099999875e+07
1.201028726040000021e+08 1.025958321120000035e+08 2.875524400000000000e+07 3.237102027199999988e+07
1.302258438900000155e+08 9.781933531000000238e+07 2.517304200000000000e+07 1.549445420099999905e+08
8.757360441800001264e+07 1.290593760900000036e+08 3.504957700000000000e+07 3.842965933000000194e+06
9.010957801999999583e+07 1.684940420000000000e+08 2.932454500000000000e+07 3.200045033999999985e+07
1.236780180000000000e+08 9.803603379999999702e+07 2.613746300000000000e+07 1.327978639000000060e+08
9.365855867000000179e+07 1.619325060000000000e+08 2.874440600000000000e+07 2.942616262999999896e+07
1.182114442999999970e+08 1.458069480000000000e+08 2.513424000000000000e+07 3.530286420000000298e+07
1.076176625900000036e+08 1.545314428000000119e+08 2.556607700000000000e+07 1.107701395000000000e+08
1.124243017800000161e+08 1.135027110000000000e+08 2.934747300000000000e+07 4.460379490000000224e+06
1.029882162800000012e+08 1.138340724029999971e+08 3.195064000000000000e+07 8.541529139999999898e+05
1.058116020520000011e+08 1.292814040000000000e+08 2.861456000000000000e+07 1.311990353299999982e+07
1.263338112199999988e+08 9.210284635799999535e+07 2.652430400000000000e+07 1.659339795230000019e+08
1.146393282899999768e+08 1.147783992999999970e+08 2.884480700000000000e+07 5.645510300000000745e+06
8.336131734700000286e+07 1.352497580899999738e+08 3.903379700000000000e+07 2.952840412000000011e+06
1.157014917899999768e+08 1.096206262399999946e+08 2.952281200000000000e+07 2.381770589999999851e+06
1.249801874169999957e+08 9.198287449590000510e+07 2.657552200000000000e+07 1.888268901261000037e+08
1.119588005349999964e+08 1.239731865999999940e+08 2.799524800000000000e+07 1.139972846110000089e+07
7.864005881599999964e+07 1.533526805999999940e+08 4.563759200000000000e+07 3.487660248000000138e+06
7.784820584499998391e+07 1.559069264699999988e+08 4.505232500000000000e+07 7.584918073000000790e+06
1.244470093939999938e+08 9.792016873999999464e+07 2.709435200000000000e+07 9.026304759999999404e+07
1.147822035999999940e+08 1.223162227999999970e+08 2.780055800000000000e+07 1.093912240000000037e+07
1.247358596300000399e+08 1.005760570999999940e+08 2.507608400000000000e+07 2.061398440399999917e+08
1.309424602999999970e+08 1.012280959000000060e+08 2.462752700000000000e+07 1.703107325999999940e+08
1.294280484699999988e+08 9.841669490000000596e+07 2.468323700000000000e+07 2.053841674000000060e+08
1.158301186700000018e+08 1.055561145000000000e+08 2.634177100000000000e+07 2.002577256200000048e+08
9.786629125800000131e+07 1.211971000199999958e+08 3.189311200000000000e+07 4.372066489599999972e+06
1.144662097300000042e+08 1.077127975450000018e+08 3.010962600000000000e+07 8.150173399999999674e+05
1.027462750100000203e+08 1.346143903000000119e+08 2.874188000000000000e+07 1.553326184699999914e+07
1.259787064530000389e+08 9.942428487999999523e+07 2.620336000000000000e+07 1.109175269220000058e+08
1.001263119200000018e+08 1.156303823589999974e+08 3.244883800000000000e+07 1.046757241999999969e+06
9.109457384000000358e+07 1.229878601599999964e+08 3.454222300000000000e+07 1.775478091999999946e+06
9.305263427500000596e+07 1.262623940000000000e+08 3.272132800000000000e+07 5.565442143000000156e+06
9.658079729999999702e+07 1.853531200000000000e+08 2.679622700000000000e+07 6.447851000000000000e+07
1.245657035069999993e+08 9.357564873199999332e+07 2.604561600000000000e+07 1.928808792012999952e+08
1.219621401099999994e+08 1.264787497000000030e+08 2.547591900000000000e+07 6.196877060999999940e+07
8.514271911000001431e+07 1.344603837100000083e+08 3.548665300000000000e+07 6.491157707000000402e+06
1.209418185900000036e+08 1.024273807000000030e+08 2.770774000000000000e+07 5.912451260000000149e+07
1.001202241099999994e+08 1.294473535999999940e+08 2.997201600000000000e+07 1.114642121000000089e+07
9.117232146999999881e+07 1.536610795999999940e+08 3.009313000000000000e+07 2.295071414000000060e+07
1.209045171400000006e+08 1.266670682000000030e+08 2.535398000000000000e+07 6.920973706999999285e+07
8.794862140000000596e+07 1.851229560000000000e+08 2.888266300000000000e+07 5.733367100000000000e+07
9.145406073999999464e+07 1.881230650000000000e+08 2.782273400000000000e+07 6.310676400000000000e+07
1.144988205999999940e+08 1.248489680000000000e+08 2.754343900000000000e+07 1.260917230000000075e+07
1.107020810999999940e+08 1.746644310000000000e+08 2.470744900000000000e+07 6.388269100000000000e+07
8.589791240000000596e+07 1.971107450000000000e+08 2.944350200000000000e+07 5.371927429999999702e+07
1.216766151490000039e+08 9.360548710289999843e+07 2.706622500000000000e+07 1.914583317008000016e+08
8.503625411000001431e+07 1.830201520000000000e+08 3.026943300000000000e+07 3.920533740000000596e+07
1.127636862800000012e+08 1.177669727999999970e+08 2.864910500000000000e+07 7.518958800000000745e+06
8.787245605000001192e+07 1.222285501565600038e+08 3.590846800000000000e+07 4.654157289001999795e+07
1.255628729399999827e+08 9.692294639000000060e+07 2.533127500000000000e+07 2.018518145200000107e+08
9.861375300000000000e+07 1.114215720779999942e+08 3.228529600000000000e+07 5.867933297600000352e+07
7.720502146000000834e+07 1.632882691999999881e+08 4.677543100000000000e+07 6.901287790000000037e+06
1.278984498490000069e+08 9.381995294499999285e+07 2.625405200000000000e+07 1.366107722129999995e+08
9.573475043999999762e+07 1.184791474370000064e+08 3.375738600000000000e+07 5.988579590000000317e+05
1.199491307999999970e+08 1.322951110000000000e+08 2.499278700000000000e+07 7.433833468000000715e+07
1.192654276500000060e+08 9.998414129000000656e+07 2.765698500000000000e+07 8.047113237999999523e+07
1.100940504900000244e+08 1.517112170000000000e+08 2.591019600000000000e+07 2.970760767000000179e+07
1.098668940600000024e+08 1.439620030000000000e+08 2.639168000000000000e+07 2.658021750000000000e+07
1.191480756400000006e+08 1.047708403400000036e+08 3.006269800000000000e+07 1.327931247999999905e+06
1.069419829699999988e+08 1.686460730000000000e+08 2.566686000000000000e+07 4.122625800000000000e+07
1.174730818310000002e+08 1.036593875699999928e+08 2.650852500000000000e+07 1.391857246459999979e+08
8.583097671999999881e+07 1.437478228700000048e+08 3.312628900000000000e+07 3.308511883300000057e+07
1.143328824210000038e+08 1.374736330000000000e+08 2.637299300000000000e+07 2.070002420600000024e+07
7.502873596999999881e+07 1.846663945000000000e+08 4.555267600000000000e+07 2.003281753999999911e+07
1.103993059300000221e+08 1.093098411200000048e+08 3.074143200000000000e+07 6.663619789999999339e+05
1.194659527300000042e+08 9.762395726000000536e+07 2.727594800000000000e+07 1.145266427670000046e+08
1.278588774699999839e+08 9.509019109999999404e+07 2.583335900000000000e+07 1.443111575399999917e+08
8.298253151000000536e+07 1.943628290000000000e+08 3.114212300000000000e+07 4.659395879999999702e+07
1.161651768710000068e+08 1.039457082709999979e+08 2.923138500000000000e+07 2.763942972300000116e+07
8.843076984700000286e+07 1.258059075699999928e+08 3.542420600000000000e+07 2.447490123000000138e+06
1.285417060175999999e+08 9.071682807548999786e+07 2.618645000000000000e+07 1.868237052827700078e+08
9.222471776999999583e+07 1.839138030000000000e+08 2.773127200000000000e+07 6.158812200000000000e+07
1.184237422319999784e+08 1.044992761630000025e+08 2.988025400000000000e+07 6.101448327999999747e+06
1.143428521620000452e+08 1.297256810999999940e+08 2.707990700000000000e+07 1.557750546690000035e+07
8.565879885000000894e+07 1.633068540000000000e+08 3.133921700000000000e+07 2.636288442999999970e+07
1.104665630540000200e+08 1.220363724000000060e+08 2.846804900000000000e+07 9.889901580900000408e+06
9.792742169200001657e+07 1.112872133790999949e+08 3.145291200000000000e+07 1.291659767672999948e+08
9.881691629999999702e+07 1.129162351700000018e+08 3.207257700000000000e+07 3.406594986999999732e+07
1.230102395700000226e+08 1.315435492999999970e+08 2.468929600000000000e+07 8.435631859999999404e+07
1.107499529200000167e+08 1.638029060000000000e+08 2.530910100000000000e+07 3.767875960000000149e+07
1.112683472900000215e+08 1.355184675999999940e+08 2.691327200000000000e+07 1.930587632000000030e+07
1.300438507599999756e+08 1.032435095999999940e+08 2.466679200000000000e+07 1.615910844000000060e+08
