1.159881534300000072e+08 1.499505070000000000e+08 2.531368200000000000e+07 2.931321921999999881e+07
1.185319257099999785e+08 1.077147756200000048e+08 2.951858600000000000e+07 1.658879486999999965e+06
1.188805075399999768e+08 1.395782690000000000e+08 2.574300000000000000e+07 2.485392069999999925e+07
1.293187152999999821e+08 9.401182007999999821e+07 2.589019900000000000e+07 1.446623722899999917e+08
1.161811555000000000e+08 1.280314750000000000e+08 2.703758400000000000e+07 1.483037650000000000e+07
1.184361087750000060e+08 1.043016712049999982e+08 2.994609400000000000e+07 6.350416126999999397e+06
1.262331248599999845e+08 9.797231012999999523e+07 2.514567700000000000e+07 1.906334769199999869e+08
1.262637730799999982e+08 9.739177090000000596e+07 2.647701700000000000e+07 1.094381562199999988e+08
1.192148592399999797e+08 1.458360570000000000e+08 2.527093800000000000e+07 2.924146220000000298e+07
1.305607224599999934e+08 1.023423940999999940e+08 2.470410300000000000e+07 1.609777453000000119e+08
1.192658987000000030e+08 1.512875200000000000e+08 2.468781500000000000e+07 4.285830300000000000e+07
1.251535144899999946e+08 9.785530159000000358e+07 2.691313100000000000e+07 9.479970992000000179e+07
9.611440004999999702e+07 1.176775438729999959e+08 3.441224600000000000e+07 3.544587710000000079e+05
9.630256720000000298e+07 1.855451810000000000e+08 2.692086600000000000e+07 5.646774000000000000e+07
8.567828531000000238e+07 1.473721385000000000e+08 3.295914000000000000e+07 1.577037815000000037e+07
1.188157260000000000e+08 1.440947160000000000e+08 2.528507500000000000e+07 3.165653270000000298e+07
1.122621568499999940e+08 1.077862524379999936e+08 3.059951300000000000e+07 5.317756729999999516e+05
1.125946787300000042e+08 1.144466104000000060e+08 2.917460100000000000e+07 5.115678830000000075e+06
1.211432573299999982e+08 1.263340734000000060e+08 2.573709900000000000e+07 5.335979310000000149e+07
1.187294850000000000e+08 1.131042150000000000e+08 2.794868500000000000e+07 2.205484080000000075e+07
1.190814203739999831e+08 1.039408536099999994e+08 2.933790000000000000e+07 1.642840164369999990e+07
1.188446728499999940e+08 1.112119855999999940e+08 2.892209600000000000e+07 3.998015509999999776e+06
1.126779464060000181e+08 1.313104162000000030e+08 2.711046700000000000e+07 1.657420246799999848e+07
1.201967847800000012e+08 1.048113275999999940e+08 2.554579800000000000e+07 2.057977687199999988e+08
1.105370008000000417e+08 1.732418240000000000e+08 2.475156300000000000e+07 6.083909300000000000e+07
9.980361501999999583e+07 1.152194060980000049e+08 3.302018700000000000e+07 3.811947110000000102e+05
1.272767298700000048e+08 9.111021737000000477e+07 2.632319900000000000e+07 1.855912762299999893e+08
1.078711062099999934e+08 1.105592685310000032e+08 3.128350100000000000e+07 4.363525100000000093e+05
9.851502728800000250e+07 1.597125220000000000e+08 2.710154700000000000e+07 1.095702449000000060e+08
1.300905411200000048e+08 9.064902669300000370e+07 2.606139000000000000e+07 1.750199227849999964e+08
1.190060839000000209e+08 1.531264740000000000e+08 2.453731800000000000e+07 4.834060429999999702e+07
1.032411462300000042e+08 1.136554262769999951e+08 3.191639400000000000e+07 8.218553170000000391e+05
1.146414799099999964e+08 1.103323547399999946e+08 2.953316000000000000e+07 2.746316080000000075e+06
1.221985774459999949e+08 1.004348899050000012e+08 2.794038300000000000e+07 5.791059600999999791e+07
1.299821830300000161e+08 9.788153020000000298e+07 2.470710700000000000e+07 1.964479663400000036e+08
1.013974831899999976e+08 1.106614945080000013e+08 3.213519800000000000e+07 2.935773419299999997e+07
1.116184407000000030e+08 1.810945340000000000e+08 2.458614100000000000e+07 6.777519200000000000e+07
7.457055773000000417e+07 1.914882689000000060e+08 4.315897700000000000e+07 2.743435330000000075e+07
1.060781889000000060e+08 1.430141860000000000e+08 2.726524300000000000e+07 2.234722732000000030e+07
1.070796322000000030e+08 1.631713790000000000e+08 2.590909700000000000e+07 3.538843676000000536e+07
1.193529004000000060e+08 1.345730940000000000e+08 2.589086900000000000e+07 2.936809720000000298e+07
1.194395932699999958e+08 1.152617312999999970e+08 2.831145200000000000e+07 6.760631200000000186e+06
1.235635780600000024e+08 9.978591818999999762e+07 2.742726400000000000e+07 7.265536189000000060e+07
1.142802214800000042e+08 1.530628280000000000e+08 2.523737800000000000e+07 3.343228910000000149e+07
1.295034621599999964e+08 9.981295000000000000e+07 2.455143800000000000e+07 2.086561389699999988e+08
8.740986560000002384e+07 1.851259070000000000e+08 2.906875300000000000e+07 5.590600900000000000e+07
1.167725455199999958e+08 1.174694404000000060e+08 2.818607000000000000e+07 7.980950500000000000e+06
1.160690804800000191e+08 1.134002734000000060e+08 2.886580400000000000e+07 4.973604910000000149e+06
1.285937539699999988e+08 1.006194292000000030e+08 2.529395200000000000e+07 1.396280785500000119e+08
1.287101585479999930e+08 9.617227923199999332e+07 2.587392500000000000e+07 1.337404154510000050e+08
1.024029449099999964e+08 1.136855073530000001e+08 3.224069000000000000e+07 5.685970499999999302e+05
8.560543235500000417e+07 1.267798382222999930e+08 3.792917900000000000e+07 3.051991680829999968e+07
9.296899011299997568e+07 1.273150135000000000e+08 3.256729400000000000e+07 6.272065425999999978e+06
9.039520383800004423e+07 1.248288537500000000e+08 3.431924900000000000e+07 2.984235390099999961e+06
1.207576132999999970e+08 1.476660550000000000e+08 2.468470500000000000e+07 4.686544979999999702e+07
1.119198125080000013e+08 1.282026860999999940e+08 2.754288200000000000e+07 1.415091669009999931e+07
1.204764385400000066e+08 9.755033159999999404e+07 2.672445400000000000e+07 1.327393356800000072e+08
1.148893590530000031e+08 9.738792976170000434e+07 2.821447000000000000e+07 1.969248244733999968e+08
8.990666790000002086e+07 1.513137649000000060e+08 3.071937500000000000e+07 2.079026494999999925e+07
1.195755726770000011e+08 1.048142067856999934e+08 3.013879000000000000e+07 1.786826747000000032e+05
1.098136920700000226e+08 1.538054680000000000e+08 2.583848200000000000e+07 3.104774389999999851e+07
1.217726673199999928e+08 1.024341460300000012e+08 2.832548300000000000e+07 4.043494293999999762e+07
8.124591042000000179e+07 1.429552246999999881e+08 3.936525100000000000e+07 6.482738436000000685e+06
1.038191762099999934e+08 1.570309929000000060e+08 2.614793800000000000e+07 1.106585529000000060e+08
1.309582041800000072e+08 9.042210461200000346e+07 2.581987900000000000e+07 1.805905147639999986e+08
8.114065198100000620e+07 1.436494465500000119e+08 4.263330900000000000e+07 2.444193390600000508e+06
9.311188017599999905e+07 1.220410367000000030e+08 3.362143500000000000e+07 2.488925317400000058e+06
1.118691647300000191e+08 1.505142100000000000e+08 2.575191800000000000e+07 2.864388507000000030e+07
1.144993210999999940e+08 1.691385380000000000e+08 2.451670500000000000e+07 5.284677900000000000e+07
7.616803868000000715e+07 1.667124904000000060e+08 4.505634400000000000e+07 1.130441951000000164e+07
8.856344033999998868e+07 1.662538010000000000e+08 2.990442000000000000e+07 3.145421319999999925e+07
9.235037859999999404e+07 1.639258840000000000e+08 2.896860700000000000e+07 3.010250148999999836e+07
7.503556943000000715e+07 1.845622464000000060e+08 4.556531300000000000e+07 1.995524742000000179e+07
9.290352103000001609e+07 1.464216450999999940e+08 3.021054200000000000e+07 1.899032186899999902e+07
8.503256319999998808e+07 1.970058530000000000e+08 2.985560700000000000e+07 5.220220439999999851e+07
1.197109839800000042e+08 1.044285724340000004e+08 2.949090600000000000e+07 1.062326320299999975e+07
1.189003344699999988e+08 1.214063212999999970e+08 2.643031300000000000e+07 4.578529060999999940e+07
1.250049496430000067e+08 9.197178264890000224e+07 2.657445600000000000e+07 1.885353560288000107e+08
1.113015852199999988e+08 1.108797278299999982e+08 3.002583400000000000e+07 2.401460300000000279e+06
1.272987274499999583e+08 1.016782598199999928e+08 2.563865500000000000e+07 1.225815201299999952e+08
8.571646309999999404e+07 1.647841940000000000e+08 3.119092400000000000e+07 2.736506170000000298e+07
8.979941314199998975e+07 1.240595689490000010e+08 3.614857900000000000e+07 5.357490089999999618e+05
1.175329432999999821e+08 1.207143922999999970e+08 2.772132800000000000e+07 1.022605050000000000e+07
1.056119915199999958e+08 1.160684530999999940e+08 3.049680000000000000e+07 4.088085319999999832e+06
9.853732048000000417e+07 1.175095670400000066e+08 3.254203700000000000e+07 1.659975189000000013e+06
1.221089747239999771e+08 9.494397377079999447e+07 2.637855300000000000e+07 1.787046180764000118e+08
1.209004693100000024e+08 1.183428891299999952e+08 2.653191600000000000e+07 4.697999739999999851e+07
9.605863918729999661e+07 1.216221170400000066e+08 3.250615100000000000e+07 3.539379633859999944e+06
7.720084564999999106e+07 1.633114455000000000e+08 4.677459200000000000e+07 6.914800600000000559e+06
1.224907732500000000e+08 1.324156597999999970e+08 2.466911300000000000e+07 8.443483590000000596e+07
1.185304268699999601e+08 1.409131808000000119e+08 2.451268700000000000e+07 9.876435340000000596e+07
8.487437472000001371e+07 1.328304514469999969e+08 3.936112600000000000e+07 1.262083191000000108e+06
9.320034728000000119e+07 1.594968905000000000e+08 2.843645300000000000e+07 9.927127987999999523e+07
1.310091209290000051e+08 9.462967653000000119e+07 2.521894500000000000e+07 1.705947347779999971e+08
1.306015058799999952e+08 9.339133039900000393e+07 2.522540800000000000e+07 1.848787721739999950e+08
1.117992720999999940e+08 1.546369150000000000e+08 2.531150200000000000e+07 3.970672970000000298e+07
1.098875259899999946e+08 1.350086704000000060e+08 2.720322900000000000e+07 1.829100266400000080e+07
1.209874245499999970e+08 1.286294774000000060e+08 2.528894600000000000e+07 6.606195806000000238e+07
1.113794817900000066e+08 1.219967662999999970e+08 2.831091400000000000e+07 1.009017108589999937e+07
9.405417679999998212e+07 1.900927920000000000e+08 2.724865700000000000e+07 6.613724000000000000e+07
1.234800161400000006e+08 1.006455727000000030e+08 2.708240900000000000e+07 7.969193709999999404e+07
8.837617071700000763e+07 1.214916820904999971e+08 3.568865800000000000e+07 5.358180972100999951e+07
8.665955708000001311e+07 1.254053641749999970e+08 3.714174900000000000e+07 1.176931826799999923e+07
1.165609385140000433e+08 1.407718200000000000e+08 2.587459700000000000e+07 2.326358463800000027e+07
1.178967517999999970e+08 1.556935480000000000e+08 2.462345500000000000e+07 4.375483120000000298e+07
1.261614875900000036e+08 1.030596480000000000e+08 2.470416700000000000e+07 2.158391313000000119e+08
1.145528921700000018e+08 1.074811953579999954e+08 3.012140000000000000e+07 8.453535270000000019e+05
1.035259584000000060e+08 1.860836660000000000e+08 2.565168100000000000e+07 6.740475400000000000e+07
1.205075087300000191e+08 1.135306218799999952e+08 2.765044200000000000e+07 2.653501546000000089e+07
9.520568506299999356e+07 1.317909629000000060e+08 3.111098900000000000e+07 1.046125650699999928e+07
8.451269404999999702e+07 1.412080036599999964e+08 3.449541100000000000e+07 1.617128938000000082e+07
1.041439865540000200e+08 1.215479995000000000e+08 2.999210600000000000e+07 7.336327711500000209e+06
1.059917427399999946e+08 1.466759430000000000e+08 2.698046000000000000e+07 2.521375757000000030e+07
9.089791168000000715e+07 1.222531199660000056e+08 3.568434400000000000e+07 8.105597759999999544e+05
1.062218934200000018e+08 1.088523851229999959e+08 3.107185900000000000e+07 1.822962720199999958e+07
7.718200373999999464e+07 1.592970724699999988e+08 4.540125300000000000e+07 1.013202077300000004e+07
8.963655473999997973e+07 1.942104130000000000e+08 2.820365700000000000e+07 6.486474300000000000e+07
1.233834151979999840e+08 1.023911018499999940e+08 2.758146500000000000e+07 5.829904913499999791e+07
1.117642637099999785e+08 1.390301070000000000e+08 2.650692300000000000e+07 2.269561710000000149e+07
1.158086648299999833e+08 1.010254548869999945e+08 2.873816600000000000e+07 6.442665334000000358e+07
1.085511164940000176e+08 1.016849753630000055e+08 2.945323500000000000e+07 1.979347065803999901e+08
1.289868105459000021e+08 9.058867960537000000e+07 2.614464300000000000e+07 1.869080688262499869e+08
1.287667425100000203e+08 9.481091793999999762e+07 2.516977100000000000e+07 1.977432390040000081e+08
1.029542436400000006e+08 1.636447260000000000e+08 2.660584600000000000e+07 3.416578354999999702e+07
9.780874543000000715e+07 1.174090910090000033e+08 3.286571200000000000e+07 1.262072093000000110e+06
1.120502790999999940e+08 1.186436614000000060e+08 2.863786500000000000e+07 7.970354700000000186e+06
7.888494978300000727e+07 1.526683189000000060e+08 4.565677800000000000e+07 3.101720814999999944e+06
1.171856396190000027e+08 1.028905725620000064e+08 2.892069100000000000e+07 3.647523887600000203e+07
1.142707626200000048e+08 1.201194544000000060e+08 2.812667800000000000e+07 9.468184500000000000e+06
8.730673490999999642e+07 1.264893560380000025e+08 3.690874100000000000e+07 1.276227539000000106e+06
1.173628782000000030e+08 1.323299714000000060e+08 2.652205500000000000e+07 1.790978510000000149e+07
1.167441209000000060e+08 1.592402320000000000e+08 2.464050000000000000e+07 4.334043550000000000e+07
1.153042518589999974e+08 1.352383760000000000e+08 2.644632900000000000e+07 1.950028152320000157e+07
1.161996717000000179e+08 1.232131002999999970e+08 2.753612500000000000e+07 1.180388530000000075e+07
1.022609445799999833e+08 1.503598080000000000e+08 2.750834700000000000e+07 2.549824932000000030e+07
1.049959719099999964e+08 1.117953969479999989e+08 3.177034800000000000e+07 6.896869080000000540e+05
8.604560509999999404e+07 1.972340620000000000e+08 2.937614100000000000e+07 5.425778410000000149e+07
1.061930321000000238e+08 1.769956590000000000e+08 2.543759200000000000e+07 5.297169800000000000e+07
8.373809025000000000e+07 1.434701925000000000e+08 3.487569900000000000e+07 1.204152923000000045e+07
1.144983320600000173e+08 1.422847740000000000e+08 2.588614000000000000e+07 2.631364010000000149e+07
1.153988266700000018e+08 1.460780330999999940e+08 2.466941000000000000e+07 1.035656845000000000e+08
9.272619562000000477e+07 1.664212280000000000e+08 2.870432900000000000e+07 3.191341303999999911e+07
1.302812003399999589e+08 1.007106974000000060e+08 2.459907500000000000e+07 1.783666174099999964e+08
1.107642130999999940e+08 1.090707617259999961e+08 3.062833800000000000e+07 8.609399450000000652e+05
1.219226505100000054e+08 1.032200411500000060e+08 2.738053100000000000e+07 6.398705801900000125e+07
1.073778432000000328e+08 1.761950420000000000e+08 2.527736800000000000e+07 5.296233800000000000e+07
