1.1028263753E8 1.65328403E8 1.6876248E7 6.2332836E7
1.186686689E8 9.26556249E7 1.7880669E7 1.97889234401E8
1.2144593995600002E8 9.5614539026E7 1.9275514E7 3.8662956492E7
1.1212883727E8 1.59507072E8 1.6850598E7 5.5629706E7
1.2314240635500002E8 1.29625366E8 1.7412088E7 2.11546997397E7
1.2308473781E8 1.103421893E8 1.8672623E7 8522189.3
9.793146664000002E7 1.03648316489E8 2.0969201E7 6.9532440174E7
1.2093050243E8 1.139798172E8 1.8613387E7 1.00182057E7
1.0659643178000002E8 1.0975057981E8 2.033531E7 4460770.93
6.2698264150000006E7 1.6090123068E8 3.1367624E7 3933269.708
1.3572118675199997E8 8.573724177499999E7 1.6878731E7 1.810246066724E8
9.835187024E7 1.222278157E8 2.0326578E7 1.0401354135000002E7
1.2720286673999998E8 9.43045831E7 1.8638709E7 5.116338009E7
9.928018863E7 1.04017811142E8 2.1079018E7 4.259928707E7
1.2534704819E8 1.1679843283E8 1.7438276E7 4.774193773E7
8.918681214E7 1.238504852E8 2.166188E7 8413059.02
7.514825482999998E7 1.3252521288E8 2.5451232E7 4184238.942
9.7835351583E7 1.238244456E8 2.0277331E7 1.1314239886E7
1.2729513932E8 9.8748889E7 1.6710768E7 2.02848196E8
1.3164647767E8 9.017366369E7 1.6829876E7 1.9361776275E8
8.773471151E7 1.15026091654E8 2.3386273E7 635932.4319999999
1.0459001673E8 1.71155492E8 1.7305354E7 5.7203085E7
7.486171666E7 1.559715747E8 2.3576217E7 2.002140385E7
8.115974682299998E7 1.2370498426E8 2.4040369E7 3117447.2550000004
1.06742275958E8 1.187314434E8 1.9638967E7 9946981.0493
1.1647541019E8 9.59631622E7 1.7858847E7 2.0630566864E8
1.2739205218999998E8 1.1456839742E8 1.7330951E7 5.569138576E7
5.929636547E7 2.513572214E8 4.7007337E7 9348854.51
9.4069404774E7 1.08991294163E8 2.0913122E7 1.26107226405E8
1.0673592137E8 1.033831396E8 2.0309208E7 3.06344272E7
1.2453744285E8 1.001489175E8 1.687033E7 2.169777123E8
1.26375420149E8 8.923923571E7 1.7410229E7 1.8357446143E8
1.0430914656E8 1.7117688E8 1.7261673E7 6.4161088E7
9.4342431939E7 1.048427058685E8 2.1423356E7 1.284527152934E8
1.1687787616E8 1.56440876E8 1.683253E7 3.654072291E7
1.1371902195000002E8 1.13219319E8 1.8958682E7 2.51429465E7
1.2817153325E8 1.273673101E8 1.6271981E7 9.28181892E7
1.0343795534E8 1.03464198295E8 2.0952653E7 1.9991179473E7
9.192274185E7 1.1304848908E8 2.2237424E7 1850851.954
7.898327533999999E7 1.2485376683E8 2.5208513E7 1244074.933
8.145382116E7 1.2208235605E8 2.4328119E7 1750332.4300000002
1.204245743E8 9.4160765474E7 1.9175752E7 6.3311582674E7
1.1445952948E8 1.017986034E8 1.7731414E7 2.1899348127E8
1.13970756946E8 9.15227700166E7 1.8659944E7 1.919040662519E8
7.9339189141E7 1.2094744019571E8 2.4906881E7 3.58014685075E7
7.0651396898E7 1.345323190335E8 2.7640596E7 3.34531537371E7
1.2504314412999998E8 8.800133009E7 1.7851222E7 1.64175652209E8
1.2736223387E8 9.75722989E7 1.6739905E7 2.09771961E8
8.978963822E7 1.433526186E8 2.0230944E7 2.161240898E7
1.28903917E8 9.2903957E7 1.7339468E7 1.356248816E8
1.26588937408E8 9.4350044189E7 1.8935618E7 3.9196156656E7
1.03877760455E8 1.0257194461E8 1.9168933E7 2.0614328503E8
1.280370692E8 8.9288648E7 1.7317256E7 1.724979772E8
9.0880376893E7 1.75678267E8 1.8673081E7 4.72751867E7
1.034620373E8 1.43512264E8 1.8402818E7 2.81686164E7
1.33269189703E8 8.7407551453E7 1.7602222E7 1.22677399696E8
1.2321722678099996E8 8.79462106375E7 1.7914935E7 1.8546903212668E8
1.2670779518E8 8.697406683E7 1.7730405E7 1.73198896016E8
8.521786387E7 1.1489769881E8 2.3627121E7 1.4876455353E7
1.25272936682E8 8.725202568366E7 1.7768307E7 1.8402273409187E8
9.769777557999998E7 1.47096628E8 1.8925267E7 2.6394155624E7
6.866285444000001E7 1.3826080137E8 2.8421351E7 3.226145323E7
1.2065649963E8 8.936262491E7 1.8188851E7 1.69178582652E8
1.1175188233E8 1.37532566E8 1.7980294E7 2.3453927483000003E7
9.1024181564E7 1.080662254287E8 2.2002204E7 9.92584836051E7
1.3463022087700003E8 8.6788383212E7 1.745191E7 1.30837505339E8
7.668800647919999E7 1.2456462333325E8 2.5676399E7 3.469765631759E7
1.3375079134E8 8.6414737472E7 1.7470548E7 1.36374045251E8
1.1442755226999998E8 1.50352103E8 1.7190937E7 3.2084893803000003E7
1.1960869023E8 9.714355106E7 1.7450302E7 2.0848786803E8
8.736631591E7 1.573385586E8 1.9749288E7 7.65571283E7
9.231797325E7 1.371035767E8 2.0196575E7 1.8195539286E7
1.0637026119E8 1.49989179E8 1.7909422E7 3.0065277838E7
1.240514866E8 9.311483786E7 1.7289715E7 1.9977619256E8
9.757044444E7 1.08168379046E8 2.1989504E7 379910.908
8.332083047000001E7 1.173553885244E8 2.4117388E7 1.1224342847E7
9.4847623289E7 1.1542954868E8 2.1394579E7 4795366.0476
1.1127564234E8 1.53417522E8 1.7295934E7 3.4845928E7
9.527097805200002E7 1.180679467E8 2.1088733E7 6663812.1851
9.94520023E7 1.0755848873E8 1.9735091E7 1.7472215029E8
9.786438171230002E7 1.141235395E8 2.1076591E7 4698104.40764
8.7434361398E7 1.274966532E8 2.1803111E7 9321378.516
1.081696495057E8 9.7015327268E7 1.9180545E7 1.446214528285E8
1.01986022159E8 1.145306953E8 2.0463138E7 6414859.4902800005
1.0608358857E8 1.0431718564E8 2.1097805E7 418554.537
1.2328193605E8 1.185439908E8 1.8076765E7 1.40191088E7
9.180969714E7 1.11815508622E8 2.2740103E7 469994.603
1.0243546774E8 1.72498815E8 1.7470932E7 5.6753449E7
9.456688274E7 1.06439712232E8 2.1588799E7 4.8728651092E7
8.933427972000003E7 1.5003106551E8 1.9596167E7 8.333335363E7
1.2527107930000004E8 1.06473861E8 1.8457704E7 2.45658934E7
1.0811750471E8 1.58589465E8 1.7436685E7 3.619532054E7
9.3611031471E7 1.243472669E8 2.0836332E7 1.0410375114E7
5.849248337E7 2.61281985E8 4.6608352E7 1.56904862E7
6.997650879E7 1.3575939137E8 2.7929505E7 2.854190823E7
1.1558045174E8 1.0416032374E8 1.9838595E7 4772096.326
1.224331129E8 9.87294479E7 1.7142992E7 1.9602564044E8
5.832826363E7 2.657893484E8 4.6377709E7 1.88212162E7
8.850217678999999E7 1.65691037E8 1.9438058E7 3.462148602E7
8.281788263E7 1.1729009137E8 2.4110042E7 1.785453723E7
8.9551374342E7 1.1396772672E8 2.2897519E7 762264.013
1.0900417191E8 1.55896944E8 1.730181E7 4.24684048E7
7.928976192999999E7 1.2801200702E8 2.4262538E7 4373189.811
9.504714556E7 1.74404735E8 1.8069836E7 6.1705897E7
9.750792929E7 1.09509963997E8 2.164094E7 1437794.802
1.1792245222E8 1.360395354E8 1.6700204E7 1.023326291E8
8.48616188E7 1.501092384E8 2.0831253E7 2.403181713E7
1.2349982066E8 1.252904179E8 1.6869601E7 7.257111485E7
9.955512383E7 1.66614974E8 1.801109E7 3.902716543E7
1.3582613067000002E8 9.54702642E7 1.6204171E7 2.054063957E8
9.5988832546E7 1.033661525873E8 2.1089618E7 1.400198646842E8
9.367638986E7 1.054756839787E8 2.1537274E7 1.232188277607E8
1.08642608232E8 1.0152281372E8 1.8656003E7 1.6353609306E8
1.0606701669E8 1.0204212712E8 1.890351E7 1.786266398E8
1.00109077984E8 1.002129229242E8 2.0337227E7 1.47037727293E8
1.0001707067E8 1.374174192E8 1.9121183E7 2.20682379E7
1.2956342179E8 8.60910087205E7 1.7423922E7 1.846436889626E8
1.1267979969E8 1.02171646894E8 2.0478635E7 652740.425
7.709159477E7 1.83403738E8 2.1596707E7 4.4468734900000006E7
1.122433361E8 1.402618557E8 1.7030634E7 1.063301247E8
1.1217339717E8 9.687791484E7 1.9261654E7 9.085442576E7
1.0065716273E8 1.0093948191E8 2.0424896E7 1.02242216808E8
1.1851458788E8 1.018919534E8 1.7322901E7 2.195884159E8
7.666871953000002E7 1.35998146E8 2.4401379E7 7970617.116
1.0295838298000002E8 1.0718202976E8 2.1085272E7 1609099.882
8.192861624E7 1.4276446473E8 2.1943869E7 4.040192614E7
1.3791792467000002E8 9.56175459E7 1.621122E7 1.748164873E8
8.720401263099998E7 1.120599575582E8 2.2752597E7 7.30539062764E7
1.0530901415E8 1.0055961699E8 1.9060704E7 2.09057859436E8
8.985606353999999E7 1.81751871E8 1.8607668E7 6.4415747E7
1.1728931772E8 9.196220591E7 1.8383706E7 1.5511354705E8
6.4631365551E7 1.499688437E8 2.9355128E7 3656666.817
1.1674468386E8 9.7049462683E7 1.9599506E7 3.9791347442E7
1.3118117142E8 8.6410524355E7 1.7464668E7 1.55027298558E8
9.936811307E7 1.308442909E8 1.9606499E7 1.6588040982E7
1.0555419138E8 1.350518493E8 1.868119E7 2.0762927398E7
1.2749762974E8 1.226524673E8 1.6789184E7 6.576646636E7
8.967451185E7 1.094196873139E8 2.2267254E7 8.67770164411E7
1.06306491E8 1.1125029768E8 2.0228405E7 5446459.77
1.18822475855E8 9.7081458405E7 1.9563178E7 3.043625027E7
6.171392187E7 1.964751358E8 2.7924765E7 3.11760167E7
8.352793380999999E7 1.283214784E8 2.2675361E7 8259527.368
1.1279388679E8 1.100943568E8 1.9618515E7 6295813.54
7.680431468E7 1.3964425954E8 2.3896117E7 1.95881638E7
7.888387665E7 1.3732766895E8 2.3331916E7 1.860180201E7
9.595719752E7 1.33419003E8 1.989051E7 1.7076981372E7
6.3173855190000005E7 1.98627821E8 2.6502831E7 3.61648045E7
8.925349642E7 1.66879693E8 1.9275102E7 3.56236112E7
1.2496178801E8 9.1485504884E7 1.8498924E7 8.7580854362E7
6.865829788E7 1.597799547E8 2.5860044E7 1.704100263E7
6.872552199E7 2.0734188E8 2.4046617E7 4.71752269E7
6.8748939044E7 1.4199794196E8 2.7950494E7 2880202.72
6.680583219000001E7 1.4499685509E8 2.8840578E7 2463294.3368
1.02492637157E8 1.214741925E8 1.9859421E7 1.11999620412E7
8.595582610000001E7 1.436725425E8 2.0948972E7 1.999153369E7
1.0747323942000002E8 1.45282922E8 1.7975353E7 2.7848298282E7
6.430983373E7 2.07802849E8 2.5781079E7 4.24192714E7
6.255860537E7 1.62955682E8 2.8915961E7 1.107765776E7
9.782710039E7 1.04804892283E8 2.1221177E7 4.2942398013E7
1.0316349081E8 1.354722822E8 1.8899522E7 2.0598916839E7
6.010567873E7 1.819158009E8 3.0725858E7 1.664471785E7
1.0889571711200002E8 1.239862808E8 1.9009461E7 1.433622462E7
1.29012150583E8 9.0532039221E7 1.8198592E7 8.6234436628E7
6.058973467E7 2.4364722947E8 4.7199724E7 4862958.637
9.561845695E7 1.6106078E8 1.8559762E7 3.61454063E7
8.936465904E7 1.377705627E8 2.0626249E7 1.817145569E7
1.166154081962E8 9.045188725429E7 1.8448233E7 1.8619135226156E8
7.19184206E7 1.9556369E8 2.3030157E7 4.27739173E7
9.530637486E7 1.529064935E8 1.8411059E7 1.13760598E8
7.842694749E7 1.94918555E8 2.1034254E7 5.31664137E7
1.16326422568E8 1.294130315E8 1.8013904E7 1.9198295083E7
7.413225686E7 1.2855952137E8 2.6501585E7 2.636735623E7
1.1414120587E8 1.01160069237E8 2.0477791E7 389990.698
9.2416566913E7 1.09346857746E8 2.1358138E7 9.56380551086E7
1.02005480517E8 9.9111264305E7 1.9882542E7 1.888477151279E8
9.884257355E7 1.530361796E8 1.7983164E7 1.189235384E8
1.1790973865E8 1.53331859E8 1.6834444E7 3.456488785E7
1.0200302167E8 1.73411396E8 1.74312E7 6.5223714E7
1.2639488867E8 8.8913715381E7 1.7949129E7 1.32865971379E8
9.129756981E7 1.274367165E8 2.099433E7 1.1529557989E7
1.0181071276E8 1.0054279413E8 2.0513569E7 8.9040179839E7
7.627544778399998E7 1.3119314736E8 2.5166803E7 3948082.871
6.8205846321E7 1.5672724468E8 2.6281072E7 2.301336065E7
7.078090171E7 2.0060622E8 2.335769E7 4.45655413E7
1.1439171508E8 1.0559466975E8 1.9880976E7 3398254.87
1.0990977894000004E8 1.34657567E8 1.7624584E7 7.467802444E7
1.09009959551E8 9.43361868855E7 1.9188103E7 1.7622055002944E8
1.0857486305E8 1.29218405E8 1.8682135E7 1.871968285E7
1.1043043371E8 1.0559006253E8 2.0328154E7 2381895.97
1.00393440022E8 1.264340764E8 1.978161E7 1.3717546171E7
1.2901704951999998E8 9.40170698E7 1.8045979E7 7.7860789E7
9.56420244E7 1.0804265137E8 2.2063259E7 5990737.130000001
8.430715489E7 1.71046796E8 2.0092035E7 3.629636864E7
1.11671728723E8 9.4914911399E7 1.8589815E7 1.88969649234E8
1.1702797719E8 1.194748529E8 1.8523152E7 1.33066626816E7
1.2320573233E8 1.52910631E8 1.6256633E7 4.9754491E7
8.546275727E7 1.1754354876E8 2.3474792E7 1460821.922
1.1822498305E8 1.115445278E8 1.8985967E7 8287927.5
1.2523218226E8 9.7262779E7 1.9174183E7 2.185138828E7
1.267120804E8 1.45803644E8 1.6215922E7 4.95804148E7
1.24890109499E8 1.39043507E8 1.6854635E7 2.741572963E7
1.3684628832999998E8 9.40306747E7 1.6245338E7 1.8585137672E8
7.68211385E7 1.27763131874E8 2.5907904E7 1200689.7440000002
1.0387268965E8 1.0105388237E8 2.0189164E7 7.310930359E7
8.75641099373E7 1.1653143714E8 2.28707E7 2062461.73943
1.08503391475E8 9.42961472989E7 1.9156319E7 1.98850377098E8
1.1997980522E8 1.63865203E8 1.6263952E7 6.2813994E7
1.2401636618E8 9.87170226E7 1.9275731E7 1.56176854E7
1.2717550960999998E8 1.323402493E8 1.6152284E7 1.008315195E8
8.8305425014E7 1.1980485701E8 2.2234334E7 5068066.297
1.2698783566E8 9.57240826E7 1.8634778E7 4.67685751E7
9.804872232000002E7 1.71472942E8 1.8043685E7 4.28023402E7
6.927336883999999E7 1.4341681939E8 2.7167128E7 5378472.957
1.2461135403E8 1.1317988681E8 1.7955908E7 3.133704556E7
9.073410026E7 1.63012909E8 1.9192775E7 3.375227481E7
1.175138459E8 1.37862511E8 1.7392068E7 2.7118929E7
6.279289352E7 1.957320224E8 2.6815079E7 3.3679938300000004E7
1.0208264914E8 1.60128003E8 1.7929486E7 3.587385289E7
1.25324746868E8 1.10683537024E8 1.7924574E7 3.8599170353E7
7.714562453999999E7 1.5408696569E8 2.2803339E7 3.7762551260000005E7
1.0414125491E8 1.26238792E8 1.8737845E7 5.987396E7
1.11323279331E8 9.8613729718E7 1.9887438E7 4.8058709486E7
1.2092999453E8 9.9743826878E7 1.984965E7 883769.556
1.2984617835E8 9.66640656E7 1.6678429E7 1.81988484E8
1.3351100598E8 8.98407642E7 1.7455851E7 1.173283225E8
7.26397603206E7 1.3094554892059E8 2.6971574E7 3.316415770649E7
1.2289166275E8 1.4163178E8 1.684264E7 2.905573498E7
7.066481944E7 1.38284236674E8 2.8104696E7 970784.587
9.944525844E7 1.47536218E8 1.8657649E7 2.91662259E7
1.2472660103000002E8 1.258647836E8 1.7447983E7 2.3980915200000003E7
1.0961770985E8 1.0062004938E8 1.8381626E7 2.1593479218E8
8.525437243599999E7 1.2138253076E8 2.283975E7 4616829.572999999
6.244267691E7 1.6182486971E8 3.1347173E7 4458274.114
1.117144664E8 1.028978756E8 1.7985451E7 2.212940211E8
9.343316619E7 1.51100126E8 1.9280728E7 2.767990841E7
9.375228124E7 1.10851854159E8 2.2227734E7 857544.406
1.2315785838E8 9.7565385936E7 1.9884323E7 2186255.481
1.10970036921E8 1.175677065E8 1.9279655E7 1.0226284469E7
7.233400647999999E7 2.02440934E8 2.2820754E7 4.84872524E7
9.1410196667E7 1.224230437E8 2.1359568E7 8291068.013999999
1.2450562511999996E8 1.48370132E8 1.6273497E7 4.82234551E7
1.0433357367E8 1.04925597935E8 2.1293444E7 389192.384
9.285453048E7 1.446487714E8 1.9684044E7 2.337288311E7
1.3706090496E8 8.66618703E7 1.6855366E7 1.638552215E8
8.276839291E7 1.87456868E8 1.9991704E7 5.5533057E7
9.984018362E7 1.07091345721E8 2.1700402E7 399734.11
1.1025845358E8 1.439781215E8 1.7109009E7 1.121591773E8
6.25987691E7 1.5955634147E8 3.0139407E7 9213326.373
1.2036769998000003E8 1.070753352E8 1.9149207E7 5813991.33
1.022875954E8 1.0958383999E8 2.0984732E7 2489183.17
1.2312157854E8 1.0300701924E8 1.9289007E7 3606089.4
1.1160935381300002E8 1.00209828671E8 2.0312239E7 1.8717413544E7
1.1784848440000002E8 1.49341295E8 1.6723875E7 4.69557497E7
8.346927758E7 1.1958738097E8 2.3879741E7 1744321.026
6.64571164276E7 1.4283764707549E8 2.9316711E7 2.809118228277E7
9.3358270648E7 1.1569095058E8 2.1638174E7 4254122.061899999
1.1433343773E8 1.416479279E8 1.683868E7 1.099646396E8
1.0754061645E8 9.710757522E7 1.9659597E7 1.09458012293E8
1.2810977144000004E8 9.6067802E7 1.6757179E7 2.0057184561E8
8.533034127000001E7 1.14285976718E8 2.3486775E7 2.3430829998E7
1.1482335691E8 9.6106252131E7 1.9588865E7 6.3529943389E7
1.2255111036E8 9.451562736E7 1.7333694E7 2.0266745143E8
9.725736656E7 1.59582154E8 1.845601E7 3.41033566E7
1.04368269443E8 1.0562224079E8 1.8904787E7 1.9945893355E8
8.66605159E7 1.83831232E8 1.9256482E7 4.60764552E7
7.246986010000001E7 1.3516259897E8 2.6500125E7 4000383.943
1.3470580577E8 9.24000414E7 1.6831129E7 1.4506741648E8
5.998417235E7 1.933241392E8 3.0115187E7 2.42871828E7
1.0259391148E8 1.54856103E8 1.8063831E7 3.253551731E7
8.464629165000002E7 1.381129495E8 2.1648405E7 1.517646273E7
8.500215922000001E7 1.320446789E8 2.1942312E7 1.1839684091E7
1.18878715417E8 8.96818092092E7 1.8233099E7 1.8315627558892E8
1.032608981E8 9.7619547033E7 1.9870851E7 2.001248199371E8
6.054171041E7 1.745926007E8 3.0997789E7 1.199353479E7
9.374743958E7 1.74116483E8 1.8446537E7 4.24079153E7
8.146868759E7 1.1879188137E8 2.4453282E7 1.833990723E7
1.370448259E8 8.3944113792E7 1.7063578E7 1.69278774834E8
1.31060098903E8 9.064026229E7 1.8084023E7 8.528417966E7
8.480380238E7 1.75184713E8 1.9847105E7 3.918154601E7
9.01927852005E7 1.0943317971317E8 2.207857E7 6.761862473465E7
1.1523508588E8 1.339383032E8 1.7015852E7 9.584916989E7
1.1119446825E8 1.01368100146E8 2.0695737E7 3628103.52
