1.102826375300000012e+08 1.653284030000000000e+08 1.687624800000000000e+07 6.233283600000000000e+07
6.674420654000001401e+07 1.457009256720000207e+08 2.943868700000000000e+07 1.285916326999999816e+06
1.178830759000000060e+08 1.024528794699999988e+08 1.985586000000000000e+07 1.953463040000000037e+06
1.225095940999999940e+08 1.593503350000000000e+08 1.615267600000000000e+07 6.057974100000000000e+07
1.186686689000000060e+08 9.265562490000000596e+07 1.788066900000000000e+07 1.978892344009999931e+08
1.214459399560000151e+08 9.561453902599999309e+07 1.927551400000000000e+07 3.866295649199999869e+07
1.267389457399999946e+08 1.335714982999999970e+08 1.615191200000000000e+07 1.022248375000000000e+08
1.121288372699999958e+08 1.595070720000000000e+08 1.685059800000000000e+07 5.562970600000000000e+07
1.231424063550000191e+08 1.296253660000000000e+08 1.741208800000000000e+07 2.115469973970000073e+07
1.230847378100000024e+08 1.103421892999999970e+08 1.867262300000000000e+07 8.522189300000000745e+06
1.341534361099999845e+08 8.914916050000000000e+07 1.735917700000000000e+07 1.247963327999999970e+08
9.793146664000001550e+07 1.036483164889999926e+08 2.096920100000000000e+07 6.953244017399999499e+07
1.235956055499999821e+08 1.209681800000000000e+08 1.790557500000000000e+07 1.558548219999999925e+07
1.260610575600000024e+08 9.591522242000000179e+07 1.921783600000000000e+07 2.311056310000000149e+07
7.592506628000001609e+07 1.983024920000000000e+08 2.171729800000000000e+07 5.082932129999999702e+07
1.209305024300000072e+08 1.139798172000000030e+08 1.861338700000000000e+07 1.001820569999999925e+07
1.037891496299999952e+08 1.046030751299999952e+08 2.137109900000000000e+07 2.095008943999999901e+06
1.370598397900000215e+08 8.553592800000000000e+07 1.686167900000000000e+07 1.717284703000000119e+08
1.077766894449999928e+08 9.464378594599999487e+07 1.925291300000000000e+07 2.041677423858000040e+08
8.896659628599998355e+07 1.168420590300000012e+08 2.241142800000000000e+07 3.282201062100000214e+06
1.064175571299999952e+08 1.044012434520000070e+08 2.101456100000000000e+07 5.228346689999999944e+05
1.102068966400000006e+08 1.077147018799999952e+08 2.012416400000000000e+07 3.874561919999999925e+06
1.065964317800000161e+08 1.097505798100000024e+08 2.033531000000000000e+07 4.460770929999999702e+06
1.342208410419999957e+08 9.156898437000000477e+07 1.687205900000000000e+07 1.477079233499999940e+08
1.268496748470000029e+08 8.690536929799999297e+07 1.760938200000000000e+07 1.862764565606000125e+08
6.269826415000000596e+07 1.609012306800000072e+08 3.136762400000000000e+07 3.933269708000000101e+06
1.357211867519999743e+08 8.573724177499999106e+07 1.687873100000000000e+07 1.810246066723999977e+08
1.227308194899999946e+08 1.037786415300000012e+08 1.924138300000000000e+07 4.068107399999999907e+06
1.184161744899999946e+08 1.021086100999999940e+08 1.732462700000000000e+07 2.203755970000000000e+08
9.343409754000000656e+07 1.119217788599999994e+08 2.206432500000000000e+07 1.762746980999999912e+06
7.259035781000001729e+07 1.358138203199999928e+08 2.653813200000000000e+07 3.042719092000000179e+06
9.835187023999999464e+07 1.222278157000000030e+08 2.032657800000000000e+07 1.040135413500000164e+07
6.752679287999999523e+07 1.405533613700000048e+08 2.887195900000000000e+07 3.150421123000000045e+07
1.201567651099999994e+08 1.002208049169999957e+08 1.986635200000000000e+07 1.075772135000000009e+06
1.272028667399999797e+08 9.430458309999999404e+07 1.863870900000000000e+07 5.116338009000000358e+07
9.928018862999999523e+07 1.040178111420000046e+08 2.107901800000000000e+07 4.259928707000000030e+07
1.213851187500000000e+08 1.225195502000000030e+08 1.794092700000000000e+07 1.666335143999999948e+07
1.253470481899999976e+08 1.167984328299999982e+08 1.743827600000000000e+07 4.774193772999999672e+07
1.202532703299999982e+08 1.390775880000000000e+08 1.719123200000000000e+07 2.619811699900000170e+07
1.176014307590000033e+08 1.222633115999999940e+08 1.828315500000000000e+07 1.542200942899999954e+07
1.361437049500000179e+08 9.422197520000000298e+07 1.624256700000000000e+07 1.986733545000000000e+08
1.106147831800000072e+08 1.445574420000000000e+08 1.772214500000000000e+07 2.805195570900000259e+07
8.918681214000000060e+07 1.238504852000000030e+08 2.166188000000000000e+07 8.413059019999999553e+06
1.340663991599999964e+08 8.680477284999999404e+07 1.742948500000000000e+07 1.335518693869999945e+08
7.514825482999998331e+07 1.325252128799999952e+08 2.545123200000000000e+07 4.184238941999999806e+06
9.383259013300000131e+07 1.278848592999999970e+08 2.060341100000000000e+07 1.224078969400000013e+07
1.334514225300000012e+08 9.034248350000000000e+07 1.728866500000000000e+07 1.254673537000000030e+08
1.215650564300000072e+08 1.012662844000000060e+08 1.707839600000000000e+07 2.188637690000000000e+08
6.499670510000000149e+07 2.115372730000000000e+08 2.546016600000000000e+07 4.520178610000000149e+07
9.783535158300000429e+07 1.238244455999999940e+08 2.027733100000000000e+07 1.131423988599999994e+07
8.095058408200000226e+07 1.189138996836600006e+08 2.446020100000000000e+07 3.727586809187000245e+07
1.272951393199999928e+08 9.874888900000000000e+07 1.671076800000000000e+07 2.028481960000000000e+08
1.381023622400000095e+08 9.580182240000000596e+07 1.617909100000000000e+07 1.771263050999999940e+08
1.316464776700000018e+08 9.017366368999999762e+07 1.682987600000000000e+07 1.936177627500000000e+08
8.773471151000000536e+07 1.150260916539999992e+08 2.338627300000000000e+07 6.359324319999999134e+05
6.058418650999999791e+07 2.436709535500000119e+08 4.719926900000000000e+07 4.876289057999999262e+06
1.045900167300000042e+08 1.711554920000000000e+08 1.730535400000000000e+07 5.720308500000000000e+07
7.486171665999999642e+07 1.559715746999999881e+08 2.357621700000000000e+07 2.002140385000000149e+07
1.235942655100000054e+08 1.412159490000000000e+08 1.685170700000000000e+07 2.815504589799999818e+07
8.115974682299998403e+07 1.237049842600000054e+08 2.404036900000000000e+07 3.117447255000000354e+06
9.814410940000000596e+07 1.069043626899999976e+08 2.186336500000000000e+07 4.106847217000000179e+06
7.528683815999999642e+07 1.351100440099999905e+08 2.507591700000000000e+07 6.050325436000000685e+06
9.753377173000000417e+07 1.740291620000000000e+08 1.785482900000000000e+07 5.842607300000000000e+07
1.067422759580000043e+08 1.187314434000000060e+08 1.963896700000000000e+07 9.946981049300000072e+06
1.328724558999999762e+08 9.308834015999999642e+07 1.719734600000000000e+07 1.218542650199999958e+08
5.826112804000000656e+07 2.709703486999999881e+08 4.608593700000000000e+07 2.263566819999999925e+07
1.164754101899999976e+08 9.596316220000000298e+07 1.785884700000000000e+07 2.063056686399999857e+08
1.205472289500000030e+08 1.644488280000000000e+08 1.623257600000000000e+07 6.287272200000000000e+07
1.150386787099999934e+08 1.494489740000000000e+08 1.717354200000000000e+07 3.166004370300000161e+07
9.447251348999999464e+07 1.599781570000000000e+08 1.877491000000000000e+07 3.353026923000000045e+07
6.735288527199999988e+07 1.441046240199999809e+08 2.841358400000000000e+07 3.111917188999999780e+06
1.273920521899999827e+08 1.145683974200000018e+08 1.733095100000000000e+07 5.569138575999999791e+07
5.929636546999999881e+07 2.513572214000000060e+08 4.700733700000000000e+07 9.348854509999999776e+06
8.504919998000000417e+07 1.330793219000000060e+08 2.185429300000000000e+07 1.253180271399999969e+07
8.548333148999999464e+07 1.857717240000000000e+08 1.940690600000000000e+07 5.934387400000000000e+07
1.046964537979999930e+08 9.662841553200000525e+07 1.962849600000000000e+07 2.034144947964999974e+08
1.254594898499999940e+08 1.095899360000000000e+08 1.796255400000000000e+07 3.967086900000000000e+07
1.042795869149000049e+08 1.143839985999999940e+08 2.019788300000000000e+07 6.942537915480000898e+06
7.529798303300000727e+07 1.277628102742999941e+08 2.634088800000000000e+07 1.241255245996000059e+07
9.406940477400000393e+07 1.089912941630000025e+08 2.091312200000000000e+07 1.261072264050000012e+08
1.142366374500000030e+08 1.089619102000000030e+08 1.957248600000000000e+07 5.782809919999999925e+06
1.312838750999999940e+08 9.677173890000000596e+07 1.652106000000000000e+07 1.892800988000000119e+08
6.120689045000000298e+07 1.980143326999999881e+08 2.848547600000000000e+07 3.050328589999999851e+07
1.067359213700000048e+08 1.033831395999999940e+08 2.030920800000000000e+07 3.063442719999999925e+07
1.332688259500000030e+08 8.632856298999999464e+07 1.735039900000000000e+07 1.475262299300000072e+08
1.372106786640000045e+08 8.829084184300000966e+07 1.675542700000000000e+07 1.621555629779999852e+08
1.064153145100000054e+08 1.507079760000000000e+08 1.785108000000000000e+07 3.091670161899999902e+07
9.591204725000000000e+07 1.763740960000000000e+08 1.793707700000000000e+07 6.608095200000000000e+07
1.245374428499999940e+08 1.001489175000000000e+08 1.687033000000000000e+07 2.169777123000000119e+08
8.408190089499999583e+07 1.152992690013000071e+08 2.361005300000000000e+07 4.578274074300000072e+07
9.904455964000000060e+07 1.076189107900000066e+08 2.168936100000000000e+07 6.587076240000000689e+05
1.263754201490000039e+08 8.923923570999999344e+07 1.741022900000000000e+07 1.835744614300000072e+08
1.003867825999999940e+08 1.396693124000000060e+08 1.897239700000000000e+07 2.282582932000000030e+07
6.642659200900000334e+07 1.429033059241999984e+08 2.930369900000000000e+07 2.978364329300000146e+07
1.043091465600000024e+08 1.711768800000000000e+08 1.726167300000000000e+07 6.416108800000000000e+07
1.375688476999999881e+08 9.528353750000000000e+07 1.618083000000000000e+07 1.820934058000000119e+08
8.270665284400001168e+07 1.212082260300000012e+08 2.381759000000000000e+07 2.511228451500000432e+06
9.434243193899999559e+07 1.048427058684999943e+08 2.142335600000000000e+07 1.284527152934000045e+08
1.168778761599999964e+08 1.564408760000000000e+08 1.683253000000000000e+07 3.654072290999999642e+07
9.681122171999999881e+07 1.362693125999999940e+08 1.961336400000000000e+07 1.912743145600000024e+07
1.111640526500000060e+08 1.333447017999999970e+08 1.820660400000000000e+07 2.146639939999999851e+07
6.194819567999999225e+07 1.639682545099999905e+08 3.129896800000000000e+07 5.681059713999999687e+06
1.106863066169999987e+08 9.303530832279999554e+07 1.896778600000000000e+07 1.992902497488000095e+08
9.768809820999999344e+07 1.092429920799999982e+08 2.163755900000000000e+07 1.438109932000000030e+06
1.372129813000000119e+08 8.392523270200000703e+07 1.704621100000000000e+07 1.698821932700000107e+08
1.247956686700000018e+08 1.491245970000000000e+08 1.624621100000000000e+07 4.807309200000000000e+07
1.037644960999999940e+08 1.554879110000000000e+08 1.794628500000000000e+07 3.285886521000000089e+07
8.652645228700001538e+07 1.193297704699999988e+08 2.273636900000000000e+07 3.754886967000000179e+06
1.005860675400000215e+08 1.551323870000000000e+08 1.817830300000000000e+07 3.640338850000000000e+07
1.150935994200000018e+08 1.409849669000000060e+08 1.679434900000000000e+07 1.091995379000000060e+08
1.309969908199999928e+08 8.990159415000000596e+07 1.790820200000000000e+07 9.779960223000000417e+07
6.446231604999999702e+07 1.510247534900000095e+08 2.932664100000000000e+07 4.020960175999999978e+06
1.137190219500000179e+08 1.132193190000000000e+08 1.895868200000000000e+07 2.514294650000000000e+07
1.281715332500000000e+08 1.273673100999999940e+08 1.627198100000000000e+07 9.281818920000000298e+07
1.034379553400000036e+08 1.034641982950000018e+08 2.095265300000000000e+07 1.999117947300000116e+07
1.231146802300000042e+08 9.759275981000000238e+07 1.987005800000000000e+07 2.307751553000000305e+06
8.760034516000001132e+07 1.833266300000000000e+08 1.899143200000000000e+07 6.028392300000000000e+07
9.192274184999999404e+07 1.130484890799999982e+08 2.223742400000000000e+07 1.850851953999999911e+06
7.898327533999998868e+07 1.248537668299999982e+08 2.520851300000000000e+07 1.244074932999999961e+06
8.145382115999999642e+07 1.220823560499999970e+08 2.432811900000000000e+07 1.750332430000000168e+06
1.204245742999999970e+08 9.416076547400000691e+07 1.917575200000000000e+07 6.331158267400000244e+07
6.042666433460000157e+07 1.771944365000000000e+08 3.079520200000000000e+07 1.354096943999999948e+07
1.144595294800000042e+08 1.017986034000000060e+08 1.773141400000000000e+07 2.189934812700000107e+08
1.139707569459999949e+08 9.152277001659999788e+07 1.865994400000000000e+07 1.919040662518999875e+08
1.140604745799999982e+08 1.011988660980000049e+08 2.048219000000000000e+07 3.811947110000000102e+05
7.933918914100000262e+07 1.209474401957100034e+08 2.490688100000000000e+07 3.580146850750000030e+07
6.325777826000000536e+07 2.000576400000000000e+08 2.643499000000000000e+07 3.687596029999999702e+07
1.253119282489999980e+08 9.478584719300000370e+07 1.909526200000000000e+07 3.409677860100000352e+07
1.195956465400000066e+08 1.532352820000000000e+08 1.672000200000000000e+07 3.483353584000000358e+07
9.192241048000000417e+07 1.118510213690000027e+08 2.263570900000000000e+07 5.348352179999999935e+05
7.065139689800000191e+07 1.345323190334999859e+08 2.764059600000000000e+07 3.345315373710000142e+07
1.220132147900000066e+08 8.850195362579999864e+07 1.795519400000000000e+07 1.896615019869999886e+08
9.243088170999999344e+07 1.638307800000000000e+08 1.890103300000000000e+07 3.522205603000000119e+07
7.673393576590000093e+07 1.244987959944300056e+08 2.566229000000000000e+07 3.483352974815999717e+07
1.250431441299999803e+08 8.800133009000000358e+07 1.785122200000000000e+07 1.641756522089999914e+08
1.273622338700000048e+08 9.757229890000000596e+07 1.673990500000000000e+07 2.097719610000000000e+08
8.978963821999999881e+07 1.433526185999999940e+08 2.023094400000000000e+07 2.161240898000000045e+07
1.289039170000000000e+08 9.290395700000000000e+07 1.733946800000000000e+07 1.356248815999999940e+08
1.265889374080000073e+08 9.435004418899999559e+07 1.893561800000000000e+07 3.919615665600000322e+07
7.069719079999999702e+07 1.386464974869999886e+08 2.825699300000000000e+07 7.666380359999999637e+05
1.226270956099999845e+08 1.450925920000000000e+08 1.668216900000000000e+07 3.327721169999999925e+07
1.038777604549999982e+08 1.025719446099999994e+08 1.916893300000000000e+07 2.061432850300000012e+08
1.280370692000000030e+08 8.928864800000000000e+07 1.731725600000000000e+07 1.724979771999999881e+08
9.088037689300000668e+07 1.756782670000000000e+08 1.867308100000000000e+07 4.727518670000000298e+07
8.558049539999999106e+07 1.174167229200000018e+08 2.340621300000000000e+07 1.652699297999999952e+06
