1.234619842820000052e+08 1.296123620000000000e+08 1.739722800000000000e+07 2.114682241420000046e+07
1.034620372999999970e+08 1.435122640000000000e+08 1.840281800000000000e+07 2.816861639999999851e+07
1.178493537900000066e+08 1.411378740000000000e+08 1.725753000000000000e+07 2.745230576099999994e+07
1.281060056299999952e+08 9.425465179999999702e+07 1.855624100000000000e+07 5.331141271999999881e+07
1.332691897029999942e+08 8.740755145299999416e+07 1.760222200000000000e+07 1.226773996959999949e+08
1.369360593700000048e+08 9.429886820000000298e+07 1.623003800000000000e+07 1.856235515000000000e+08
9.226664750000000000e+07 1.485735220000000000e+08 1.957340100000000000e+07 2.558909417999999970e+07
1.263867030699999928e+08 9.600058370000000298e+07 1.923267700000000000e+07 2.181028903999999911e+07
1.290020764599999934e+08 9.041039044200000167e+07 1.817999000000000000e+07 8.814531235500000417e+07
9.940632154000000656e+07 1.078053417979999930e+08 2.162970500000000000e+07 6.014606450000000186e+05
1.232172267809999585e+08 8.794621063750000298e+07 1.791493500000000000e+07 1.854690321266799867e+08
1.267077951800000072e+08 8.697406682999999821e+07 1.773040500000000000e+07 1.731988960160000026e+08
8.521786387000000477e+07 1.148976988100000024e+08 2.362712100000000000e+07 1.487645535300000012e+07
1.252729366819999963e+08 8.725202568366000056e+07 1.776830700000000000e+07 1.840227340918700099e+08
9.769777557999998331e+07 1.470966280000000000e+08 1.892526700000000000e+07 2.639415562400000170e+07
1.243127814500000030e+08 1.253939550000000000e+08 1.745952300000000000e+07 2.543130130000000075e+07
6.866285444000001252e+07 1.382608013700000048e+08 2.842135100000000000e+07 3.226145323000000045e+07
1.228786756099999994e+08 1.032042269399999976e+08 1.928798800000000000e+07 3.655197009999999776e+06
1.303614200199999958e+08 9.014149559000000358e+07 1.797368200000000000e+07 9.498399462999999523e+07
1.206564996299999952e+08 8.936262490999999642e+07 1.818885100000000000e+07 1.691785826520000100e+08
9.482889725000000000e+07 1.409313853000000119e+08 1.960651100000000000e+07 2.162327006400000304e+07
1.117518823299999982e+08 1.375325660000000000e+08 1.798029400000000000e+07 2.345392748300000280e+07
1.137293771500000060e+08 1.043367610999999940e+08 1.770704100000000000e+07 2.247798879000000060e+08
1.016980730000000000e+08 1.482098610000000000e+08 1.842881600000000000e+07 2.815005206399999931e+07
1.246054251299999952e+08 1.396375910000000000e+08 1.684265300000000000e+07 2.766540336070000008e+07
1.336815256620000005e+08 9.139603501700000465e+07 1.728773200000000000e+07 1.205571927839999944e+08
9.102418156399999559e+07 1.080662254287000000e+08 2.200220400000000000e+07 9.925848360510000587e+07
7.482205533000001311e+07 1.320031285670000017e+08 2.660054400000000000e+07 9.970472029999999795e+05
1.087177850530000180e+08 1.280448903400000036e+08 1.816854800000000000e+07 5.968646389000000060e+07
9.757822237999999523e+07 1.684777260000000000e+08 1.817936000000000000e+07 3.920823159000000358e+07
1.162838383040000051e+08 1.227208562000000030e+08 1.837137900000000000e+07 1.542778162399999984e+07
1.270671313860000074e+08 9.266428157799999416e+07 1.861703400000000000e+07 6.020427698799999803e+07
1.258047507300000191e+08 1.115142292800000012e+08 1.792324600000000000e+07 3.509563540999999642e+07
9.616433206000000238e+07 1.257756840000000000e+08 2.015352400000000000e+07 2.499000596999999881e+07
1.346302208770000339e+08 8.678838321199999750e+07 1.745191000000000000e+07 1.308375053390000015e+08
7.668800647919999063e+07 1.245646233332500011e+08 2.567639900000000000e+07 3.469765631758999825e+07
7.406820727509999275e+07 1.285701289153899997e+08 2.649784300000000000e+07 3.353671097465100139e+07
1.337507913400000036e+08 8.641473747200000286e+07 1.747054800000000000e+07 1.363740452509999871e+08
1.142057892000000030e+08 1.013678135520000011e+08 2.041923400000000000e+07 4.598670329999999958e+05
1.372456631200000048e+08 8.580907879999999702e+07 1.683203400000000000e+07 1.715016543000000119e+08
1.144275522699999809e+08 1.503521030000000000e+08 1.719093700000000000e+07 3.208489380300000310e+07
9.225041403000000119e+07 1.779158740000000000e+08 1.854155600000000000e+07 4.492717000000000000e+07
1.196086902300000042e+08 9.714355106000000238e+07 1.745030200000000000e+07 2.084878680300000012e+08
8.736631590999999642e+07 1.573385585999999940e+08 1.974928800000000000e+07 7.655712829999999702e+07
9.231797325000000000e+07 1.371035766999999881e+08 2.019657500000000000e+07 1.819553928599999845e+07
1.063702611899999976e+08 1.499891790000000000e+08 1.790942200000000000e+07 3.006527783799999952e+07
1.065901885750000030e+08 9.531031529889999330e+07 1.943343400000000000e+07 2.049720270979999900e+08
1.240514865999999940e+08 9.311483785999999940e+07 1.728971500000000000e+07 1.997761925600000024e+08
1.087733471239999980e+08 9.403490598190000653e+07 1.917092100000000000e+07 2.007205982685000002e+08
1.058027449089999944e+08 1.208981315000000000e+08 1.952280800000000000e+07 1.180674136099999957e+07
9.757044443999999762e+07 1.081683790460000038e+08 2.198950400000000000e+07 3.799109079999999958e+05
8.332083047000001371e+07 1.173553885243999958e+08 2.411738800000000000e+07 1.122434284699999914e+07
8.741481349000000954e+07 1.822252020000000000e+08 1.909881800000000000e+07 4.821436839999999851e+07
1.154543470900000185e+08 1.593261890000000000e+08 1.682439200000000000e+07 4.082926150000000000e+07
1.364478071200000048e+08 8.789048509999999404e+07 1.679457900000000000e+07 1.636647971999999881e+08
1.177075773719999939e+08 1.336322490000000000e+08 1.762342400000000000e+07 2.273483040799999982e+07
9.484762328900000453e+07 1.154295486800000072e+08 2.139457900000000000e+07 4.795366047600000165e+06
7.349813963999998569e+07 1.373438422299999893e+08 2.557224900000000000e+07 6.408287229000000283e+06
1.101310429899999946e+08 1.691130160000000000e+08 1.685873500000000000e+07 6.414984900000000000e+07
6.517872676900000870e+07 1.516214960500000119e+08 2.857488100000000000e+07 6.119396146999999881e+06
1.112756423400000036e+08 1.534175220000000000e+08 1.729593400000000000e+07 3.484592800000000000e+07
9.527097805200001597e+07 1.180679467000000030e+08 2.108873300000000000e+07 6.663812185100000352e+06
1.227647102099999785e+08 1.094034264899999946e+08 1.862471900000000000e+07 1.399847806000000052e+07
8.890198122000001371e+07 1.755860290000000000e+08 1.900942500000000000e+07 4.298491520000000298e+07
1.229613347399999946e+08 1.430130640000000000e+08 1.664050400000000000e+07 3.845336829999999702e+07
1.190857431079999954e+08 8.948614634800000489e+07 1.819656100000000000e+07 1.919000629023000002e+08
8.709939421299999952e+07 1.186462421700000018e+08 2.277564900000000000e+07 2.904329426400000229e+06
1.175466533100000173e+08 1.022180909000000060e+08 1.740163300000000000e+07 2.200638104000000060e+08
1.272439007000000030e+08 1.157775627999999970e+08 1.735233000000000000e+07 5.099589068999999762e+07
9.945200229999999702e+07 1.075584887300000042e+08 1.973509100000000000e+07 1.747221502899999917e+08
9.927194676000000536e+07 1.506274930000000000e+08 1.852316300000000000e+07 3.202615319999999925e+07
9.786438171230001748e+07 1.141235395000000000e+08 2.107659100000000000e+07 4.698104407639999874e+06
8.743436139800000191e+07 1.274966532000000030e+08 2.180311100000000000e+07 9.321378516000000760e+06
1.021918011079999954e+08 9.874177355599999428e+07 1.988973500000000000e+07 1.902324176430999935e+08
9.509102573999999464e+07 1.081028169870000035e+08 2.211563300000000000e+07 7.863311776999999769e+06
1.081696495057000071e+08 9.701532726800000668e+07 1.918054500000000000e+07 1.446214528285000026e+08
8.600398872999998927e+07 1.794916800000000000e+08 1.946522700000000000e+07 4.290168600000000000e+07
1.371876762500000000e+08 8.392238325699999928e+07 1.704751300000000000e+07 1.699679803039999902e+08
9.036857720000000298e+07 1.809091530000000000e+08 1.858418700000000000e+07 5.549269300000000000e+07
6.735248842800003290e+07 1.440095121800000072e+08 2.848211700000000000e+07 2.886633317000000272e+06
1.127390124500000179e+08 1.645059860000000000e+08 1.671387200000000000e+07 6.220917100000000000e+07
1.055151727600000054e+08 1.704284330000000000e+08 1.717422700000000000e+07 6.455163300000000000e+07
1.019860221589999944e+08 1.145306952999999970e+08 2.046313800000000000e+07 6.414859490280000493e+06
1.227321615600000173e+08 1.358998750000000000e+08 1.711972700000000000e+07 2.510612347300000116e+07
1.060835885699999928e+08 1.043171856400000006e+08 2.109780500000000000e+07 4.185545370000000112e+05
1.307363767699999958e+08 9.276695840000000596e+07 1.793783300000000000e+07 8.443457529999999702e+07
1.232819360499999970e+08 1.185439907999999970e+08 1.807676500000000000e+07 1.401910880000000075e+07
9.525466254000000656e+07 1.516668690000000000e+08 1.904682900000000000e+07 2.812482273000000045e+07
9.180969714000000060e+07 1.118155086219999939e+08 2.274010300000000000e+07 4.699946030000000028e+05
8.496065063899999857e+07 1.188384010600000024e+08 2.331067700000000000e+07 2.504437900299999863e+06
1.260414229089999944e+08 8.951973893799999356e+07 1.739414100000000000e+07 1.920483963899999857e+08
7.160500684200000763e+07 1.363042068499999940e+08 2.705398100000000000e+07 2.444325606900000013e+06
6.654548403999999911e+07 1.459619894600000083e+08 2.943517400000000000e+07 1.424796367000000086e+06
6.253352807999999821e+07 2.382684456699999869e+08 4.729723700000000000e+07 1.881312972999999998e+06
1.024354677399999946e+08 1.724988150000000000e+08 1.747093200000000000e+07 5.675344900000000000e+07
1.105662280900000185e+08 1.071699404200000018e+08 2.013279700000000000e+07 3.641309669999999925e+06
9.456688273999999464e+07 1.064397122319999933e+08 2.158879900000000000e+07 4.872865109200000018e+07
8.933427972000002861e+07 1.500310655099999905e+08 1.959616700000000000e+07 8.333335362999999523e+07
1.252710793000000417e+08 1.064738610000000000e+08 1.845770400000000000e+07 2.456589339999999851e+07
6.632227008900000900e+07 1.432230482689999938e+08 2.931103500000000000e+07 2.787343531060000136e+07
1.081175047099999934e+08 1.585894650000000000e+08 1.743668500000000000e+07 3.619532053999999911e+07
8.612567845999999344e+07 1.372562384000000060e+08 2.131594300000000000e+07 1.577802174000000022e+07
5.907529964999999851e+07 2.533702226999999881e+08 4.694153500000000000e+07 1.057928308999999985e+07
1.291713672199999988e+08 1.283667009000000060e+08 1.615664500000000000e+07 9.710269720000000298e+07
9.361103147100000083e+07 1.243472669000000060e+08 2.083633200000000000e+07 1.041037511400000006e+07
8.285059481999999285e+07 1.202770269500000030e+08 2.457000600000000000e+07 6.095932160000000149e+05
1.163523041299999952e+08 9.526244168999999762e+07 1.939199100000000000e+07 6.920803685300000012e+07
5.849248336999999732e+07 2.612819850000000000e+08 4.660835200000000000e+07 1.569048619999999925e+07
6.997650879000000656e+07 1.357593913700000048e+08 2.792950500000000000e+07 2.854190823000000045e+07
8.108611418299999833e+07 1.228849143700000048e+08 2.420538100000000000e+07 2.842352762999999803e+06
1.155804517399999946e+08 1.041603237399999946e+08 1.983859500000000000e+07 4.772096326000000350e+06
1.224331129000000060e+08 9.872944790000000596e+07 1.714299200000000000e+07 1.960256404399999976e+08
5.832826363000000268e+07 2.657893484000000060e+08 4.637770900000000000e+07 1.882121619999999925e+07
7.661859602700001001e+07 1.281673398610000014e+08 2.606676200000000000e+07 1.017825871000000043e+06
8.850217678999999166e+07 1.656910370000000000e+08 1.943805800000000000e+07 3.462148602000000328e+07
7.567631836400000751e+07 1.306670627099999934e+08 2.575064000000000000e+07 2.312486629600000102e+06
1.210640910999999940e+08 1.086190029000000060e+08 1.895090100000000000e+07 7.122120200000000186e+06
1.121378719800000042e+08 1.028292270900000036e+08 2.044076600000000000e+07 1.070568214000000153e+06
8.281788262999999523e+07 1.172900913700000048e+08 2.411004200000000000e+07 1.785453723000000045e+07
8.955137434199999273e+07 1.139677267199999988e+08 2.289751900000000000e+07 7.622640130000000354e+05
1.090041719099999964e+08 1.558969440000000000e+08 1.730181000000000000e+07 4.246840479999999702e+07
7.928976192999999225e+07 1.280120070199999958e+08 2.426253800000000000e+07 4.373189810999999754e+06
1.373548378400000036e+08 9.573121700000000000e+07 1.618610300000000000e+07 1.804278986999999881e+08
9.504714556000000238e+07 1.744047350000000000e+08 1.806983600000000000e+07 6.170589700000000000e+07
1.268171681400000155e+08 1.333422372999999970e+08 1.615186200000000000e+07 1.019657545000000000e+08
6.459441514000001550e+07 1.500968284499999881e+08 2.934932300000000000e+07 3.731762456999999937e+06
9.750792929000000656e+07 1.095099639969999939e+08 2.164094000000000000e+07 1.437794801999999909e+06
1.179224522199999988e+08 1.360395354000000060e+08 1.670020400000000000e+07 1.023326290999999940e+08
7.909795791999998689e+07 1.940008330000000000e+08 2.086257900000000000e+07 5.348204189999999851e+07
1.228546290600000024e+08 1.572305360000000000e+08 1.615451300000000000e+07 5.926048000000000000e+07
8.486161879999999702e+07 1.501092384000000060e+08 2.083125300000000000e+07 2.403181712999999896e+07
1.146963407090000063e+08 9.119574510289999843e+07 1.858469200000000000e+07 1.945761017008000016e+08
1.234998206599999964e+08 1.252904179000000060e+08 1.686960100000000000e+07 7.257111484999999404e+07
1.210481101299999952e+08 1.642411570000000000e+08 1.620544000000000000e+07 6.280687100000000000e+07
9.955512382999999821e+07 1.666149740000000000e+08 1.801109000000000000e+07 3.902716542999999970e+07
1.358261306700000167e+08 9.547026420000000298e+07 1.620417100000000000e+07 2.054063956999999881e+08
9.598883254600000381e+07 1.033661525873000026e+08 2.108961800000000000e+07 1.400198646841999888e+08
6.332774277000001073e+07 2.006886930000000000e+08 2.638362300000000000e+07 3.734437029999999702e+07
6.125396379999998957e+07 1.680172449000000060e+08 3.119540400000000000e+07 8.037781519999999553e+06
1.124661933470000029e+08 1.174394582999999970e+08 1.914030500000000000e+07 1.048546034879999980e+07
9.367638985999999940e+07 1.054756839786999971e+08 2.153727400000000000e+07 1.232188277607000023e+08
9.341278107199999690e+07 1.171455553100000024e+08 2.147353100000000000e+07 5.414884280199999921e+06
1.253428048299999833e+08 1.474967130000000000e+08 1.624291200000000000e+07 4.872188670000000298e+07
1.251947552119999975e+08 1.149942919800000042e+08 1.750353300000000000e+07 5.023349039800000191e+07
9.302353229000000656e+07 1.115973109089999944e+08 2.226645600000000000e+07 1.030914856999999960e+06
1.270248907169999778e+08 9.382389181129999459e+07 1.888028400000000000e+07 4.306984479259999841e+07
8.896578395000000298e+07 1.260262970000000000e+08 2.153421900000000000e+07 9.630734151000000536e+06
9.399626484000000358e+07 1.619295180000000000e+08 1.876318700000000000e+07 3.460255050999999791e+07
1.086426082319999933e+08 1.015228137199999988e+08 1.865600300000000000e+07 1.635360930600000024e+08
1.357626306219999790e+08 8.680670152899999917e+07 1.677378700000000000e+07 1.822904410699999928e+08
8.106790504699999094e+07 1.187708546272899956e+08 2.442711800000000000e+07 3.745169636437000334e+07
1.060670166899999976e+08 1.020421271200000048e+08 1.890351000000000000e+07 1.786266398000000119e+08
1.001090779839999974e+08 1.002129229241999984e+08 2.033722700000000000e+07 1.470377272930000126e+08
9.137601449400001764e+07 1.161019246500000060e+08 2.195921100000000000e+07 3.893188739200000186e+06
8.945514448000001907e+07 1.820157640000000000e+08 1.867004700000000000e+07 6.379287400000000000e+07
1.231039760300000161e+08 9.748474092499999702e+07 1.987520800000000000e+07 2.772791516000000294e+06
6.049078570000000298e+07 2.440773489399999976e+08 4.719160900000000000e+07 5.104194043999999762e+06
1.248734743700000048e+08 1.221942120000000000e+08 1.694603800000000000e+07 6.816054106000000238e+07
1.000170706700000018e+08 1.374174191999999881e+08 1.912118300000000000e+07 2.206823789999999851e+07
1.295634217900000066e+08 8.609100872050000727e+07 1.742392200000000000e+07 1.846436889625999928e+08
1.239583308599999994e+08 1.122235435999999940e+08 1.849311500000000000e+07 9.858366099999999627e+06
