1.239648585599999577e+08 1.279583684000000060e+08 1.746343500000000000e+07 2.020713310000000149e+07
1.296677041299999952e+08 9.087242360999999940e+07 1.806774600000000000e+07 8.832827135999999940e+07
1.068413943649999946e+08 9.518334873340000212e+07 1.940983300000000000e+07 1.986442165692999959e+08
1.344018417000000179e+08 9.458405050000000000e+07 1.678189800000000000e+07 1.412517263300000131e+08
1.339876484800000042e+08 9.513157629999999702e+07 1.688357300000000000e+07 1.328815990499999970e+08
1.246349364200000167e+08 9.739076337000000477e+07 1.983489800000000000e+07 9.913978100000000559e+05
1.224030236350000203e+08 9.732305370600000024e+07 1.979503300000000000e+07 7.259171959999999963e+06
1.197976961500000060e+08 1.639434340000000000e+08 1.627403900000000000e+07 6.283543600000000000e+07
1.126797996899999976e+08 1.021716468939999938e+08 2.047863500000000000e+07 6.527404250000000466e+05
1.252729366819999963e+08 8.725202568366000056e+07 1.776830700000000000e+07 1.840227340918700099e+08
7.709159476999999583e+07 1.834037380000000000e+08 2.159670700000000000e+07 4.446873490000000596e+07
1.229184829699999988e+08 1.031974102900000066e+08 1.928709700000000000e+07 3.641633790000000037e+06
1.342736009900000095e+08 9.674162229999999702e+07 1.626366400000000000e+07 2.095220263000000119e+08
1.060120757999999970e+08 1.045563923129999936e+08 2.105186200000000000e+07 5.145675879999999888e+05
1.171103464099999964e+08 1.121656055999999940e+08 1.902687200000000000e+07 8.661045900000000373e+06
8.752348012500001490e+07 1.125780948599999994e+08 2.301506700000000000e+07 1.964984947700000182e+07
1.287313123550000042e+08 8.675017191899999976e+07 1.742121500000000000e+07 1.860943190525999963e+08
1.122433360999999940e+08 1.402618556999999881e+08 1.703063400000000000e+07 1.063301247000000030e+08
1.237370194399999976e+08 1.202386577000000030e+08 1.800155300000000000e+07 1.449889809999999963e+07
1.121733971700000018e+08 9.687791484000000358e+07 1.926165400000000000e+07 9.085442576000000536e+07
1.006571627300000042e+08 1.009394819099999964e+08 2.042489600000000000e+07 1.022422168079999983e+08
1.185145878799999952e+08 1.018919534000000060e+08 1.732290100000000000e+07 2.195884159000000060e+08
7.666871953000001609e+07 1.359981460000000000e+08 2.440137900000000000e+07 7.970617116000000387e+06
1.232171625500000417e+08 1.431360040000000000e+08 1.676882000000000000e+07 2.973851054600000009e+07
1.270996659800000042e+08 8.668060473999999464e+07 1.766075900000000000e+07 1.797964992720000148e+08
1.030130082199999988e+08 1.049174513700000048e+08 2.142781300000000000e+07 2.248543330000000075e+06
1.029583829800000191e+08 1.071820297600000054e+08 2.108527200000000000e+07 1.609099881999999983e+06
8.192861623999999464e+07 1.427644647299999893e+08 2.194386900000000000e+07 4.040192614000000060e+07
1.379179246700000167e+08 9.561754590000000596e+07 1.621122000000000000e+07 1.748164873000000119e+08
9.931650068999999762e+07 1.075737931130000055e+08 2.167317300000000000e+07 5.389020330000000540e+05
8.720401263099998236e+07 1.120599575582000017e+08 2.275259700000000000e+07 7.305390627639999986e+07
1.357141356560000181e+08 8.604549873399999738e+07 1.684804200000000000e+07 1.815866841360000074e+08
1.053090141500000060e+08 1.005596169899999946e+08 1.906070400000000000e+07 2.090578594359999895e+08
8.985606353999999166e+07 1.817518710000000000e+08 1.860766800000000000e+07 6.441574700000000000e+07
1.172893177199999988e+08 9.196220590999999642e+07 1.838370600000000000e+07 1.551135470500000119e+08
9.608508339000000060e+07 1.773640170000000000e+08 1.791941900000000000e+07 6.629950700000000000e+07
9.363202384999999404e+07 1.108905785259999931e+08 2.221943200000000000e+07 1.016962111000000034e+06
1.235480961759999990e+08 9.466548835600000620e+07 1.923067200000000000e+07 3.906687734899999946e+07
5.844352327000000328e+07 2.623360891999999881e+08 4.655784800000000000e+07 1.640870741999999993e+07
1.337716720300000012e+08 8.620245711599999666e+07 1.743607400000000000e+07 1.403307517989999950e+08
1.012156004500000030e+08 1.478390750000000000e+08 1.848492800000000000e+07 2.808643155000000075e+07
9.502441750399999321e+07 1.080962997585999966e+08 2.194104200000000000e+07 1.250163123940999992e+07
6.463136555099999905e+07 1.499688436999999881e+08 2.935512800000000000e+07 3.656666816999999806e+06
1.167446838599999994e+08 9.704946268299999833e+07 1.959950600000000000e+07 3.979134744200000167e+07
5.856709049000000209e+07 2.598968636999999881e+08 4.667796100000000000e+07 1.475985717999999970e+07
1.259765250800000429e+08 1.397167390000000000e+08 1.655005000000000000e+07 4.043851950000000000e+07
1.311811714200000018e+08 8.641052435500000417e+07 1.746466800000000000e+07 1.550272985579999983e+08
1.054127958719999939e+08 9.607705369499999285e+07 1.958757800000000000e+07 2.041100439981999993e+08
9.936811306999999285e+07 1.308442909000000060e+08 1.960649900000000000e+07 1.658804098200000077e+07
1.055541913799999952e+08 1.350518493000000119e+08 1.868119000000000000e+07 2.076292739799999818e+07
1.270244940080000460e+08 9.190578147400000691e+07 1.860863000000000000e+07 6.768891049600000679e+07
1.265019670600000173e+08 1.463006150000000000e+08 1.621452400000000000e+07 4.938349620000000298e+07
1.274976297399999946e+08 1.226524672999999970e+08 1.678918400000000000e+07 6.576646635999999940e+07
8.967451184999999404e+07 1.094196873138999939e+08 2.226725400000000000e+07 8.677701644110000134e+07
1.063064910000000000e+08 1.112502976800000072e+08 2.022840500000000000e+07 5.446459769999999553e+06
7.296913556000000238e+07 1.349353866480000019e+08 2.759390500000000000e+07 5.849996290000000736e+05
1.188224758550000042e+08 9.708145840500000119e+07 1.956317800000000000e+07 3.043625026999999955e+07
7.879940471999999881e+07 1.251719998920000046e+08 2.548909100000000000e+07 8.966714209999999730e+05
8.956532895399999619e+07 1.204724504000000060e+08 2.190927100000000000e+07 5.917126927000000142e+06
6.171392186999999732e+07 1.964751358000000119e+08 2.792476500000000000e+07 3.117601669999999925e+07
1.029174233330000043e+08 1.020531077549999952e+08 2.072945300000000000e+07 4.486366028499999642e+07
1.219955111200000048e+08 9.913631435600000620e+07 1.981715400000000000e+07 7.447756619999998948e+05
8.352793380999998748e+07 1.283214784000000060e+08 2.267536100000000000e+07 8.259527367999999784e+06
1.209144558500000238e+08 1.067604912000000030e+08 1.912548200000000000e+07 5.730299740000000224e+06
8.725040778999999166e+07 1.837172420000000000e+08 1.905855700000000000e+07 6.012901000000000000e+07
9.884160361100001633e+07 1.153284535000000000e+08 2.080559600000000000e+07 6.076414059600001201e+06
1.127938867900000066e+08 1.100943567999999970e+08 1.961851500000000000e+07 6.295813540000000037e+06
1.222842774179999977e+08 1.208241585000000000e+08 1.798666100000000000e+07 1.538105110779999942e+07
1.076511113519999981e+08 1.178620357000000030e+08 1.955290200000000000e+07 1.008141956689999998e+07
7.680431468000000715e+07 1.396442595399999917e+08 2.389611700000000000e+07 1.958816380000000075e+07
7.888387665000000596e+07 1.373276689499999881e+08 2.333191600000000000e+07 1.860180201000000164e+07
9.595719751999999583e+07 1.334190030000000000e+08 1.989051000000000000e+07 1.707698137200000137e+07
8.475169595999999344e+07 1.145681698574000001e+08 2.343763900000000000e+07 4.917535338610000163e+07
9.814178662999999523e+07 1.079405634300000072e+08 2.188806500000000000e+07 3.945351309999999939e+05
1.101682851299999952e+08 1.690901980000000000e+08 1.685631800000000000e+07 6.413979500000000000e+07
6.317385519000000507e+07 1.986278210000000000e+08 2.650283100000000000e+07 3.616480450000000000e+07
8.925349642000000179e+07 1.668796930000000000e+08 1.927510200000000000e+07 3.562361120000000298e+07
1.249617880100000054e+08 9.148550488400000334e+07 1.849892400000000000e+07 8.758085436200000346e+07
6.865829787999999523e+07 1.597799546999999881e+08 2.586004400000000000e+07 1.704100262999999896e+07
6.872552198999999464e+07 2.073418800000000000e+08 2.404661700000000000e+07 4.717522689999999851e+07
6.874893904399999976e+07 1.419979419600000083e+08 2.795049400000000000e+07 2.880202720000000205e+06
6.680583219000001252e+07 1.449968550900000036e+08 2.884057800000000000e+07 2.463294336800000165e+06
8.713593130399999022e+07 1.194069201800000072e+08 2.266461300000000000e+07 3.491424912500000093e+06
1.368791042300000191e+08 8.394060019400000572e+07 1.705164000000000000e+07 1.713705530579999983e+08
1.024926371570000052e+08 1.214741925000000000e+08 1.985942100000000000e+07 1.119996204120000079e+07
8.595582610000000894e+07 1.436725425000000000e+08 2.094897200000000000e+07 1.999153369000000134e+07
1.266314695770000219e+08 9.465218388689999282e+07 1.904936600000000000e+07 3.343408883359999955e+07
1.172629664319999963e+08 1.195642222999999970e+08 1.848915600000000000e+07 1.352869317710000090e+07
1.074732394200000167e+08 1.452829220000000000e+08 1.797535300000000000e+07 2.784829828200000152e+07
1.025934928059999943e+08 1.148465809000000060e+08 2.035936800000000000e+07 6.832150401499999687e+06
1.227481537199999988e+08 1.304729269000000060e+08 1.728903000000000000e+07 2.726646519999999925e+07
9.931867662000000477e+07 1.578738000000000000e+08 1.826336400000000000e+07 3.472491310000000149e+07
6.430983372999999672e+07 2.078028490000000000e+08 2.578107900000000000e+07 4.241927139999999851e+07
1.249360852699999958e+08 1.494889330000000000e+08 1.618896900000000000e+07 5.221308600000000000e+07
1.212178743724000007e+08 1.141388615999999940e+08 1.851617700000000000e+07 1.084673032340000011e+07
1.177490321200000048e+08 9.604681929000000656e+07 1.772148200000000000e+07 2.005406936399999857e+08
6.255860536999999732e+07 1.629556820000000000e+08 2.891596100000000000e+07 1.107765775999999978e+07
9.782710039000000060e+07 1.048048922830000073e+08 2.122117700000000000e+07 4.294239801299999654e+07
1.147326067709999830e+08 9.117803779819999635e+07 1.858676900000000000e+07 1.936467295555999875e+08
1.031634908100000024e+08 1.354722821999999881e+08 1.889952200000000000e+07 2.059891683900000155e+07
1.153804551800000221e+08 1.557052820000000000e+08 1.695932800000000000e+07 3.552532820000000298e+07
6.010567872999999672e+07 1.819158009000000060e+08 3.072585800000000000e+07 1.664471784999999963e+07
8.954850084000000358e+07 1.146647216400000006e+08 2.261153600000000000e+07 1.732488254999999888e+06
9.036668843099999428e+07 1.161722664099999964e+08 2.217000500000000000e+07 3.416432732600000221e+06
1.245788871410000026e+08 9.268664348399999738e+07 1.880033300000000000e+07 6.637533702499999851e+07
1.088957171120000184e+08 1.239862807999999970e+08 1.900946100000000000e+07 1.433622461999999918e+07
7.726059219000001252e+07 1.271859737800000012e+08 2.561957700000000000e+07 1.438389077000000048e+06
7.440994904980000854e+07 1.316225901800000072e+08 2.629808700000000000e+07 1.912876973890000023e+06
6.259121079999999702e+07 1.596002624699999988e+08 3.014304000000000000e+07 9.238646673000000417e+06
1.290121505830000043e+08 9.053203922100000083e+07 1.819859200000000000e+07 8.623443662800000608e+07
6.638486743900000304e+07 1.430277456936999857e+08 2.931385300000000000e+07 2.799003394920000061e+07
6.058973467000000179e+07 2.436472294699999988e+08 4.719972400000000000e+07 4.862958637000000104e+06
1.248957517099999785e+08 1.275956417999999970e+08 1.656606100000000000e+07 8.388447265999999642e+07
9.561845695000000298e+07 1.610607800000000000e+08 1.855976200000000000e+07 3.614540629999999702e+07
1.270312831400000155e+08 1.325099575000000000e+08 1.615711000000000000e+07 1.007768522000000030e+08
8.936465904000000656e+07 1.377705626999999881e+08 2.062624900000000000e+07 1.817145569000000134e+07
1.114734912900000066e+08 1.012823013700000048e+08 2.059530200000000000e+07 4.842816330000000075e+06
1.183463965799999982e+08 1.017240247000000030e+08 1.986827500000000000e+07 1.776214250000000000e+06
1.166154081961999983e+08 9.045188725428999960e+07 1.844823300000000000e+07 1.861913522615599930e+08
7.191842059999999404e+07 1.955636900000000000e+08 2.303015700000000000e+07 4.277391729999999702e+07
1.129733531899999976e+08 1.677645790000000000e+08 1.667723600000000000e+07 6.376892400000000000e+07
1.031075245199999958e+08 1.659564480000000000e+08 1.770685300000000000e+07 3.947090178999999911e+07
9.530637485999999940e+07 1.529064935000000000e+08 1.841105900000000000e+07 1.137605980000000000e+08
1.082856756700000167e+08 9.574164702599999309e+07 1.898856900000000000e+07 2.068628067439999878e+08
1.229276047300000042e+08 1.108568697999999970e+08 1.864204500000000000e+07 8.828874700000001118e+06
1.268053064500000030e+08 1.164848095000000000e+08 1.735958700000000000e+07 4.939359799000000209e+07
7.842694748999999464e+07 1.949185550000000000e+08 2.103425400000000000e+07 5.316641370000000298e+07
1.163264225680000037e+08 1.294130315000000000e+08 1.801390400000000000e+07 1.919829508300000057e+07
1.261217134179999828e+08 9.408611722499999404e+07 1.889190900000000000e+07 4.339903021400000155e+07
9.198874146999999881e+07 1.545417450000000000e+08 1.932901100000000000e+07 2.934998260999999940e+07
7.413225685999999940e+07 1.285595213700000048e+08 2.650158500000000000e+07 2.636735623000000045e+07
1.141412058700000048e+08 1.011600692370000035e+08 2.047779100000000000e+07 3.899906979999999749e+05
9.241656691300000250e+07 1.093468577460000068e+08 2.135813800000000000e+07 9.563805510860000551e+07
1.020054805170000046e+08 9.911126430500000715e+07 1.988254200000000000e+07 1.888477151279000044e+08
8.608802342000001669e+07 1.366895309000000060e+08 2.135872400000000000e+07 1.544535446800000034e+07
9.884257354999999702e+07 1.530361795999999940e+08 1.798316400000000000e+07 1.189235384000000060e+08
1.179097386500000060e+08 1.533318590000000000e+08 1.683444400000000000e+07 3.456488785000000149e+07
8.775780468000000715e+07 1.154254951250000000e+08 2.363394000000000000e+07 3.361240459999999730e+05
1.020030216700000018e+08 1.734113960000000000e+08 1.743120000000000000e+07 6.522371400000000000e+07
8.112967514999999106e+07 1.225518466599999964e+08 2.450385800000000000e+07 1.461328564999999944e+06
6.235104984000000358e+07 1.621838316899999976e+08 3.133872700000000000e+07 4.663517343000000343e+06
1.369596627500000000e+08 8.638546740000000596e+07 1.681069100000000000e+07 1.700633184000000060e+08
8.279444704999999702e+07 1.214348362300000042e+08 2.401665400000000000e+07 1.648181500999999931e+06
1.263948886700000018e+08 8.891371538099999726e+07 1.794912900000000000e+07 1.328659713789999932e+08
9.231200595399999619e+07 1.201141434000000060e+08 2.139917800000000000e+07 6.982316302000000142e+06
1.206638678499999940e+08 8.893103373999999464e+07 1.813438500000000000e+07 1.814901706250000000e+08
8.506407348999999464e+07 1.180096220680000037e+08 2.414433800000000000e+07 4.503970289999999804e+05
9.519195375399999321e+07 1.210025564000000060e+08 2.085230000000000000e+07 8.701534541999999434e+06
8.001756978800000250e+07 1.219083831328999996e+08 2.511148600000000000e+07 7.571806589800000191e+06
1.101125741200000048e+08 1.078174663700000048e+08 2.013754000000000000e+07 3.815813390000000130e+06
8.621785233000001311e+07 1.164863523059999943e+08 2.344729000000000000e+07 1.158494628999999957e+06
1.044119426599999964e+08 1.718254340000000000e+08 1.725360700000000000e+07 6.425635900000000000e+07
1.316361058599999845e+08 9.690412540000000596e+07 1.644039600000000000e+07 2.085974661999999881e+08
9.129756981000000238e+07 1.274367165000000000e+08 2.099433000000000000e+07 1.152955798900000006e+07
9.344402301000000536e+07 1.747804620000000000e+08 1.846855800000000000e+07 4.273612460000000149e+07
1.018107127600000054e+08 1.005427941299999952e+08 2.051356900000000000e+07 8.904017983900000155e+07
7.627544778399997950e+07 1.311931473599999994e+08 2.516680300000000000e+07 3.948082870999999810e+06
1.225753042799999565e+08 1.559461380000000000e+08 1.618681300000000000e+07 5.847636700000000000e+07
1.121827256500000060e+08 1.039269967000000030e+08 1.788657200000000000e+07 2.235561649000000060e+08
6.820584632099999487e+07 1.567272446800000072e+08 2.628107200000000000e+07 2.301336064999999851e+07
1.331935344899999946e+08 8.704589427899999917e+07 1.751108600000000000e+07 1.305074938910000026e+08
7.078090170999999344e+07 2.006062200000000000e+08 2.335769000000000000e+07 4.456554129999999702e+07
5.826548775999999791e+07 2.694340231000000238e+08 4.615946800000000000e+07 2.166911819999999925e+07
1.359755539699999690e+08 9.405985909999999404e+07 1.625836800000000000e+07 2.013766403400000036e+08
1.143917150799999982e+08 1.055946697500000000e+08 1.988097600000000000e+07 3.398254870000000112e+06
5.998906479999999702e+07 1.934206544000000060e+08 3.010169300000000000e+07 2.436042760000000149e+07
1.215892536679999977e+08 8.851309191350001097e+07 1.803204200000000000e+07 1.871051704286299944e+08
8.425304041999998689e+07 1.224923698599999994e+08 2.299398100000000000e+07 5.783837492999999784e+06
9.802860431800000370e+07 1.248157314000000060e+08 2.018306000000000000e+07 1.201079287099999934e+07
1.364388921600000262e+08 9.297584179999999702e+07 1.658443000000000000e+07 1.563521914699999988e+08
1.295121721899999976e+08 1.277399660000000000e+08 1.617102600000000000e+07 9.535870420000000298e+07
1.099097789400000423e+08 1.346575670000000000e+08 1.762458400000000000e+07 7.467802443999999762e+07
8.142407521000000834e+07 1.189656470003000051e+08 2.413714100000000000e+07 5.322706383039999753e+07
1.090099595509999990e+08 9.433618688549999893e+07 1.918810300000000000e+07 1.762205500294399858e+08
1.085748630499999970e+08 1.292184050000000000e+08 1.868213500000000000e+07 1.871968285000000149e+07
