8.943603192299999297e+07 1.140510543139999956e+08 2.283839700000000000e+07 9.849943930000000400e+05
1.104304337099999934e+08 1.055900625300000012e+08 2.032815400000000000e+07 2.381895970000000205e+06
7.880419868999999762e+07 1.255742471969999969e+08 2.547229400000000000e+07 8.073074350000000559e+05
1.004252949987999946e+08 1.146175290000000000e+08 2.067148500000000000e+07 5.859324615119999275e+06
1.145953212399999946e+08 1.009582550810000002e+08 2.046371600000000000e+07 3.500746199999999953e+05
1.230983709660000205e+08 1.312388280000000000e+08 1.733218000000000000e+07 2.212334822899999842e+07
1.003934400219999999e+08 1.264340764000000060e+08 1.978161000000000000e+07 1.371754617100000009e+07
1.290170495199999809e+08 9.401706979999999702e+07 1.804597900000000000e+07 7.786078900000000000e+07
9.564202440000000596e+07 1.080426513700000048e+08 2.206325900000000000e+07 5.990737130000000820e+06
1.051041296979999989e+08 1.143512087000000030e+08 2.010840300000000000e+07 7.085985355049999431e+06
9.788765951999999583e+07 1.081402420680000037e+08 2.187727900000000000e+07 4.503970289999999804e+05
9.038425731000000238e+07 1.449049156999999881e+08 2.009521700000000000e+07 2.208935233999999985e+07
8.430715489000000060e+07 1.710467960000000000e+08 2.009203500000000000e+07 3.629636864000000060e+07
6.676724599000000209e+07 1.456725122430000007e+08 2.943901100000000000e+07 1.270964754999999888e+06
1.364820130099999905e+08 8.788661709999999404e+07 1.677701000000000000e+07 1.650648019000000060e+08
9.582836621699999273e+07 1.035047503787000030e+08 2.112440300000000000e+07 1.392064974972999990e+08
1.031320434099999964e+08 1.557861530000000000e+08 1.799752100000000000e+07 3.288541221000000089e+07
1.116717287230000049e+08 9.491491139900000393e+07 1.858981500000000000e+07 1.889696492339999974e+08
1.375235526200000048e+08 8.737665220000000298e+07 1.674133700000000000e+07 1.675240095000000000e+08
1.170279771899999976e+08 1.194748529000000060e+08 1.852315200000000000e+07 1.330666268160000071e+07
1.158081988299999833e+08 1.344662230000000000e+08 1.774009200000000000e+07 2.288795037999999896e+07
1.351000032060000002e+08 8.653788243000000715e+07 1.734881600000000000e+07 1.369269141399999857e+08
5.826112804000000656e+07 2.709703486999999881e+08 4.608593700000000000e+07 2.263566819999999925e+07
1.232057323299999982e+08 1.529106310000000000e+08 1.625663300000000000e+07 4.975449100000000000e+07
9.569541381000001729e+07 1.092642187020000070e+08 2.222898000000000000e+07 3.671652650000000140e+05
9.893912868000000715e+07 1.080090413990000039e+08 2.166091700000000000e+07 6.715723530000000028e+05
8.546275726999999583e+07 1.175435487600000054e+08 2.347479200000000000e+07 1.460821922000000020e+06
1.312052813530000001e+08 8.541190927430000901e+07 1.735776400000000000e+07 1.818277804599600136e+08
1.285035969200000018e+08 8.665971737000000477e+07 1.751168700000000000e+07 1.748366817500000000e+08
1.115507667300000042e+08 1.195160332000000030e+08 1.903327100000000000e+07 1.212676503680000082e+07
1.182249830499999970e+08 1.115445277999999970e+08 1.898596700000000000e+07 8.287927500000000000e+06
1.252321822600000054e+08 9.726277900000000000e+07 1.917418300000000000e+07 2.185138828000000119e+07
8.306947259000000358e+07 1.164852988900000006e+08 2.379969800000000000e+07 5.089044710532999784e+07
1.267120804000000060e+08 1.458036440000000000e+08 1.621592200000000000e+07 4.958041479999999702e+07
6.013270477200000733e+07 1.853425091999999881e+08 3.261803300000000000e+07 1.337807628999999911e+07
1.262787133599999845e+08 1.166762802500000000e+08 1.735087400000000000e+07 5.063550215999999642e+07
6.459241440999999642e+07 1.500913833600000143e+08 2.935256200000000000e+07 3.726029830999999773e+06
1.248901094989999980e+08 1.390435070000000000e+08 1.685463500000000000e+07 2.741572962999999896e+07
1.368462883299999833e+08 9.403067470000000298e+07 1.624533800000000000e+07 1.858513767199999988e+08
7.682113850000000000e+07 1.277631318739999980e+08 2.590790400000000000e+07 1.200689744000000181e+06
1.038726896500000060e+08 1.010538823700000048e+08 2.018916400000000000e+07 7.310930359000000358e+07
8.611787739000000060e+07 1.292635180000000000e+08 2.189919700000000000e+07 1.037443319899999909e+07
9.765922716000004113e+07 1.605724590000000000e+08 1.823855100000000000e+07 4.364007810000000149e+07
8.756410993729999661e+07 1.165314371400000006e+08 2.287070000000000000e+07 2.062461739430000074e+06
1.085033914749999940e+08 9.429614729889999330e+07 1.915631900000000000e+07 1.988503770979999900e+08
1.375939125900000334e+08 9.468314400000000000e+07 1.621420400000000000e+07 1.803568864000000060e+08
9.847858529899999499e+07 1.013126189560000002e+08 2.058955600000000000e+07 1.611236141602999866e+08
9.623744987999999523e+07 1.417805780000000000e+08 1.932634900000000000e+07 2.499535160000000149e+07
1.063623990400000066e+08 1.044167853969999999e+08 2.105918600000000000e+07 3.782580100000000093e+05
1.003287855799999982e+08 9.985817804000000656e+07 2.027865900000000000e+07 1.775883565121000111e+08
1.333081829699999988e+08 8.735396501000000536e+07 1.749969600000000000e+07 1.283443629699999988e+08
1.352512411399999857e+08 9.182510837999999523e+07 1.680470500000000000e+07 1.476438524699999988e+08
1.199798052199999988e+08 1.638652030000000000e+08 1.626395200000000000e+07 6.281399400000000000e+07
7.643017277700001001e+07 1.249376002091999948e+08 2.575342800000000000e+07 3.462121258891999722e+07
1.240163661800000072e+08 9.871702259999999404e+07 1.927573100000000000e+07 1.561768540000000037e+07
1.271755096099999845e+08 1.323402492999999970e+08 1.615228400000000000e+07 1.008315195000000000e+08
8.576169609000000358e+07 1.799892100000000000e+08 1.951831900000000000e+07 4.271296570000000298e+07
8.830542501399999857e+07 1.198048570100000054e+08 2.223433400000000000e+07 5.068066297000000253e+06
1.269878356599999964e+08 9.572408259999999404e+07 1.863477800000000000e+07 4.676857510000000149e+07
7.298691342000000179e+07 1.345512822700000107e+08 2.694044100000000000e+07 1.516091031999999890e+06
1.274201278540000468e+08 9.411587736800000072e+07 1.889383500000000000e+07 4.042191625699999928e+07
1.193310736123999953e+08 8.945427216309998930e+07 1.820388100000000000e+07 1.838165240439400077e+08
8.918383900000000000e+07 1.821818240000000000e+08 1.871326600000000000e+07 6.319874200000000000e+07
1.228440481500000060e+08 1.207779672999999970e+08 1.800928300000000000e+07 1.477545900000000000e+07
9.804872232000002265e+07 1.714729420000000000e+08 1.804368500000000000e+07 4.280234020000000298e+07
7.792053782599999011e+07 1.268108501500000060e+08 2.513098900000000000e+07 2.183152391900000162e+06
9.004159059400001168e+07 1.091914739157000035e+08 2.209984100000000000e+07 8.806978939689999819e+07
9.163987076000000536e+07 1.118969613359999955e+08 2.270025100000000000e+07 5.977932119999999413e+05
9.646376101100000739e+07 1.030264503673000038e+08 2.092446400000000000e+07 1.442061713709000051e+08
1.073974702000000179e+08 1.049551245000000000e+08 1.844692600000000000e+07 2.232697270300000012e+08
6.927336883999998868e+07 1.434168193899999857e+08 2.716712800000000000e+07 5.378472957000000402e+06
1.127935457399999946e+08 1.024240902290000021e+08 2.042616200000000000e+07 8.334564340000000084e+05
1.290980251099999994e+08 1.248813560000000000e+08 1.645284800000000000e+07 7.942169700000000000e+07
1.334717831400000155e+08 8.653394798999999464e+07 1.726780400000000000e+07 1.507362622700000107e+08
1.246113540300000012e+08 1.131798868100000024e+08 1.795590800000000000e+07 3.133704555999999866e+07
9.073410026000000536e+07 1.630129090000000000e+08 1.919277500000000000e+07 3.375227481000000238e+07
6.019450704999999702e+07 1.966134860000000000e+08 2.971557800000000000e+07 2.675377180000000075e+07
1.230752232900000066e+08 1.115047877999999970e+08 1.858569400000000000e+07 9.268732300000000745e+06
1.281125547800000161e+08 9.343385943999999762e+07 1.860641900000000000e+07 5.414798221999999881e+07
1.175138459000000060e+08 1.378625110000000000e+08 1.739206800000000000e+07 2.711892900000000000e+07
8.267535759999999404e+07 1.203026185259999931e+08 2.433147100000000000e+07 1.016962111000000034e+06
9.567486965000000596e+07 1.144875752600000054e+08 2.129892700000000000e+07 6.943246616000000387e+06
6.279289352000000328e+07 1.957320224000000060e+08 2.681507900000000000e+07 3.367993830000000447e+07
6.813030355800001323e+07 1.423483550600000024e+08 2.838581500000000000e+07 2.292090760300000198e+06
1.358069402580000162e+08 8.627845260100001097e+07 1.682071300000000000e+07 1.809246622060000002e+08
1.228852482199999988e+08 9.767610337000000477e+07 1.984750500000000000e+07 2.817525029999999795e+06
1.252729366819999963e+08 8.725202568366000056e+07 1.776830700000000000e+07 1.840227340918700099e+08
9.075076254500000179e+07 1.808391580000000000e+08 1.865210600000000000e+07 4.758140100000000000e+07
1.088549580400000066e+08 1.577946170000000000e+08 1.715623800000000000e+07 5.376814000000000000e+07
1.227947970900000036e+08 1.033356428400000036e+08 1.927886900000000000e+07 3.769397629999999888e+06
9.807931973999999464e+07 1.088781049080000073e+08 2.164032800000000000e+07 1.144888652000000002e+06
1.242905629000000209e+08 1.501402150000000000e+08 1.624053500000000000e+07 4.921043500000000000e+07
1.121507466400000006e+08 1.131204034000000060e+08 1.943980200000000000e+07 8.077365299999999814e+06
6.636494047099999338e+07 1.430871978630000055e+08 2.930929400000000000e+07 2.848210827910000086e+07
1.050306668840000033e+08 1.025662362800000012e+08 1.896243100000000000e+07 2.116800100999999940e+08
1.020826491400000006e+08 1.601280030000000000e+08 1.792948600000000000e+07 3.587385289000000060e+07
1.158292015000000000e+08 1.019218990000000000e+08 1.758283600000000000e+07 2.194476425300000012e+08
6.108276694699999690e+07 1.711731318000000119e+08 3.034581400000000000e+07 1.191116750999999978e+07
1.033208545999999940e+08 1.043571457719999999e+08 2.131200100000000000e+07 4.932681141000000760e+06
1.253247468680000007e+08 1.106835370240000039e+08 1.792457400000000000e+07 3.859917035300000012e+07
9.230815415000000596e+07 1.260814870999999940e+08 2.092103200000000000e+07 1.104217066900000162e+07
1.310918558750000000e+08 9.061592912000000477e+07 1.807790400000000000e+07 8.563504495999999344e+07
1.174490950499999970e+08 9.407403484999999404e+07 1.789525400000000000e+07 2.025707278089999855e+08
7.906330530000001192e+07 1.224765513700000048e+08 2.525775500000000000e+07 1.161798723000000045e+07
6.727515098999999464e+07 2.097015410000000000e+08 2.457683700000000000e+07 4.687012260000000149e+07
1.203624353349999934e+08 1.264292077999999970e+08 1.780057000000000000e+07 1.863848493200000003e+07
7.714562453999999166e+07 1.540869656899999976e+08 2.280333900000000000e+07 3.776255126000000536e+07
1.286399738599999994e+08 1.291200780999999940e+08 1.615867500000000000e+07 9.750363850000000000e+07
1.140941322800000012e+08 1.069188669000000060e+08 1.974035400000000000e+07 5.595181359999999404e+06
1.002290895000000000e+08 1.338703067999999970e+08 1.929997800000000000e+07 1.978315935000000149e+07
1.041412549099999964e+08 1.262387920000000000e+08 1.873784500000000000e+07 5.987396000000000000e+07
1.113232793310000002e+08 9.861372971799999475e+07 1.988743800000000000e+07 4.805870948600000143e+07
1.209299945300000012e+08 9.974382687800000608e+07 1.984965000000000000e+07 8.837695559999999823e+05
1.298461783499999940e+08 9.666406559999999404e+07 1.667842900000000000e+07 1.819884840000000000e+08
7.484346825000000000e+07 1.324918230010000020e+08 2.686769400000000000e+07 6.385939939999999478e+05
9.685108990999999642e+07 1.659064560000000000e+08 1.832089700000000000e+07 3.742419028999999911e+07
1.167494405100000054e+08 1.557973680000000000e+08 1.675439700000000000e+07 4.076386579999999702e+07
1.335110059800000042e+08 8.984076420000000298e+07 1.745585100000000000e+07 1.173283225000000000e+08
1.149350641759999990e+08 9.111053123450000584e+07 1.855696000000000000e+07 1.937379367105999887e+08
7.263976032060000300e+07 1.309455489205899984e+08 2.697157400000000000e+07 3.316415770648999885e+07
1.042711200649999976e+08 9.694155129600000381e+07 1.967900200000000000e+07 2.010512781766000092e+08
8.130304760199999809e+07 1.238023437399999946e+08 2.393704400000000000e+07 3.500490981999999844e+06
9.958811056000000238e+07 1.024573083739999980e+08 2.073128500000000000e+07 7.545977338799999654e+07
5.842881022999999672e+07 2.626900718000000119e+08 4.654125200000000000e+07 1.665046417999999970e+07
1.228916627500000000e+08 1.416317800000000000e+08 1.684264000000000000e+07 2.905573498000000045e+07
8.840589720100000501e+07 1.336691055999999940e+08 2.113940800000000000e+07 1.392442744400000013e+07
1.190676884200000018e+08 1.041190378199999928e+08 1.961939900000000000e+07 2.966240060000000056e+06
8.772572548000000417e+07 1.151033271969999969e+08 2.326233300000000000e+07 8.073074350000000559e+05
7.066481943999999762e+07 1.382842366739999950e+08 2.810469600000000000e+07 9.707845870000000577e+05
1.020142800499999970e+08 1.048735228700000048e+08 1.937089200000000000e+07 1.954507898899999857e+08
6.521497827000000328e+07 2.125975940000000000e+08 2.537038000000000000e+07 4.615010950000000000e+07
1.366488874600000083e+08 8.390557137299999595e+07 1.707179900000000000e+07 1.723672355530000031e+08
9.944525843999999762e+07 1.475362180000000000e+08 1.865764900000000000e+07 2.916622589999999851e+07
1.247266010300000161e+08 1.258647835999999940e+08 1.744798300000000000e+07 2.398091520000000298e+07
7.667767537000000477e+07 1.973259120000000000e+08 2.150384200000000000e+07 5.123074079999999702e+07
6.350358085000000149e+07 2.021950880000000000e+08 2.626018200000000000e+07 3.845179979999999702e+07
1.022636668299999982e+08 1.731904700000000000e+08 1.741130600000000000e+07 6.514274400000000000e+07
1.096177098499999940e+08 1.006200493799999952e+08 1.838162600000000000e+07 2.159347921800000072e+08
8.525437243599998951e+07 1.213825307600000054e+08 2.283975000000000000e+07 4.616829572999998927e+06
6.244267690999999642e+07 1.618248697100000083e+08 3.134717300000000000e+07 4.458274114000000060e+06
9.239402053000000119e+07 1.128858425100000054e+08 2.217310100000000000e+07 1.793710566999999806e+06
1.114358371099999994e+08 9.492363176999999583e+07 1.905788100000000000e+07 1.322467181899999976e+08
1.143624262500000000e+08 1.660928330000000000e+08 1.659205400000000000e+07 6.328344500000000000e+07
1.117144664000000060e+08 1.028978755999999940e+08 1.798545100000000000e+07 2.212940210999999940e+08
9.343316618999999762e+07 1.511001260000000000e+08 1.928072800000000000e+07 2.767990841000000015e+07
