9.375228123999999464e+07 1.108518541589999944e+08 2.222773400000000000e+07 8.575444059999999590e+05
1.226995900100000054e+08 1.454976300000000000e+08 1.671214600000000000e+07 3.123182244000000134e+07
1.231578583799999952e+08 9.756538593600000441e+07 1.988432300000000000e+07 2.186255481000000145e+06
1.274260573599999994e+08 8.671194512999999523e+07 1.766710700000000000e+07 1.738406408389999866e+08
8.501733275000000000e+07 1.179279933199999928e+08 2.355041800000000000e+07 1.624440427999999840e+06
1.145143831439999938e+08 9.127080005799999833e+07 1.860566000000000000e+07 1.939925218366999924e+08
1.334282892600000203e+08 9.365342278000000119e+07 1.722346700000000000e+07 1.166491412000000030e+08
1.241256751600000411e+08 9.398518767000000179e+07 1.722147300000000000e+07 2.015892115399999917e+08
7.909597450699999928e+07 1.214428193148999959e+08 2.486090900000000000e+07 4.436600459756000340e+07
1.232823322419999987e+08 1.302401050000000000e+08 1.737087100000000000e+07 2.156328191849999875e+07
1.063269576899999976e+08 1.127873137000000030e+08 2.016107800000000000e+07 5.856153209999999963e+06
1.283770524899999946e+08 9.344323067000000179e+07 1.862713700000000000e+07 5.277624435999999940e+07
1.340930353680000454e+08 8.675281945000000298e+07 1.743017100000000000e+07 1.337958383349999934e+08
1.343017311800000072e+08 8.712106139599999785e+07 1.686980800000000000e+07 1.817024487739999890e+08
9.435232350000000000e+07 1.785985720000000000e+08 1.808417300000000000e+07 6.483684700000000000e+07
1.231834399000000209e+08 1.107685395999999940e+08 1.863455200000000000e+07 8.830566699999999255e+06
1.109700369210000038e+08 1.175677065000000000e+08 1.927965500000000000e+07 1.022628446900000051e+07
6.419449377000000328e+07 1.516082347000000179e+08 2.940743900000000000e+07 4.356686908000000753e+06
9.170289510999999940e+07 1.098426798719999939e+08 2.248503800000000000e+07 1.229881728099999949e+07
1.227916442500000000e+08 1.190669954000000060e+08 1.804897400000000000e+07 1.521097548000000045e+07
1.313884307900000066e+08 9.130448173000000417e+07 1.676911100000000000e+07 1.958439648300000131e+08
7.233400647999998927e+07 2.024409340000000000e+08 2.282075400000000000e+07 4.848725239999999851e+07
1.013683228289999962e+08 9.905601841799999774e+07 2.011505900000000000e+07 1.839675506173000038e+08
1.058530042099999934e+08 1.044675917759999931e+08 2.108525700000000000e+07 5.294473020000000251e+05
9.141019666699999571e+07 1.224230437000000030e+08 2.135956800000000000e+07 8.291068013999998569e+06
1.245056251199999601e+08 1.483701320000000000e+08 1.627349700000000000e+07 4.822345510000000149e+07
1.127982910199999809e+08 1.020270881389999986e+08 2.048632600000000000e+07 5.975051629999999423e+05
8.776569604000000656e+07 1.151158541369999945e+08 2.348010900000000000e+07 4.870410129999999772e+05
1.201992560849999785e+08 9.514843332899999619e+07 1.938666600000000000e+07 4.780250449400000274e+07
7.465442351999999583e+07 1.276832113700000048e+08 2.632518500000000000e+07 2.828983023000000045e+07
1.043335736700000018e+08 1.049255979350000024e+08 2.129344400000000000e+07 3.891923840000000200e+05
9.285453048000000417e+07 1.446487714000000060e+08 1.968404400000000000e+07 2.337288310999999940e+07
9.747846996999999881e+07 1.082186632360000014e+08 2.199981200000000000e+07 3.804870990000001038e+05
1.370609049600000083e+08 8.666187029999999702e+07 1.685536600000000000e+07 1.638552215000000000e+08
8.276839290999999642e+07 1.874568680000000000e+08 1.999170400000000000e+07 5.553305700000000000e+07
1.067572735429999977e+08 1.322154367000000030e+08 1.871782000000000000e+07 1.923660365500000119e+07
6.870766743700000644e+07 1.425327638159999847e+08 2.884307900000000000e+07 9.928814470000000438e+05
9.647431374500000477e+07 1.029524957257000059e+08 2.098834400000000000e+07 1.437697710643999875e+08
1.274647177859999985e+08 9.291671189000000060e+07 1.856161300000000000e+07 5.995628707000000030e+07
1.339206741400000006e+08 8.877087100000000000e+07 1.746770400000000000e+07 1.207200165400000066e+08
1.162353242900000066e+08 1.515264480000000000e+08 1.701018100000000000e+07 3.315053329000000283e+07
1.267612495199999958e+08 1.265607960000000000e+08 1.655917200000000000e+07 7.479216020000000298e+07
7.775688492999999225e+07 1.296118519099999964e+08 2.459558400000000000e+07 4.835100139000000432e+06
9.984018362000000477e+07 1.070913457210000008e+08 2.170040200000000000e+07 3.997341099999999860e+05
1.102584535799999982e+08 1.439781215000000000e+08 1.710900900000000000e+07 1.121591772999999970e+08
6.259876910000000149e+07 1.595563414699999988e+08 3.013940700000000000e+07 9.213326372999999672e+06
1.282020654899999946e+08 1.278968402000000030e+08 1.624522800000000000e+07 9.370876090000000596e+07
1.203676999800000340e+08 1.070753352000000030e+08 1.914920700000000000e+07 5.813991330000000075e+06
1.022875954000000060e+08 1.095838399899999946e+08 2.098473200000000000e+07 2.489183169999999925e+06
1.144377615900000036e+08 1.011413747310000062e+08 2.043374700000000000e+07 4.033969820000000182e+05
1.329853871599999964e+08 8.999846490000000596e+07 1.719755900000000000e+07 1.354793528000000119e+08
1.231215785400000066e+08 1.030070192399999946e+08 1.928900700000000000e+07 3.606089399999999907e+06
1.206323091400000155e+08 1.003080128100000024e+08 1.981913700000000000e+07 1.104102902000000002e+06
1.291018468299999982e+08 9.103725079999999702e+07 1.773900900000000000e+07 1.120926820999999940e+08
8.790765222599999607e+07 1.337334562999999970e+08 2.117883300000000000e+07 1.434036570900000073e+07
1.052808007699999958e+08 1.343482451999999881e+08 1.874259200000000000e+07 2.032709103999999911e+07
1.251305893649999946e+08 9.519126368999999762e+07 1.909717300000000000e+07 3.260380611800000072e+07
7.574494096999999881e+07 1.985238940000000000e+08 2.176934000000000000e+07 5.060458400000000000e+07
1.116093538130000234e+08 1.002098286710000038e+08 2.031223900000000000e+07 1.871741354399999976e+07
1.182336148499999940e+08 1.020094530499999970e+08 1.985554100000000000e+07 1.831455245000000112e+06
1.178484844000000209e+08 1.493412950000000000e+08 1.672387500000000000e+07 4.695574970000000298e+07
1.358010008100000024e+08 9.628960279999999702e+07 1.617734100000000000e+07 2.083782650999999940e+08
1.245479904280000031e+08 8.755494003929999471e+07 1.779195900000000000e+07 1.872957145525999963e+08
8.346927757999999821e+07 1.195873809699999988e+08 2.387974100000000000e+07 1.744321026000000071e+06
1.234791442900000215e+08 1.180527197000000030e+08 1.807721200000000000e+07 1.476915540000000037e+07
1.116274931899999976e+08 1.683992150000000000e+08 1.676246900000000000e+07 6.394309000000000000e+07
1.274781453219999969e+08 9.417909025900000334e+07 1.889790300000000000e+07 3.991253626200000197e+07
8.707450350000000000e+07 1.186698786400000006e+08 2.277910700000000000e+07 2.909614226800000295e+06
9.107976017100000381e+07 1.779345340000000000e+08 1.869876600000000000e+07 4.355073539999999851e+07
7.759538467999999225e+07 1.268502049679999948e+08 2.584234600000000000e+07 9.024555359999999637e+05
1.132115213819999993e+08 1.302747150999999940e+08 1.820083500000000000e+07 1.958261113500000164e+07
9.107747043999999762e+07 1.140757582900000066e+08 2.229877000000000000e+07 2.088912132999999914e+06
8.900591293700000644e+07 1.490777070000000000e+08 2.010309100000000000e+07 2.425367801999999955e+07
8.912323026999999583e+07 1.525441563000000119e+08 1.953189700000000000e+07 8.400012620000000298e+07
6.645711642759999633e+07 1.428376470754899979e+08 2.931671100000000000e+07 2.809118228277000040e+07
6.267372272000000626e+07 1.627220389000000060e+08 2.880689000000000000e+07 1.134077049000000022e+07
1.264710509800000042e+08 1.215387145000000000e+08 1.690704600000000000e+07 6.443825284000000358e+07
9.858583279379999638e+07 1.138676735799999982e+08 2.098158300000000000e+07 4.898839134140000679e+06
9.335827064800000191e+07 1.156909505799999982e+08 2.163817400000000000e+07 4.254122061899999157e+06
1.143334377300000042e+08 1.416479279000000060e+08 1.683868000000000000e+07 1.099646395999999940e+08
8.144627393999999762e+07 1.217899571969999969e+08 2.481022000000000000e+07 8.073074350000000559e+05
1.075406164500000030e+08 9.710757521999999881e+07 1.965959700000000000e+07 1.094580122929999977e+08
1.073758702500000000e+08 1.107220417399999946e+08 2.015290900000000000e+07 5.368857509999999776e+06
9.923849254999999702e+07 1.021946384699999988e+08 2.086891500000000000e+07 8.338660890399999917e+07
1.012711966030000001e+08 1.186667679000000060e+08 2.021931900000000000e+07 8.928684771499998868e+06
1.329198261899999976e+08 8.499243381000000238e+07 1.727334900000000000e+07 1.740833163529999852e+08
6.675909563000000268e+07 1.456825260379999876e+08 2.943889800000000000e+07 1.276227539000000106e+06
1.281097714400000423e+08 9.606780200000000000e+07 1.675717900000000000e+07 2.005718456100000143e+08
6.846811118000000715e+07 1.386471713700000048e+08 2.849747600000000000e+07 3.214915923000000045e+07
8.533034127000001073e+07 1.142859767179999948e+08 2.348677500000000000e+07 2.343082999799999967e+07
1.376933486500000060e+08 9.565702020000000298e+07 1.616419000000000000e+07 1.819146546999999881e+08
1.148233569099999964e+08 9.610625213099999726e+07 1.958886500000000000e+07 6.352994338899999857e+07
1.225511103599999994e+08 9.451562735999999940e+07 1.733369400000000000e+07 2.026674514300000072e+08
1.212524568699999601e+08 9.364328140999999642e+07 1.752340700000000000e+07 2.008632554900000095e+08
7.391493147999998927e+07 1.327677502769999951e+08 2.708046100000000000e+07 7.949750829999999842e+05
9.609151168999999762e+07 1.641477440000000000e+08 1.843895500000000000e+07 3.652932840999999642e+07
9.725736656000000238e+07 1.595821540000000000e+08 1.845601000000000000e+07 3.410335660000000149e+07
1.236426085999999940e+08 1.128784430000000000e+08 1.791396600000000000e+07 3.807204300000000000e+07
1.043682694430000037e+08 1.056222407900000066e+08 1.890478700000000000e+07 1.994589335500000119e+08
8.872939728500001132e+07 1.205355103400000036e+08 2.206661700000000000e+07 5.748930586000000127e+06
8.666051590000000596e+07 1.838312320000000000e+08 1.925648200000000000e+07 4.607645520000000298e+07
7.246986010000000894e+07 1.351625989699999988e+08 2.650012500000000000e+07 4.000383942999999970e+06
1.347058057700000107e+08 9.240004140000000596e+07 1.683112900000000000e+07 1.450674164799999893e+08
6.374560545000000298e+07 2.040648680000000000e+08 2.610239200000000000e+07 3.980027770000000298e+07
9.023240279000000656e+07 1.745795230000000000e+08 1.875551800000000000e+07 4.905429160000000149e+07
1.079095472000000030e+08 1.596068910000000000e+08 1.744606600000000000e+07 3.632279975999999791e+07
5.998417235000000149e+07 1.933241391999999881e+08 3.011518700000000000e+07 2.428718280000000075e+07
5.848279614000000060e+07 2.614793641999999881e+08 4.659940800000000000e+07 1.582419839000000060e+07
1.025939114800000042e+08 1.548561030000000000e+08 1.806383100000000000e+07 3.253551730999999866e+07
1.201652074350000024e+08 1.187721322000000030e+08 1.828963200000000000e+07 1.363508298359999992e+07
8.464629165000002086e+07 1.381129495000000000e+08 2.164840500000000000e+07 1.517646273000000045e+07
1.229994310699999928e+08 1.563103160000000000e+08 1.615895000000000000e+07 5.836354700000000000e+07
1.244022019479999840e+08 1.391254500000000000e+08 1.686369000000000000e+07 2.766588160000000149e+07
8.500215922000001371e+07 1.320446789000000060e+08 2.194231200000000000e+07 1.183968409100000001e+07
8.899377340999999642e+07 1.788151720000000000e+08 1.892983400000000000e+07 4.475137050000000000e+07
9.663840987999999523e+07 1.172831329000000060e+08 2.095364900000000000e+07 6.576243951600000262e+06
7.700558657589998841e+07 1.241108059944300056e+08 2.558275800000000000e+07 3.483283574815999717e+07
1.188787154169999957e+08 8.968180920919999480e+07 1.823309900000000000e+07 1.831562755889199972e+08
1.032608980999999940e+08 9.761954703300000727e+07 1.987085100000000000e+07 2.001248199370999932e+08
6.054171040999999642e+07 1.745926006999999881e+08 3.099778900000000000e+07 1.199353478999999911e+07
9.374743957999999821e+07 1.741164830000000000e+08 1.844653700000000000e+07 4.240791529999999702e+07
1.266561793100000024e+08 9.534154100000000000e+07 1.919142700000000000e+07 2.529087100000000000e+07
8.146868759000000358e+07 1.187918813700000048e+08 2.445328200000000000e+07 1.833990723000000045e+07
9.309302414000000060e+07 1.525676805999999940e+08 1.876043500000000000e+07 1.078793515300000012e+08
9.556819028000001609e+07 1.580638400000000000e+08 1.873843100000000000e+07 3.222884891000000015e+07
1.370448259000000060e+08 8.394411379199999571e+07 1.706357800000000000e+07 1.692787748339999914e+08
5.829084982000000775e+07 2.675852925999999940e+08 4.627840000000000000e+07 2.011151270000000298e+07
1.153316585799999982e+08 9.825582425000000000e+07 1.962247600000000000e+07 3.945670063000000268e+07
1.137062142199999988e+08 1.078536645999999940e+08 1.972576800000000000e+07 4.899924339999999851e+06
9.022357732999999821e+07 1.819183650000000000e+08 1.862361300000000000e+07 5.343789889999999851e+07
1.139590000000000000e+08 1.376717820000000000e+08 1.773509800000000000e+07 2.467847364000000060e+07
1.096875645020000041e+08 9.354802741990000010e+07 1.907170900000000000e+07 1.995060761796000004e+08
7.415863803899998963e+07 1.334237795100000054e+08 2.586897200000000000e+07 3.679155996999999974e+06
9.703673018999999762e+07 1.375166145000000000e+08 1.949710600000000000e+07 2.037244075000000000e+07
1.111500063299999982e+08 1.052790690000000000e+08 1.795238700000000000e+07 2.268428283000000119e+08
8.482335958999998868e+07 1.239840899300000072e+08 2.268425400000000000e+07 6.234769509999999776e+06
1.256463121900000423e+08 1.378498125999999940e+08 1.615250300000000000e+07 1.080855335999999940e+08
1.310600989029999971e+08 9.064026229000000656e+07 1.808402300000000000e+07 8.528417965999999642e+07
8.538998717299997807e+07 1.196357633700000048e+08 2.302306800000000000e+07 3.409045376000000164e+06
1.044328582150000036e+08 1.210133915000000000e+08 1.966912000000000000e+07 1.143724786629999988e+07
6.265844311999999732e+07 2.378028545300000012e+08 4.730001300000000000e+07 1.769590932999999961e+06
6.303332084000000358e+07 1.980478493000000119e+08 2.660833000000000000e+07 3.539678640000000596e+07
8.257915853999999166e+07 1.170679170046000034e+08 2.391893900000000000e+07 4.923374614297000319e+07
1.281967546899999976e+08 1.252997812999999970e+08 1.654048500000000000e+07 7.406134550000000000e+07
7.574473918999998271e+07 1.294922024099999964e+08 2.578494000000000000e+07 2.286183264500000048e+06
7.737110972999998927e+07 1.505888550999999940e+08 2.298350700000000000e+07 1.907273142999999970e+07
1.051577101899999976e+08 1.706900630000000000e+08 1.719907500000000000e+07 6.458131100000000000e+07
1.245943030700000226e+08 1.280045540000000000e+08 1.738593800000000000e+07 2.258107539999999851e+07
8.480380237999999523e+07 1.751847130000000000e+08 1.984710500000000000e+07 3.918154600999999791e+07
9.019278520049999654e+07 1.094331797131700069e+08 2.207857000000000000e+07 6.761862473465000093e+07
9.967483229700000584e+07 1.231276659000000060e+08 2.008088800000000000e+07 1.154315132200000063e+07
7.645791371999999881e+07 1.282410397600000054e+08 2.594495600000000000e+07 1.341114831000000006e+06
1.152350858799999952e+08 1.339383032000000030e+08 1.701585200000000000e+07 9.584916989000000060e+07
9.093496426000000536e+07 1.803878640000000000e+08 1.847394100000000000e+07 6.033625800000000000e+07
1.111944682500000000e+08 1.013681001459999979e+08 2.069573700000000000e+07 3.628103520000000019e+06
5.940300857999999821e+07 2.504782720999999940e+08 4.703404000000000000e+07 8.818902150000000373e+06
