1.1887106712999998E8 1.1478643E8 2.0827072E7 5441382.0200000005
1.2735292567E8 1.220221862E8 1.9279377E7 2.76916167E7
1.3612159275E8 9.72215089E7 1.8665954E7 1.240277833E8
1.207260695876E8 9.666501807549E7 1.9684193E7 1.9339736528277E8
1.2904281608E8 1.030646268E8 2.0446091E7 2.744266704E7
1.2422230873E8 1.54483197E8 1.8012281E7 3.267968088E7
1.1838143784E8 1.07659245397E8 2.1702157E7 378258.01
1.1425970245E8 1.1183459172E8 2.1636618E7 2221390.63
1.00238134951E8 1.337516079E8 2.1529089E7 1.3097075641E7
1.0746459558E8 1.64487856E8 1.9110275E7 3.476440222E7
8.495329141E7 1.81344045E8 2.1693538E7 3.7575727370000005E7
1.2698550385999998E8 1.5906438E8 1.748178E7 4.9615109E7
1.2476794145E8 1.66777816E8 1.7481707E7 5.3654853E7
8.756718747599998E7 1.2679724687E8 2.4560678E7 2870274.6324
7.42643950602E7 1.3600224141845998E8 2.7902457E7 3.554335301821E7
1.198895574E8 1.51030997E8 1.8504679E7 2.9286143164E7
1.3781956735E8 9.0775330426E7 1.846851E7 1.7738860311E8
8.9266073697E7 1.193419899023E8 2.4094169E7 9.74401243773E7
1.1020336365E8 1.1616268451E8 2.1663845E7 4323768.03
1.2329639347E8 1.0793841569E8 2.1059998E7 1726087.7370000002
1.0318729698000002E8 1.075545904907E8 2.1856266E7 1.2094668632604E8
1.1160933684000002E8 1.528697264E8 1.8485602E7 1.159938361E8
8.149204152E7 1.92795285E8 2.2140661E7 4.2457216900000006E7
1.0574553036E8 1.42606939E8 2.0349053E7 1.9948846407E7
9.423625445E7 1.71439802E8 2.0393697E7 3.517021571E7
1.3093053933E8 9.866900513E7 1.8270171E7 2.0377377065E8
6.656519199000001E7 2.16125595E8 2.583257E7 4.80172858E7
1.16250424527E8 1.04664397497E8 2.105091E7 5.0183041033E7
8.466122228999999E7 1.254066418E8 2.5705099E7 9281754.654
6.997115842000002E7 1.589734053E8 2.7268536E7 1.257987141E7
1.31986975473E8 9.7925088843E7 1.961407E7 7.9215693993E7
6.403823493000001E7 1.922071583E8 2.7552014E7 2.919022719E7
9.193543122E7 1.2167442516E8 2.407774E7 1702410.36
7.069614113679999E7 1.4102167967874998E8 2.8916852E7 3.407630854177E7
7.97283137E7 1.425599924E8 2.5211804E7 9227330.063
1.00072733274E8 1.250885284E8 2.2206214E7 7254361.1315
9.732768301E7 1.14597439294E8 2.3186733E7 2.8302198465E7
7.514247086299999E7 1.4081681744E8 2.7066321E7 4083655.347
1.14441266862E8 1.1680321069E8 2.096811E7 1.2641306346E7
6.4712384501E7 1.5673626010999998E8 3.0861153E7 3063987.153
6.4445252579E7 1.577988393E8 3.0737516E7 3707150.952
1.12865988E8 1.425908555E8 1.9528489E7 2.303255268E7
1.28446073419E8 1.013561768188E8 2.0422669E7 3.61134021372E7
1.2612750131700005E8 1.01394553837E8 2.04827E7 4.2245292126E7
6.13816939E7 2.079140692E8 2.9169717E7 3.3618804300000004E7
9.212991243999998E7 1.521938112E8 2.1594037E7 2.298217092E7
1.1458215523000002E8 1.0102773085E8 2.0430038E7 1.43741506048E8
1.1428826809E8 1.5989983E8 1.8640931E7 3.349893119E7
1.27374221591E8 1.18334355548E8 1.9289089E7 3.7502802961E7
1.2714975221E8 1.4932873E8 1.8052401E7 2.94904395726E7
6.501764467E7 2.11148926E8 2.6489006E7 4.2209652E7
7.533153733E7 1.62406102E8 2.5152538E7 1.939120495E7
1.2593782533E8 1.119210856E8 2.0468427E7 4922416.39
9.8522567618E7 1.11261387183E8 2.2234644E7 1.478010655122E8
7.927649806E7 1.3121177137E8 2.6940024E7 9264746.63
1.2618382306E8 1.37752111E8 1.867057E7 2.20206256E7
1.1935698731E8 1.399760873E8 1.9056607E7 2.303358671E7
1.3963892694E8 1.011717804E8 1.7444643E7 1.994410059E8
1.2271798914800002E8 1.03678038449E8 2.1029412E7 2.3151109409E7
1.2534277934E8 1.194889575E8 1.9886217E7 9939423.9
9.0279838695E7 1.596760068E8 2.1531168E7 2.638528051E7
7.244469119999999E7 2.06990088E8 2.4173921E7 4.52383342E7
1.07132002973E8 1.371197313E8 2.0465436E7 1.7348196855E7
1.182119473615E8 9.782852518771E7 1.9921956E7 1.9161173948834E8
8.866091431E7 1.642494518E8 2.1601223E7 2.879420325E7
9.842452597E7 1.5049276122E8 2.0177552E7 8.675658787E7
1.01969673543E8 1.311570757E8 2.1475659E7 1.1980711386E7
8.776238025600003E7 1.3780434E8 2.3402347E7 1.0885015832E7
9.7604578921E7 1.114166087041E8 2.2538698E7 1.289995851496E8
9.599535151E7 1.1819692746E8 2.2284135E7 1.44100800764E8
7.254230619E7 2.07822449E8 2.4100044E7 5.06834447E7
6.059796649E7 1.818333807E8 3.1191875E7 1.522681063E7
9.773141211E7 1.586435617E8 1.9897145E7 9.96089532E7
1.2301569143E8 1.327106545E8 1.9169274E7 1.8299343451E7
1.05910325682E8 1.04613274176E8 2.1251823E7 2.083923940804E8
1.2010544686E8 1.007351838E8 1.9826567E7 1.2989915382E8
8.527559106E7 1.2743309317E8 2.5238208E7 1885169.273
7.907653028000002E7 1.99822859E8 2.2528138E7 4.64168094E7
9.136091436E7 1.18711959872E8 2.4275006E7 1.8071783281E7
8.894870934640001E7 1.2007561162E8 2.4500726E7 3.4010648878E7
1.0428179776E8 1.69936397E8 1.9193535E7 4.0118766E7
6.270040509E7 1.6442340056E8 3.170362E7 4766061.396
1.2837364187E8 1.065474138E8 1.8079757E7 2.252336274E8
1.222540628E8 1.012831898E8 1.9835239E7 1.05141184E8
8.150125665E7 1.30735939942E8 2.6464137E7 804728.5240000001
6.7409281433E7 1.468857002743E8 3.0071859E7 1.601561345996E7
7.888987317999999E7 1.32174772129E8 2.6315303E7 5.7207681097E7
6.657749663E7 1.797000676E8 2.7248437E7 2.273195229E7
8.2701510784E7 1.3229488493E8 2.5455244E7 3229190.963
1.0817822183E8 1.189211425E8 2.1667569E7 5473656.279999999
9.904361316E7 1.142572415E8 2.2299952E7 7.16515541E7
9.8010531893E7 1.2153731935E8 2.2855857E7 4122946.9219
8.09310023E7 1.649351876E8 2.3387472E7 2.473310743E7
1.18330972478E8 1.367981514E8 1.935877E7 1.976259802E7
1.1155232877E8 1.06492572E8 2.0995562E7 7.891319742E7
1.3066455096999998E8 1.051501775E8 1.793672E7 2.21461444E8
1.2791627598000002E8 1.46328984E8 1.8037279E7 3.36491409E7
7.811595501E7 1.79229907E8 2.3455134E7 3.232550875E7
1.06461634402E8 1.0836944309E8 2.0663145E7 2.13027202006E8
1.0589821064E8 1.11561990936E8 2.2748991E7 4621492.981000001
6.961708181E7 1.632170303E8 2.7109952E7 1.482459843E7
1.0543341505E8 1.571303344E8 1.8973813E7 1.193716939E8
1.1398811416E8 1.065043823E8 2.1113036E7 5.138893969E7
1.2382422697200002E8 1.43212071E8 1.8577669E7 2.4646452827E7
6.100441939700001E7 1.86504259E8 3.0305738E7 1.94431771E7
9.091742916E7 1.88488551E8 2.0364502E7 4.425641401E7
6.2027281342E7 1.694963585E8 3.1072063E7 8733712.680000002
1.2765586964E8 9.426493826E7 1.917568E7 1.79201563808E8
1.160798083E8 1.061378513E8 2.0178644E7 1.03389671E8
1.35300914702E8 9.4088385101E7 1.8913045E7 1.28583096131E8
1.2634381273E8 1.0251770233E8 2.04605E7 3.555457672E7
8.4997714289E7 1.47659905612E8 2.3165605E7 5.2204950127E7
1.0730747735999998E8 1.52803855E8 1.9588842E7 2.797520542E7
1.02680831711E8 1.07076866532E8 2.1688635E7 1.853346247965E8
8.463151143E7 1.50903146E8 2.3245752E7 1.7930484900000002E7
9.719688362999998E7 1.63440758E8 2.0306655E7 3.127551304E7
1.209717151E8 1.0199425381E8 1.9049634E7 2.1314843452E8
7.573454021999998E7 1.526395128E8 2.569772E7 1.2965224569999998E7
1.2297882743000002E8 1.221329121E8 1.9866104E7 1.1214297E7
1.171690005E8 1.237294361E8 2.0286919E7 1.11134043978E7
8.300775589999999E7 1.29111601654E8 2.6263598E7 635932.4319999999
7.278366727999999E7 1.41505005297E8 2.8631986E7 1038461.784
8.141475113000001E7 1.472413725E8 2.4401598E7 1.292338235E7
8.74004374E7 1.2208154034E8 2.5007794E7 1.6591494148E7
1.1851246723E8 1.57256239E8 1.8375881E7 3.2808142225E7
9.700717061E7 1.416340464E8 2.1478958E7 1.7085008382E7
1.3554173973000002E8 1.0121926379E8 1.8592817E7 1.1470357366E8
8.935476622000001E7 1.35272048E8 2.3240252E7 1.014639797E7
1.2265063359E8 1.146312731E8 2.0461834E7 6308719.98
1.0327672854E8 1.64373703E8 1.9576448E7 3.311873971E7
1.0394721976000002E8 1.48571457E8 2.0178037E7 2.3971435608E7
1.323595294E8 1.349964754E8 1.7449381E7 9.64831983E7
1.0024757219E8 1.1423587252E8 2.1531378E7 1.68016680973E8
6.379026496E7 1.738956581E8 2.8756416E7 1.637946148E7
7.720654688800001E7 1.3614890239000002E8 2.6960165E7 2293957.0134
1.1261023321500002E8 1.004024747334E8 2.0438769E7 2.069760565693E8
8.236889816E7 1.47792038E8 2.4037353E7 1.452864919E7
1.1344402495E8 1.0838459421E8 2.2041371E7 5273724.038000001
6.056780705E7 2.4794545093E8 4.7555343E7 5958385.051
7.919807791E7 1.615288916E8 2.4042039E7 2.153118755E7
1.01834818536E8 1.080703688021E8 2.1916489E7 1.380919141304E8
1.3960294248E8 9.35939503E7 1.8073128E7 1.729011064E8
1.31452329703E8 9.7844807605E7 1.9612779E7 8.1297534663E7
9.9605021E7 1.549855E8 2.0419659E7 2.6148701369E7
1.0545550282E8 1.36151271E8 2.0260106E7 4.9021798E7
1.1700020726000002E8 1.74475721E8 1.790412E7 5.726774E7
1.1935823347E8 1.036655695E8 2.030339E7 7.94528825E7
8.987368354400001E7 1.72484987E8 2.1048187E7 3.38414269E7
1.2173083952E8 1.082145826E8 1.8623137E7 2.190710239E8
1.2031944387E8 1.60408935E8 1.8000758E7 4.20427718E7
7.709938379E7 1.323806351801E8 2.7096896E7 4.026633404319E7
8.953053738E7 1.90913637E8 2.0375851E7 6.2964721E7
7.490502433E7 1.38951849563E8 2.8314869E7 634143.947
9.528404217E7 1.203633055E8 2.3485058E7 2282679.244
1.4094440736E8 1.012034792E8 1.7451507E7 1.869684798E8
1.0796541732E8 1.24360414E8 2.0874315E7 3.0286997E7
1.2512333942E8 9.90940435E7 1.9842275E7 9.7245537313E7
9.7745710481E7 1.316106782E8 2.2098463E7 1.0265551381E7
1.1813953313E8 1.001799386E8 1.9888006E7 1.5336031607E8
1.2095923838E8 1.437102875E8 1.7951038E7 1.03798334E8
9.5337788019E7 1.277107942E8 2.2725509E7 7416597.881
1.2238551982E8 1.359932813E8 1.830144E7 7.700448073E7
1.3120217279E8 1.339235238E8 1.7763873E7 7.65135369E7
1.3059309579E8 1.0002699349E8 1.9870843E7 6.042993351E7
1.1054551662E8 1.4401599E8 1.9694718E7 2.29800583E7
1.3407241442999998E8 9.67213519E7 1.9242538E7 9.856620046E7
7.769362106E7 1.3564772237E8 2.6423325E7 4.8585034079E7
9.391946414E7 1.573342934E8 2.1050821E7 2.63582722E7
6.49368441E7 2.01546598E8 2.6832344E7 3.55847939E7
9.05533352E7 1.181171395178E8 2.3819507E7 1.038790728931E8
9.563956411E7 1.82839167E8 1.9833826E7 4.40179015E7
1.40007264655E8 9.4963199174E7 1.8045776E7 1.66268019851E8
1.3167771555E8 9.737010526E7 1.9260391E7 1.0288015267E8
6.843190124000001E7 1.778911208E8 2.6605802E7 2.378237925E7
6.035664997E7 1.938847418E8 3.0604773E7 2.31697465E7
1.1037781654E8 1.69001191E8 1.8671251E7 3.97314971E7
1.11992715841E8 1.008019044323E8 2.0539416E7 2.010172122596E8
1.3766295793E8 1.002829432E8 1.8046158E7 1.4968426043E8
1.3323351013E8 9.4138440194E7 1.900653E7 1.36180753058E8
1.2031577688000004E8 1.1189872011E8 2.094208E7 3844862.86
9.3804986218E7 1.1531542749E8 2.3412886E7 6.9795791124E7
6.871274675E7 1.851038912E8 2.6162685E7 2.827492221E7
1.0608037806E8 1.07791153037E8 2.1948954E7 6.8122354302E7
7.6895065222E7 1.3262064968366E8 2.7186134E7 3.716429509187E7
1.3617118184000003E8 9.372694688E7 1.8665887E7 1.4252673762E8
9.222692948E7 1.7912715E8 2.0436621E7 3.8806804440000005E7
7.1316475E7 1.92726853E8 2.4957829E7 3.529915418E7
1.1582411221E8 1.0797006513E8 2.1993994E7 1572598.844
7.705414292999999E7 1.3905852404000002E8 2.6508933E7 4530659.549
9.341706591899998E7 1.1820461811549E8 2.4096537E7 7263678.86793
1.05719295222E8 1.09398006336E8 2.2068232E7 4.4017165062E7
1.0131063589E8 1.1198581029E8 2.2500898E7 4.267400807E7
1.3344102841E8 9.742770962E7 1.8129391E7 2.041555701E8
1.1144192660000002E8 1.59660471E8 1.8906947E7 3.269105995E7
1.1070562863E8 1.05692824991E8 2.1525717E7 6.6771873923E7
7.096232449999999E7 1.4806828742E8 2.7867648E7 7893334.790999999
8.900554294E7 1.2351664527E8 2.4697485E7 1303395.023
1.268759886072E8 9.4796197335634E7 1.9131905E7 1.82240829128412E8
1.3920648006E8 9.0887951212E7 1.8431828E7 1.67634802784E8
1.2861893344000004E8 1.444869191E8 1.7378082E7 1.097465665E8
1.2089637701E8 1.61652328E8 1.8026623E7 3.68879514E7
1.1050254166E8 1.11018341184E8 2.2292314E7 450793.042
7.170767311999999E7 1.724010984E8 2.5790682E7 2.25335079E7
1.1875624454E8 1.0510217406E8 1.9175347E7 1.9422499184E8
9.0971465078E7 1.68989124E8 2.0982069E7 3.251604847E7
1.0400351458E8 1.13623123465E8 2.2903733E7 545987.0959999999
1.2638507589E8 1.0074123016E8 1.8561763E7 2.1036932291E8
1.04575632377E8 1.063592709895E8 2.1459106E7 1.452907460085E8
7.10120354453E7 1.4411776327E8 2.8739942E7 1938779.76393
6.878632855999999E7 1.9191869E8 2.5801622E7 3.3228282270000003E7
1.10731765087E8 1.307079548E8 2.047822E7 1.4045440122E7
9.156255176E7 1.501620435E8 2.1869829E7 2.0176150415E7
7.725716588E7 1.757984173E8 2.3847346E7 2.968576871E7
8.115104857499999E7 1.3298825452E8 2.5837235E7 2975094.699
7.071271235999998E7 2.12852504E8 2.4596239E7 4.71997817E7
9.796269542000002E7 1.17034154968E8 2.3465794E7 902455.536
7.212118816E7 1.581315146E8 2.6581704E7 1.333079402E7
1.25277703162E8 9.48113339931E7 1.9290615E7 1.9437967326982E8
6.471412049E7 1.5626458832E8 2.9978214E7 5139867.465
9.2978284374E7 1.91172315E8 1.9892534E7 5.6890577E7
1.1109970444E8 1.043191683E8 2.0851729E7 1.1271660233E8
1.1461787278E8 1.0270022756E8 1.9799395E7 2.1509722509E8
1.2793732439000005E8 9.819384689E7 1.8595313E7 2.0555461143E8
9.758208352E7 1.15309590146E8 2.3541843E7 9085973.92
8.080212785999998E7 1.77595972E8 2.2845904E7 3.239943476E7
1.07524681668E8 1.04331053568E8 2.0891961E7 1.883265674372E8
8.779138789E7 1.55556362E8 2.2272341E7 2.212253505E7
1.3191078476E8 9.94163404E7 1.9280606E7 9.01923222E7
8.765063257000001E7 1.514359746E8 2.2502127E7 1.980765361E7
8.949696067E7 1.2143474137E8 2.4863441E7 5821118.930000001
7.517286644E7 1.90644957E8 2.3833244E7 3.760234179000001E7
6.823503224E7 1.4901723907E8 2.9153505E7 4121221.423
1.251123728E8 1.038542852E8 1.8493057E7 2.166549309E8
1.0319744473E8 1.10306477548E8 2.2196468E7 5.3773708088E7
8.743609311000007E7 1.339658921E8 2.3809558E7 7993478.154999999
1.147020307E8 1.0148107797E8 2.0492215E7 1.30081101323E8
1.3537423541E8 9.310627053E7 1.8650816E7 1.5413883572E8
1.0846141591E8 1.05901538567E8 2.1383127E7 8.976602612E7
6.4363995788E7 1.635107027E8 2.9290559E7 1.014480662E7
8.275502880000001E7 1.79122782E8 2.2304049E7 3.453918814E7
9.597469852E7 1.17890646527E8 2.3887974E7 537109.755
1.1687367733E8 1.069191479E8 1.9205215E7 2.2272097008E8
1.1185804023000002E8 1.67377488E8 1.8478123E7 4.55849422E7
1.0191979841E8 1.4635757004E8 1.9966299E7 7.422298734E7
1.0128499473E8 1.84310446E8 1.9036487E7 6.1108335E7
9.990540203000002E7 1.589158613E8 1.9548891E7 1.186104521E8
1.2668132929999998E8 1.411893119E8 1.7582242E7 1.038290979E8
1.2709799314E8 1.15135145E8 1.9771229E7 2.34063327E7
1.2326304297E8 1.04910509253E8 2.1346833E7 4144315.503
1.2731751484E8 9.41853334E7 1.9179474E7 1.85229597078E8
1.0327811873E8 1.590458392E8 1.9153904E7 1.213440055E8
1.2439696243500002E8 1.04146474668E8 2.1056525E7 1.1980369912E7
8.771969087E7 1.24424806719E8 2.528057E7 608557.363
8.659804588999999E7 1.626911312E8 2.2130828E7 2.651100633E7
9.874246362999998E7 1.86418974E8 1.9223966E7 6.7690574E7
1.1064059995000002E8 1.545521588E8 1.8538917E7 1.182380131E8
9.184765488000004E7 1.596097941E8 2.0849802E7 8.957841462E7
7.849467174E7 1.463429926E8 2.5279502E7 1.096738755E7
1.0580265284700002E8 1.30551461E8 2.105364E7 1.2539080596E7
1.2950568942E8 1.2278413561E8 1.8654714E7 5.471263162E7
1.248912402456E8 1.287399308E8 1.9274128E7 1.60570743409E7
9.3098744199E7 1.2417743702E8 2.3480054E7 3993924.0203
1.0644261771E8 1.1523988353E8 2.2256534E7 2525660.87
1.2719193985E8 1.45996393E8 1.7443551E7 1.116026874E8
1.1078624616E8 1.0891436252E8 2.0017105E7 1.8136678603E8
1.2530913323000002E8 1.21580602E8 1.9248692E7 3.6981023E7
1.2700483609000002E8 1.04749469E8 2.1068079E7 3019357.73
8.840133511600003E7 1.2855771967E8 2.4081829E7 4835181.352
1.3539169257999998E8 9.962813221E7 1.8042202E7 1.681862832E8
1.0830208433E8 1.13273812E8 2.0027963E7 2.2894451243E8
1.0029994181000002E8 1.15384773113E8 2.3343935E7 538902.033
1.2869167552E8 1.55891525E8 1.7462425E7 4.9995554E7
7.3127981118E7 1.3757797322759E8 2.8163401E7 3.853357752472E7
1.1678912094E8 1.0132582933E8 1.9623977E7 2.11912109164E8
9.736453047E7 1.73046089E8 1.9879892E7 3.92636219E7
9.845186645E7 1.45715918E8 2.1022908E7 2.0394258594E7
1.2266680659E8 9.904555132E7 1.9094082E7 2.07093798369E8
1.0477996712E8 1.1358774568E8 2.0619759E7 2.082702643E8
1.16443892693E8 1.260734854E8 2.0192611E7 1.2560468771E7
6.4370342720000006E7 2.05638598E8 2.6886083E7 3.85494901E7
1.2889079536E8 1.318764816E8 1.7917222E7 8.093356728999999E7
6.855574207E7 2.128558E8 2.525157E7 4.56124882E7
1.1678356465E8 1.43715764E8 1.9114868E7 2.4058486724E7
1.021069041E8 1.66474066E8 1.9516469E7 3.89938388E7
1.3982053902E8 1.017345836E8 1.7469288E7 1.889540079E8
7.646581286E7 1.96924224E8 2.3238137E7 5.05239225E7
8.3491278596E7 1.256314288046E8 2.5584509E7 2.64923408135E7
8.907214743999998E7 1.93774179E8 2.0457378E7 5.6605049E7
8.137155527E7 1.2819009132E8 2.6296418E7 1.4707457482E7
1.036833334E8 1.72329949E8 1.9266073E7 3.811486999E7
1.19524368762E8 1.317568548E8 1.9534316E7 1.6921366392E7
8.621595292999999E7 1.97023137E8 2.0951449E7 6.336735E7
9.581540893E7 1.70043467E8 2.0104287E7 4.32192311E7
1.3111700492E8 1.371655227E8 1.7412901E7 1.000745731E8
1.2196401232999998E8 1.395445795E8 1.8342097E7 6.32309698E7
6.686930675E7 1.5032717884E8 3.0104697E7 1791917.62
1.4111165854999998E8 1.021780234E8 1.7472909E7 1.798201959E8
9.3845563462E7 1.1787265762E8 2.3442504E7 3.34392929657E7
1.1041922404E8 1.0480877483E8 2.0262159E7 2.17601001729E8
1.0989194319E8 1.138451413E8 1.9763404E7 2.3497719014E8
9.34059919E7 1.319177525E8 2.2722047E7 9425446.62
1.29539028789E8 9.900699877E7 1.9808186E7 7.2094601628E7
1.0122740902E8 1.403232945E8 2.0985966E7 1.7594769647E7
1.0535749428E8 1.81604878E8 1.8681175E7 6.2917969E7
1.2304057866E8 9.951379587E7 1.9948694E7 1.0326517618E8
1.0210335371E8 1.113423836E8 2.1896003E7 8.27147039E7
9.144903422900002E7 1.2790643252E8 2.3449336E7 5786215.075999999
9.494749419E7 1.34619086E8 2.2236687E7 1.255690995E7
9.108462182E7 1.49782942E8 2.1532378E7 6.979806807E7
9.111497294E7 1.405110439E8 2.2500713E7 1.4319603431E7
8.337430223E7 1.7787037E8 2.2149403E7 3.65372281E7
1.1290052323E8 1.49357014E8 1.9197759E7 2.684984157E7
9.978239287E7 1.1874613069E8 2.2885959E7 2610704.78
1.1418081447E8 1.467814455E8 1.8460269E7 1.000891059E8
1.0689729346999998E8 1.542315712E8 1.8979095E7 9.47901012E7
