1.080021186729999930e+08 1.306298065999999940e+08 2.077820200000000000e+07 1.339374450400000066e+07
1.243248866900000423e+08 1.211703820000000000e+08 1.983402400000000000e+07 1.079685959999999963e+07
1.253564785699999779e+08 1.299431389000000060e+08 1.918393000000000000e+07 1.667134759999999963e+07
1.157621672129999995e+08 1.084124241659999937e+08 2.199693700000000000e+07 2.684940703000000212e+05
1.058955577830000073e+08 1.111945386710000038e+08 2.267931000000000000e+07 8.224617243999999948e+06
1.188710671299999803e+08 1.147864300000000000e+08 2.082707200000000000e+07 5.441382020000000484e+06
1.077966370439999998e+08 1.117214176669999957e+08 2.269955400000000000e+07 2.562780799999999872e+05
8.680269118999999762e+07 1.252776912650000006e+08 2.543677200000000000e+07 6.444431409999999451e+05
1.273529256700000018e+08 1.220221862000000030e+08 1.927937700000000000e+07 2.769161669999999925e+07
8.300810844999998808e+07 1.291140830949999988e+08 2.626549300000000000e+07 6.326681270000000950e+05
1.254347593799999952e+08 1.138277105999999940e+08 2.033708900000000000e+07 6.036258140000000596e+06
1.361215927500000000e+08 9.722150890000000596e+07 1.866595400000000000e+07 1.240277832999999970e+08
1.241562477800000012e+08 1.167848172999999970e+08 2.016651200000000000e+07 7.998549799999999814e+06
1.303006017800000012e+08 1.025430325999999940e+08 1.965078100000000000e+07 6.262648700000000000e+07
1.304976911299999952e+08 1.007294155000000000e+08 1.962107100000000000e+07 7.025177709999999404e+07
1.399484439499999881e+08 9.259993790000000596e+07 1.803366500000000000e+07 1.828015800000000000e+08
7.194804487000004947e+07 1.428282841589999795e+08 2.900470300000000000e+07 8.575444059999999590e+05
9.609791132999999821e+07 1.885416530000000000e+08 1.947620000000000000e+07 6.819528600000000000e+07
1.277301356400000006e+08 1.377547720000000000e+08 1.840129100000000000e+07 3.276539069999999925e+07
1.207260695875999928e+08 9.666501807548999786e+07 1.968419300000000000e+07 1.933973652827700078e+08
1.263022959800000042e+08 1.283620132999999970e+08 1.923793700000000000e+07 1.577499590000000037e+07
1.290428160799999982e+08 1.030646267999999970e+08 2.044609100000000000e+07 2.744266703999999911e+07
1.273333333830000013e+08 1.520359250000000000e+08 1.792975100000000000e+07 3.124355119500000030e+07
1.021043480540000051e+08 1.144518282080000043e+08 2.325907600000000000e+07 2.916934969000000274e+05
1.242223087300000042e+08 1.544831970000000000e+08 1.801228100000000000e+07 3.267968087999999896e+07
1.183814378400000036e+08 1.076592453969999999e+08 2.170215700000000000e+07 3.782580100000000093e+05
6.034247950999999791e+07 1.946214123000000119e+08 3.061645200000000000e+07 2.367445889999999851e+07
6.750404478000001609e+07 1.522777346299999952e+08 2.915660300000000000e+07 4.447924591999999247e+06
8.759407518999999762e+07 1.394409765000000000e+08 2.337383500000000000e+07 1.134986136600000039e+07
1.248358390300000012e+08 1.428021520000000000e+08 1.849089100000000000e+07 2.500322323299999908e+07
1.291912231500000060e+08 1.541604990000000000e+08 1.746047700000000000e+07 5.217511550000000000e+07
1.397005167799999714e+08 1.020852045000000000e+08 1.739313000000000000e+07 2.041564184000000060e+08
1.359972733230000138e+08 9.341327728900000453e+07 1.884913500000000000e+07 1.354392422949999869e+08
1.042966435300000012e+08 1.403351085999999940e+08 2.060102200000000000e+07 1.863313329500000179e+07
1.390028472400000095e+08 9.685985154999999702e+07 1.786305700000000000e+07 1.756337195500000119e+08
1.142597024500000030e+08 1.118345917199999988e+08 2.163661800000000000e+07 2.221390629999999888e+06
1.335661399520000070e+08 1.007495337389999926e+08 1.902681600000000000e+07 9.502446144699999690e+07
1.002381349510000050e+08 1.337516079000000060e+08 2.152908900000000000e+07 1.309707564100000076e+07
7.451373188999998569e+07 1.396173794230000079e+08 2.847824300000000000e+07 5.694213139999998966e+05
1.407763500300000310e+08 1.021080245999999940e+08 1.746049400000000000e+07 1.826339194000000060e+08
1.245834383700000048e+08 1.020526689109999985e+08 2.071270100000000000e+07 3.787434097860000283e+07
1.403528636699999869e+08 1.012480480000000000e+08 1.743116300000000000e+07 1.937010468000000119e+08
7.936570062100000679e+07 1.296507159930000007e+08 2.654317000000000000e+07 3.944554926979000121e+07
1.179749191389999986e+08 9.779199745200000703e+07 1.989893500000000000e+07 2.024669735203999877e+08
7.380900591999998689e+07 1.920815980000000000e+08 2.420865300000000000e+07 3.692600670000000298e+07
6.291155315000000596e+07 1.729871395000000000e+08 2.929359200000000000e+07 1.535900925999999978e+07
1.074645955799999982e+08 1.644878560000000000e+08 1.911027500000000000e+07 3.476440221999999881e+07
1.240874958299999982e+08 1.478579830000000000e+08 1.762266800000000000e+07 1.131725130999999940e+08
6.029321956000000238e+07 2.494512433000000119e+08 4.751907200000000000e+07 6.824815870000000112e+06
1.282753258700000048e+08 1.486218100000000000e+08 1.777327500000000000e+07 4.399058610000000149e+07
9.447669476000000536e+07 1.638916330000000000e+08 2.069733400000000000e+07 3.010704451999999955e+07
9.321841731999999285e+07 1.850578990000000000e+08 2.013100600000000000e+07 4.285512117999999970e+07
8.495329140999999642e+07 1.813440450000000000e+08 2.169353800000000000e+07 3.757572737000000477e+07
1.269855038599999845e+08 1.590643800000000000e+08 1.748178000000000000e+07 4.961510900000000000e+07
7.976946962000000477e+07 1.371617579399999976e+08 2.574437300000000000e+07 5.265944253999999724e+06
1.402106944600000083e+08 9.079168370999999344e+07 1.830804000000000000e+07 1.717298872330000103e+08
1.247679414500000030e+08 1.667778160000000000e+08 1.748170700000000000e+07 5.365485300000000000e+07
8.756718747599998116e+07 1.267972468700000048e+08 2.456067800000000000e+07 2.870274632400000002e+06
9.785391859000001848e+07 1.174532450859999955e+08 2.342769800000000000e+07 9.616452319999999600e+05
1.247439532789999843e+08 1.048529481154900044e+08 2.129846300000000000e+07 1.682511167929999996e+06
1.037892538199999928e+08 1.138346083289999962e+08 2.288323200000000000e+07 6.868436950000000652e+05
7.934334345000000298e+07 1.330919571700000018e+08 2.672057000000000000e+07 1.422759485000000102e+06
1.306880313400000185e+08 1.054255537999999970e+08 1.792606700000000000e+07 2.226283238000000119e+08
9.315206038099999726e+07 1.156441116330000013e+08 2.330006700000000000e+07 1.181918368985999972e+08
7.426439506020000577e+07 1.360022414184599817e+08 2.790245700000000000e+07 3.554335301821000129e+07
9.251444206999999285e+07 1.912352710000000000e+08 1.987809700000000000e+07 6.758353700000000000e+07
6.241557756000000238e+07 1.656811387999999821e+08 3.167659400000000000e+07 5.480933192000000738e+06
1.315418690600000024e+08 1.344491608000000119e+08 1.765227500000000000e+07 8.270420009999999404e+07
9.501795261800000072e+07 1.135606834200000018e+08 2.315967000000000000e+07 1.339349242512000054e+08
1.198895574000000060e+08 1.510309970000000000e+08 1.850467900000000000e+07 2.928614316400000080e+07
9.456204543000000715e+07 1.894467220000000000e+08 1.980197800000000000e+07 5.087230860000000149e+07
6.682982493000000715e+07 1.503912050900000036e+08 3.010351800000000000e+07 1.826807654000000097e+06
9.881046051500001550e+07 1.212552126700000018e+08 2.274821600000000000e+07 4.305110190999999642e+06
1.378195673499999940e+08 9.077533042599999905e+07 1.846851000000000000e+07 1.773886031100000143e+08
9.387822584999999404e+07 1.171833092530000061e+08 2.393976400000000000e+07 1.411899360300000012e+07
1.354093020599999726e+08 9.151383142700000107e+07 1.862546600000000000e+07 1.783310364210000038e+08
8.926607369699999690e+07 1.193419899023000002e+08 2.409416900000000000e+07 9.744012437729999423e+07
1.102033636500000060e+08 1.161626845100000054e+08 2.166384500000000000e+07 4.323768030000000261e+06
1.232963934699999988e+08 1.079384156899999976e+08 2.105999800000000000e+07 1.726087737000000197e+06
8.546737326999999583e+07 1.271452438739999980e+08 2.572544200000000000e+07 4.962671959999999963e+05
1.031872969800000191e+08 1.075545904907000065e+08 2.185626600000000000e+07 1.209466863260399997e+08
1.362148251999999881e+08 9.180117902199999988e+07 1.859797900000000000e+07 1.665688014079999924e+08
1.116093368400000185e+08 1.528697264000000060e+08 1.848560200000000000e+07 1.159938360999999940e+08
1.107378732999999970e+08 1.109363516589999944e+08 2.222732900000000000e+07 6.458585000000000000e+05
8.149204151999999583e+07 1.927952850000000000e+08 2.214066100000000000e+07 4.245721690000000596e+07
1.388314020200000107e+08 9.393373740000000596e+07 1.831886900000000000e+07 1.551731130999999940e+08
9.874315556000000238e+07 1.586424570000000000e+08 2.026458000000000000e+07 3.143595110000000149e+07
1.057455303599999994e+08 1.426069390000000000e+08 2.034905300000000000e+07 1.994884640700000152e+07
9.423625445000000298e+07 1.714398020000000000e+08 2.039369700000000000e+07 3.517021571000000089e+07
1.309305393299999982e+08 9.866900512999999523e+07 1.827017100000000000e+07 2.037737706500000060e+08
9.580922381999999285e+07 1.180718934520000070e+08 2.388359300000000000e+07 5.228346689999999944e+05
6.656519199000000954e+07 2.161255950000000000e+08 2.583257000000000000e+07 4.801728579999999702e+07
1.269901969000000060e+08 1.042315832049999982e+08 2.106989000000000000e+07 4.718668054000000469e+06
7.535792555999998748e+07 2.102851950000000000e+08 2.332225100000000000e+07 5.624231639999999851e+07
1.162504245269999951e+08 1.046643974969999939e+08 2.105091000000000000e+07 5.018304103299999982e+07
6.425664042000000924e+07 1.592709877199999988e+08 2.986956300000000000e+07 6.644464205999999307e+06
1.310650415499999970e+08 9.304747332299999893e+07 1.893890200000000000e+07 1.778789313240000010e+08
8.466122228999999166e+07 1.254066417999999970e+08 2.570509900000000000e+07 9.281754653999999166e+06
1.268126473739999980e+08 9.424048733859999478e+07 1.916880400000000000e+07 1.939173662807599902e+08
6.726044924000000954e+07 1.466603913700000048e+08 3.003317100000000000e+07 2.244865523000000045e+07
1.141485157290000021e+08 9.976971234289999306e+07 2.026236800000000000e+07 1.966888041701000035e+08
6.243103268100000173e+07 2.415814035800000131e+08 4.767624600000000000e+07 2.399188096700000111e+06
1.000885474500000030e+08 1.486391761999999881e+08 2.061130300000000000e+07 2.435535100000000000e+07
1.020288907399999946e+08 1.174365726200000048e+08 2.265474200000000000e+07 2.632140319999999832e+06
1.406412063800000548e+08 9.283400309999999404e+07 1.808042900000000000e+07 1.735532935999999940e+08
6.997115842000001669e+07 1.589734053000000119e+08 2.726853600000000000e+07 1.257987141000000015e+07
1.255481897699999809e+08 1.179473690000000000e+08 1.953533600000000000e+07 3.127342500000000000e+07
8.810182108000001311e+07 1.813918890000000000e+08 2.104369400000000000e+07 3.886139885000000149e+07
1.043721110300000012e+08 1.767948330000000000e+08 1.888122100000000000e+07 5.424027500000000000e+07
9.022227266500000656e+07 1.314058499000000060e+08 2.345364200000000000e+07 7.136332153999999166e+06
7.107163939100000262e+07 1.448925802299999893e+08 2.835862600000000000e+07 3.313458695000000298e+06
1.319869754730000049e+08 9.792508884299999475e+07 1.961407000000000000e+07 7.921569399300000072e+07
6.403823493000000715e+07 1.922071583000000119e+08 2.755201400000000000e+07 2.919022719000000134e+07
9.193543121999999881e+07 1.216744251599999964e+08 2.407774000000000000e+07 1.702410360000000102e+06
1.392757934900000095e+08 1.009221344000000060e+08 1.745637600000000000e+07 2.091730361999999881e+08
1.328885745600000024e+08 9.395956616699999571e+07 1.898315800000000000e+07 1.423988768889999986e+08
7.069614113679999113e+07 1.410216796787499785e+08 2.891685200000000000e+07 3.407630854176999629e+07
1.305407951599999964e+08 1.390727175999999940e+08 1.738135100000000000e+07 1.028226505000000000e+08
9.954402185999999940e+07 1.144087611819999963e+08 2.335556700000000000e+07 7.153336231999999844e+06
1.076048489169999957e+08 1.033877915269999951e+08 2.105923700000000000e+07 2.121795682624000013e+08
7.972831370000000298e+07 1.425599924000000060e+08 2.521180400000000000e+07 9.227330062999999151e+06
1.000727332740000039e+08 1.250885284000000060e+08 2.220621400000000000e+07 7.254361131500000134e+06
6.055287540999999642e+07 1.827644233000000119e+08 3.115773400000000000e+07 1.582825883000000007e+07
1.279997243200000226e+08 1.458482980000000000e+08 1.739559500000000000e+07 1.116650055000000000e+08
1.010172827699999958e+08 1.847265360000000000e+08 1.902054500000000000e+07 6.735254600000000000e+07
9.732768301000000536e+07 1.145974392939999998e+08 2.318673300000000000e+07 2.830219846499999985e+07
8.909048347100001574e+07 1.235476414099999964e+08 2.462877000000000000e+07 1.531887008999999845e+06
6.556720879000000656e+07 2.122141000000000000e+08 2.625735700000000000e+07 4.304052379999999702e+07
8.653833877999998629e+07 1.225891109360000044e+08 2.511497500000000000e+07 2.187633408100000024e+07
7.514247086299999058e+07 1.408168174399999976e+08 2.706632100000000000e+07 4.083655347000000067e+06
1.144412668620000035e+08 1.168032106899999976e+08 2.096811000000000000e+07 1.264130634600000083e+07
8.451225729000000656e+07 1.542015734000000060e+08 2.307402000000000000e+07 2.002063130999999866e+07
8.114750304000000656e+07 1.310734440600000024e+08 2.631850900000000000e+07 1.341274408999999985e+06
1.220542119420000017e+08 1.048368162419999987e+08 2.132033600000000000e+07 9.665402542999999598e+06
9.893591831999999285e+07 1.775190690000000000e+08 1.962806700000000000e+07 3.997291467000000179e+07
1.282222915699999928e+08 1.137872640000000000e+08 1.965035000000000000e+07 3.114506010000000149e+07
8.179096882899999619e+07 1.269220718338000029e+08 2.590362900000000000e+07 4.745537110755000263e+07
6.471238450100000203e+07 1.567362601099999845e+08 3.086115300000000000e+07 3.063987152999999933e+06
6.444525257900000364e+07 1.577988393000000119e+08 3.073751600000000000e+07 3.707150952000000048e+06
7.078146606999999285e+07 1.447265704620000124e+08 2.941682700000000000e+07 7.546363659999999218e+05
1.128659880000000000e+08 1.425908555000000000e+08 1.952848900000000000e+07 2.303255267999999970e+07
1.284460734189999998e+08 1.013561768188000023e+08 2.042266900000000000e+07 3.611340213719999790e+07
8.026652586999998987e+07 1.289787939373999983e+08 2.635086400000000000e+07 2.486791982900999859e+07
1.261275013170000464e+08 1.013945538369999975e+08 2.048270000000000000e+07 4.224529212600000203e+07
1.392536806599999964e+08 1.013223415000000000e+08 1.777551700000000000e+07 1.620840024600000083e+08
1.353555144030000269e+08 9.558569567000000179e+07 1.906621400000000000e+07 1.106594997999999970e+08
6.138169389999999851e+07 2.079140691999999881e+08 2.916971700000000000e+07 3.361880430000000447e+07
1.312567729860000014e+08 9.764489212000000477e+07 1.962888900000000000e+07 8.288467646899999678e+07
1.114063526800000072e+08 1.775316330000000000e+08 1.821243800000000000e+07 6.498218200000000000e+07
9.212991243999998271e+07 1.521938111999999881e+08 2.159403700000000000e+07 2.298217092000000179e+07
7.690053590999999642e+07 1.359754955869999826e+08 2.754336500000000000e+07 1.037547984999999986e+06
9.762256594499999285e+07 1.111757856620000005e+08 2.266348800000000000e+07 1.413425006637000144e+08
9.257399820999999344e+07 1.186673603400000036e+08 2.426347300000000000e+07 7.730250747999999672e+06
1.035262855293000042e+08 1.064980303799999952e+08 2.152579100000000000e+07 1.930257908801000118e+08
1.214581128299999982e+08 1.738835310000000000e+08 1.755651700000000000e+07 6.446575900000000000e+07
1.018701751060000062e+08 1.079870299270000011e+08 2.173728800000000000e+07 1.793792360275000036e+08
