1.251601197999999970e+08 1.046626109360000044e+08 2.130413900000000000e+07 1.654335681000000099e+06
1.145821552300000191e+08 1.010277308499999940e+08 2.043003800000000000e+07 1.437415060480000079e+08
1.142882680900000036e+08 1.598998300000000000e+08 1.864093100000000000e+07 3.349893119000000134e+07
1.396130072199999988e+08 9.424083200000000000e+07 1.794972400000000000e+07 1.801309445999999940e+08
1.273742215910000056e+08 1.183343555479999930e+08 1.928908900000000000e+07 3.750280296100000292e+07
1.271497522099999934e+08 1.493287300000000000e+08 1.805240100000000000e+07 2.949043957259999961e+07
1.243426724340000004e+08 1.038238570960000008e+08 2.107524700000000000e+07 1.387898786199999973e+07
1.230541216350000054e+08 1.249386047999999970e+08 1.966425500000000000e+07 1.310578507210000046e+07
8.757773954000002146e+07 1.618599818000000119e+08 2.194196900000000000e+07 2.665313045000000298e+07
1.270944673540000021e+08 1.041059812460000068e+08 2.104820300000000000e+07 5.635871175999999978e+06
1.257591651099999994e+08 1.249108510999999940e+08 1.923152200000000000e+07 2.614736680000000075e+07
6.501764467000000179e+07 2.111489260000000000e+08 2.648900600000000000e+07 4.220965200000000000e+07
1.165481229790000021e+08 1.081394180032999963e+08 2.197510300000000000e+07 1.970708121000000101e+05
1.162270397199999988e+08 1.099229981500000060e+08 2.162620700000000000e+07 1.390965314000000013e+06
1.123984398579999954e+08 1.005167895581000000e+08 2.045840300000000000e+07 2.079564787360000014e+08
8.781614806000000238e+07 1.578919175999999940e+08 2.209910600000000000e+07 2.415403725000000000e+07
1.348527907700000107e+08 9.151082115554000437e+07 1.860174900000000000e+07 1.883884677804200053e+08
7.533153732999999821e+07 1.624061020000000000e+08 2.515253800000000000e+07 1.939120494999999925e+07
6.765071497000001371e+07 1.524960427699999809e+08 2.903659300000000000e+07 4.832165178999999538e+06
1.259378253299999982e+08 1.119210855999999940e+08 2.046842700000000000e+07 4.922416389999999665e+06
9.852256761800000072e+07 1.112613871829999983e+08 2.223464400000000000e+07 1.478010655121999979e+08
1.245575547199999988e+08 1.134017245000000000e+08 2.041346900000000000e+07 5.832883569999999367e+06
7.927649806000000238e+07 1.312117713700000048e+08 2.694002400000000000e+07 9.264746630000000820e+06
1.261838230600000024e+08 1.377521110000000000e+08 1.867057000000000000e+07 2.202062560000000149e+07
1.193569873100000024e+08 1.399760873000000119e+08 1.905660700000000000e+07 2.303358671000000089e+07
1.012419609819999933e+08 1.081801256589999944e+08 2.195351700000000000e+07 1.727377819578000009e+08
1.271576084800000042e+08 1.480410720000000000e+08 1.742322400000000000e+07 1.148923230999999940e+08
1.396389269399999976e+08 1.011717804000000060e+08 1.744464300000000000e+07 1.994410059000000060e+08
1.277359726099999994e+08 1.292778452000000030e+08 1.841907600000000000e+07 5.529172946999999881e+07
1.227179891480000168e+08 1.036780384490000010e+08 2.102941200000000000e+07 2.315110940900000185e+07
8.170828800999999046e+07 1.946849840000000000e+08 2.204189600000000000e+07 4.380771970000000298e+07
1.288616075900000036e+08 1.548438040000000000e+08 1.747011400000000000e+07 5.083848900000000000e+07
1.018090998599999994e+08 1.458419600999999940e+08 2.058487200000000000e+07 2.146540285700000077e+07
1.314271779200000167e+08 1.373847105000000000e+08 1.738403900000000000e+07 1.015142004000000060e+08
1.253427793400000036e+08 1.194889575000000000e+08 1.988621700000000000e+07 9.939423900000000373e+06
1.067795860380000025e+08 1.056491782154999971e+08 2.112594600000000000e+07 1.422465332854999900e+08
9.428367295999999344e+07 1.374625426999999881e+08 2.216876300000000000e+07 1.341090789399999939e+07
1.257218577300000042e+08 1.000444890729999989e+08 2.034218000000000000e+07 6.433094832699999958e+07
1.011149469300000072e+08 1.186170472999999970e+08 2.275964500000000000e+07 2.516274220000000205e+06
6.348872024000000209e+07 1.979087060999999940e+08 2.757714600000000000e+07 3.292763269999999925e+07
9.027983869499999285e+07 1.596760068000000119e+08 2.153116800000000000e+07 2.638528051000000164e+07
7.244469119999998808e+07 2.069900880000000000e+08 2.417392100000000000e+07 4.523833420000000298e+07
1.013288702099999934e+08 1.148154850170000046e+08 2.325603600000000000e+07 4.787813479999999981e+05
1.071320029730000049e+08 1.371197313000000119e+08 2.046543600000000000e+07 1.734819685500000045e+07
1.370572005900000036e+08 9.641459129999999702e+07 1.821566700000000000e+07 1.566511255000000000e+08
1.182119473614999950e+08 9.782852518771000206e+07 1.992195600000000000e+07 1.916117394883399904e+08
1.250146553299999982e+08 1.565366250000000000e+08 1.789901800000000000e+07 3.363644444699999690e+07
8.790094735700000823e+07 1.332430680600000024e+08 2.374246300000000000e+07 8.014739814999998547e+06
8.866091431000000238e+07 1.642494518000000119e+08 2.160122300000000000e+07 2.879420325000000000e+07
8.988431331999999285e+07 1.805424540000000000e+08 2.074565500000000000e+07 3.893755117000000179e+07
1.305254337999999970e+08 1.242077659000000060e+08 1.841980900000000000e+07 6.245427720000000298e+07
9.113933066699999571e+07 1.214563105010000020e+08 2.451866700000000000e+07 7.579685709999999963e+05
1.260611348900000006e+08 1.292364935000000000e+08 1.914356000000000000e+07 1.830386230000000075e+07
1.082236861500000060e+08 1.801927320000000000e+08 1.844125900000000000e+07 6.609067100000000000e+07
9.842452596999999881e+07 1.504927612199999988e+08 2.017755200000000000e+07 8.675658787000000477e+07
8.723123336000001431e+07 1.217487810400000066e+08 2.490768800000000000e+07 2.805218804500000179e+07
7.709758508999998868e+07 1.360434676520000100e+08 2.771776600000000000e+07 6.444971629999999423e+05
1.019696735429999977e+08 1.311570757000000030e+08 2.147565900000000000e+07 1.198071138599999994e+07
1.078945934329999983e+08 1.032292502769999951e+08 2.097366900000000000e+07 2.138673261805999875e+08
8.776238025600002706e+07 1.378043400000000000e+08 2.340234700000000000e+07 1.088501583200000040e+07
9.156662243999999762e+07 1.230822846200000048e+08 2.393727100000000000e+07 2.796807970999999903e+06
9.609939981999999285e+07 1.885400600000000000e+08 1.947605300000000000e+07 6.819466100000000000e+07
1.362386996399999857e+08 9.186487981000000238e+07 1.855639300000000000e+07 1.680270036610000134e+08
1.404360997800000310e+08 1.005563262000000030e+08 1.747423900000000000e+07 1.905694853199999928e+08
9.760457892100000381e+07 1.114166087040999979e+08 2.253869800000000000e+07 1.289995851495999992e+08
1.295549521900000423e+08 9.845395215999999642e+07 1.965313900000000000e+07 8.378709082999999821e+07
9.007814890999999642e+07 1.364142834000000060e+08 2.299923400000000000e+07 1.116027975599999912e+07
9.599535151000000536e+07 1.181969274599999934e+08 2.228413500000000000e+07 1.441008007639999986e+08
7.254230618999999762e+07 2.078224490000000000e+08 2.410004400000000000e+07 5.068344470000000298e+07
1.158098609599999934e+08 1.763403500000000000e+08 1.791061000000000000e+07 6.503729300000000000e+07
9.302486147300000489e+07 1.187549244117999971e+08 2.422610100000000000e+07 5.319925984200000763e+06
6.059796649000000209e+07 1.818333806999999881e+08 3.119187500000000000e+07 1.522681063000000082e+07
1.135272695699999928e+08 1.070195620799999982e+08 1.962158300000000000e+07 2.230913311399999857e+08
1.266290899399999976e+08 1.613517060000000000e+08 1.738407200000000000e+07 5.809181600000000000e+07
6.682982492000000179e+07 1.503912050900000036e+08 3.010351800000000000e+07 1.826807654000000097e+06
9.343991506000000238e+07 1.197397914539999962e+08 2.410662800000000000e+07 8.712543139999998966e+05
1.252563204300000221e+08 1.067393464549999982e+08 2.102368200000000000e+07 1.302215256000000052e+06
9.486003244900001585e+07 1.320042422000000030e+08 2.247036400000000000e+07 9.978463153000000864e+06
9.773141210999999940e+07 1.586435616999999881e+08 1.989714500000000000e+07 9.960895320000000298e+07
8.428855085999999940e+07 1.977279190000000000e+08 2.141752900000000000e+07 4.734374650000000000e+07
1.230156914300000072e+08 1.327106545000000000e+08 1.916927400000000000e+07 1.829934345100000128e+07
1.059103256819999963e+08 1.046132741759999990e+08 2.125182300000000000e+07 2.083923940803999901e+08
7.871452416999998689e+07 1.340446456930000037e+08 2.700904300000000000e+07 1.010548817000000039e+06
1.297268562329999954e+08 1.013862736389999986e+08 2.030167000000000000e+07 3.809683570799999684e+07
1.255577376099999994e+08 1.169297680000000000e+08 1.972461100000000000e+07 2.423445850000000000e+07
1.201054468599999994e+08 1.007351837999999970e+08 1.982656700000000000e+07 1.298991538199999928e+08
1.262332616570000201e+08 9.451240923549999297e+07 1.918350400000000000e+07 1.968107625624000132e+08
6.427359819000000507e+07 1.738411351999999881e+08 2.855950500000000000e+07 1.664446508999999985e+07
9.552850020000000298e+07 1.182719886219999939e+08 2.394736000000000000e+07 4.699946030000000028e+05
1.009897946289999932e+08 1.250851005000000000e+08 2.206889200000000000e+07 7.654010535400000401e+06
9.375687712999999523e+07 1.168698224679999948e+08 2.382635800000000000e+07 2.198345742399999872e+07
8.527559106000000238e+07 1.274330931700000018e+08 2.523820800000000000e+07 1.885169273000000045e+06
1.037608360100000054e+08 1.095605568400000036e+08 2.192015700000000000e+07 7.204016159000000358e+07
7.907653028000001609e+07 1.998228590000000000e+08 2.252813800000000000e+07 4.641680939999999851e+07
1.400825564449999928e+08 9.068555036399999261e+07 1.836693500000000000e+07 1.694816296559999883e+08
9.136091435999999940e+07 1.187119598719999939e+08 2.427500600000000000e+07 1.807178328099999949e+07
1.132586032199999988e+08 1.160436690999999940e+08 2.132621700000000000e+07 4.876611320000000298e+06
8.894870934640000761e+07 1.200756116200000048e+08 2.450072600000000000e+07 3.401064887799999863e+07
1.042817977600000054e+08 1.699363970000000000e+08 1.919353500000000000e+07 4.011876600000000000e+07
6.270040509000000358e+07 1.644234005600000024e+08 3.170362000000000000e+07 4.766061395999999717e+06
1.283736418700000048e+08 1.065474137999999970e+08 1.807975700000000000e+07 2.252336274000000060e+08
1.222540627999999970e+08 1.012831897999999970e+08 1.983523900000000000e+07 1.051411840000000000e+08
8.150125665000000596e+07 1.307359399420000017e+08 2.646413700000000000e+07 8.047285240000000922e+05
1.218785085750000030e+08 1.044014212049999982e+08 2.111157600000000000e+07 1.882080832699999958e+07
6.740928143299999833e+07 1.468857002743000090e+08 3.007185900000000000e+07 1.601561345996000059e+07
1.307409387049999982e+08 9.894055409199999273e+07 1.984898600000000000e+07 6.635293996840000153e+07
1.351976892400000095e+08 9.868428709999999404e+07 1.853181100000000000e+07 1.293138250999999940e+08
1.172397826299999952e+08 1.096230017999999970e+08 1.902572900000000000e+07 2.291263138199999928e+08
7.334319263299998641e+07 1.410642686699999869e+08 2.791892500000000000e+07 2.744042353000000119e+06
1.281284022099999934e+08 1.467657263000000119e+08 1.737848700000000000e+07 1.131998019000000060e+08
7.888987317999999225e+07 1.321747721289999932e+08 2.631530300000000000e+07 5.720768109700000286e+07
6.459300252000000328e+07 1.568156448899999857e+08 2.996747200000000000e+07 5.452190804999999702e+06
6.657749663000000268e+07 1.797000675999999940e+08 2.724843700000000000e+07 2.273195228999999911e+07
1.190053904599999934e+08 1.078556843530000001e+08 2.157562900000000000e+07 5.893406600000000326e+05
8.270151078399999440e+07 1.322948849300000072e+08 2.545524400000000000e+07 3.229190962999999989e+06
1.081782218299999982e+08 1.189211425000000000e+08 2.166756900000000000e+07 5.473656279999999329e+06
9.904361315999999642e+07 1.142572415000000000e+08 2.229995200000000000e+07 7.165155409999999404e+07
1.124240333799999952e+08 1.132789685000000000e+08 1.944613300000000000e+07 2.373942949000000060e+08
1.340656326330000013e+08 9.629341952300000191e+07 1.925632400000000000e+07 1.001329995119999945e+08
1.222022253100000173e+08 1.102160534399999976e+08 2.091075200000000000e+07 3.201660629999999888e+06
1.197283573170000166e+08 9.706031657569999993e+07 1.972276600000000000e+07 2.023072684990000129e+08
9.801053189300000668e+07 1.215373193499999940e+08 2.285585700000000000e+07 4.122946921899999958e+06
8.093100229999999702e+07 1.649351875999999940e+08 2.338747200000000000e+07 2.473310742999999970e+07
7.452278843000000715e+07 1.421670097199999988e+08 2.708796200000000000e+07 5.932829190999999642e+06
1.104334887900000066e+08 1.115973267999999970e+08 2.216206400000000000e+07 1.045362217999999993e+06
1.183309724780000001e+08 1.367981514000000060e+08 1.935877000000000000e+07 1.976259801999999955e+07
1.397412418499999940e+08 9.019798132299999893e+07 1.830297900000000000e+07 1.823889013240000010e+08
1.115523287699999958e+08 1.064925720000000000e+08 2.099556200000000000e+07 7.891319742000000179e+07
1.306645509699999839e+08 1.051501775000000000e+08 1.793672000000000000e+07 2.214614440000000000e+08
1.279162759800000191e+08 1.463289840000000000e+08 1.803727900000000000e+07 3.364914089999999851e+07
8.018398759199999273e+07 1.287095676824000031e+08 2.632905600000000000e+07 4.139063667751999944e+07
1.077423711650000066e+08 1.138674723499999940e+08 2.223237100000000000e+07 2.071688897000000114e+06
6.034077891300000250e+07 1.937610048000000119e+08 3.063666900000000000e+07 2.335081460000000149e+07
1.381465128599999845e+08 9.971440209999999404e+07 1.796169200000000000e+07 1.569903161299999952e+08
9.778259826000000536e+07 1.172568496860000044e+08 2.346112300000000000e+07 9.522712619999999879e+05
7.811595501000000536e+07 1.792299070000000000e+08 2.345513400000000000e+07 3.232550875000000000e+07
1.064616344019999951e+08 1.083694430900000036e+08 2.066314500000000000e+07 2.130272020060000122e+08
6.033242957000000030e+07 2.492255731999999881e+08 4.752467800000000000e+07 6.693595730000000447e+06
1.058982106400000006e+08 1.115619909360000044e+08 2.274899100000000000e+07 4.621492981000000611e+06
6.961708181000000238e+07 1.632170303000000119e+08 2.710995200000000000e+07 1.482459842999999970e+07
7.985556717999999225e+07 1.380536990300000012e+08 2.560238000000000000e+07 6.129411518000000156e+06
8.298375235000000894e+07 1.522552146999999881e+08 2.362692400000000000e+07 1.730892858999999985e+07
1.321049187700000405e+08 1.350429865999999940e+08 1.750122800000000000e+07 9.219518929999999702e+07
1.180674149300000221e+08 1.043167155999999940e+08 2.058206800000000000e+07 6.673193121000000089e+07
1.276100565699999928e+08 1.014199103499999940e+08 2.020666700000000000e+07 4.743746282999999821e+07
1.054334150499999970e+08 1.571303344000000060e+08 1.897381300000000000e+07 1.193716939000000060e+08
6.643011576200000197e+07 2.184267950000000000e+08 2.586903600000000000e+07 4.805950770000000298e+07
1.139881141599999964e+08 1.065043822999999970e+08 2.111303600000000000e+07 5.138893968999999762e+07
6.416960787300000340e+07 1.601143817700000107e+08 3.179639700000000000e+07 2.328958588299999945e+06
1.221355245000000000e+08 1.207562325999999940e+08 2.002823300000000000e+07 1.024616480000000075e+07
1.238242269720000178e+08 1.432120710000000000e+08 1.857766900000000000e+07 2.464645282699999958e+07
1.000241901299999952e+08 1.796424020000000000e+08 1.942642900000000000e+07 4.313170050000000000e+07
6.100441939700000733e+07 1.865042590000000000e+08 3.030573800000000000e+07 1.944317710000000149e+07
1.168609346700000018e+08 1.034012987900000066e+08 2.069048600000000000e+07 7.460082829999999702e+07
1.188004588900000155e+08 1.230199459000000060e+08 2.017790800000000000e+07 1.100504958589999937e+07
8.968004193600000441e+07 1.246907454599999934e+08 2.436487600000000000e+07 1.963795189000000013e+06
9.091742915999999642e+07 1.884885510000000000e+08 2.036450200000000000e+07 4.425641400999999791e+07
1.214754539500000030e+08 1.012232961899999976e+08 1.905031500000000000e+07 2.114782496800000072e+08
1.126154088599999994e+08 1.452130820000000000e+08 1.943156700000000000e+07 2.403300479899999872e+07
1.121947404899999946e+08 1.611959110000000000e+08 1.872896800000000000e+07 3.610290820000000298e+07
6.202728134200000018e+07 1.694963585000000000e+08 3.107206300000000000e+07 8.733712680000001565e+06
7.296708048999999464e+07 1.420290214620000124e+08 2.899040500000000000e+07 4.929159610000000102e+05
8.061468320000000298e+07 2.024142970000000000e+08 2.214064100000000000e+07 4.828504889999999851e+07
1.252530037099999934e+08 1.669378370000000000e+08 1.737883300000000000e+07 6.143448400000000000e+07
1.094587343700000048e+08 1.071510177399999946e+08 2.135721900000000000e+07 6.863492632999999821e+07
1.276558696400000006e+08 9.426493826000000536e+07 1.917568000000000000e+07 1.792015638079999983e+08
1.160798082999999970e+08 1.061378512999999970e+08 2.017864400000000000e+07 1.033896710000000000e+08
1.353009147019999921e+08 9.408838510099999607e+07 1.891304500000000000e+07 1.285830961309999973e+08
1.263438127300000042e+08 1.025177023299999982e+08 2.046050000000000000e+07 3.555457671999999881e+07
8.499771428900000453e+07 1.476599056119999886e+08 2.316560500000000000e+07 5.220495012699999660e+07
9.667730020999999344e+07 1.428496713000000119e+08 2.144434000000000000e+07 1.788612906899999827e+07
8.704817006100001931e+07 1.287447065999999940e+08 2.443233300000000000e+07 4.187726483000000939e+06
1.402367500399999917e+08 9.195263589000000060e+07 1.831206700000000000e+07 1.633247833899999857e+08
8.866554457000000775e+07 1.935359900000000000e+08 2.062046400000000000e+07 4.743290960000000149e+07
1.073074773599999845e+08 1.528038550000000000e+08 1.958884200000000000e+07 2.797520542000000179e+07
1.035976989899999946e+08 1.141334396589999944e+08 2.285201300000000000e+07 8.651654660000000149e+05
9.283335750200000405e+07 1.274453814000000060e+08 2.320013600000000000e+07 6.318909415000000037e+06
1.339012542600000054e+08 1.037195609000000060e+08 1.773394700000000000e+07 2.186490679000000060e+08
1.026808317109999955e+08 1.070768665320000052e+08 2.168863500000000000e+07 1.853346247964999974e+08
8.463151143000000715e+07 1.509031460000000000e+08 2.324575200000000000e+07 1.793048490000000224e+07
9.372409457999999821e+07 1.561854995000000000e+08 2.083954900000000000e+07 5.581533110000000149e+07
9.391423131599999964e+07 1.905899510000000000e+08 1.970835000000000000e+07 6.756369500000000000e+07
9.719688362999998033e+07 1.634407580000000000e+08 2.030665500000000000e+07 3.127551303999999911e+07
9.275324990999999642e+07 1.610011680000000000e+08 2.105737900000000000e+07 2.813476641000000015e+07
1.209717150999999940e+08 1.019942538100000024e+08 1.904963400000000000e+07 2.131484345200000107e+08
