1.165075624099999964e+08 1.082872386219999939e+08 2.184049000000000000e+07 4.699946030000000028e+05
1.257751842880000025e+08 1.380685930000000000e+08 1.868258800000000000e+07 2.201713434959999844e+07
7.573454021999998391e+07 1.526395128000000119e+08 2.569772000000000000e+07 1.296522456999999844e+07
1.291600463900000006e+08 9.828509671999999881e+07 1.982616200000000000e+07 7.924976609399999678e+07
1.065556720000000000e+08 1.803896650000000000e+08 1.856933400000000000e+07 6.555113500000000000e+07
1.271439264080000073e+08 1.493676430000000000e+08 1.805245900000000000e+07 2.947833893430000171e+07
1.229788274300000221e+08 1.221329120999999940e+08 1.986610400000000000e+07 1.121429700000000000e+07
1.171690005000000000e+08 1.237294360999999940e+08 2.028691900000000000e+07 1.111340439780000038e+07
1.077649101000000238e+08 1.117211137479999959e+08 2.262812000000000000e+07 4.105353869999999879e+05
1.330058348599999994e+08 1.005855889000000060e+08 1.905302100000000000e+07 9.544467420000000298e+07
1.282443899499999583e+08 1.198257795499999970e+08 1.911980300000000000e+07 4.004395900999999791e+07
1.250371972800000459e+08 1.672819070000000000e+08 1.741938200000000000e+07 5.789483800000000000e+07
9.471738860999999940e+07 1.506005300000000000e+08 2.129116300000000000e+07 2.218071552400000021e+07
9.802476529000002146e+07 1.171086814539999962e+08 2.344536000000000000e+07 8.712543139999998966e+05
7.853574729999999702e+07 1.473696576999999881e+08 2.525366900000000000e+07 1.101721358400000073e+07
1.252751822099999934e+08 1.292355924000000060e+08 1.922941700000000000e+07 1.624633340000000037e+07
1.395437412700000107e+08 9.045930524500000477e+07 1.832491000000000000e+07 1.774866472299999893e+08
9.171615690999999642e+07 1.211885914229999930e+08 2.443221700000000000e+07 6.396138790000000736e+05
6.050307581000000238e+07 1.848419753000000119e+08 3.097885700000000000e+07 1.725663547000000253e+07
1.023116663400000036e+08 1.143210509669999927e+08 2.315133200000000000e+07 4.372888649999999907e+05
1.187735666899999976e+08 1.150919047000000030e+08 2.080452100000000000e+07 5.696042950000000186e+06
9.568747782999999821e+07 1.181353756299999952e+08 2.397519300000000000e+07 4.185545370000000112e+05
8.300775589999999106e+07 1.291116016539999992e+08 2.626359800000000000e+07 6.359324319999999134e+05
1.394571292800000310e+08 1.018194332000000030e+08 1.746759200000000000e+07 1.922265054000000060e+08
7.278366727999998629e+07 1.415050052969999909e+08 2.863198600000000000e+07 1.038461783999999985e+06
8.141475113000001013e+07 1.472413725000000000e+08 2.440159800000000000e+07 1.292338234999999963e+07
1.229543887800000012e+08 1.040826084300000072e+08 2.080045700000000000e+07 2.798638521000000089e+07
8.740043740000000596e+07 1.220815403400000036e+08 2.500779400000000000e+07 1.659149414800000004e+07
1.185124672300000042e+08 1.572562390000000000e+08 1.837588100000000000e+07 3.280814222500000149e+07
6.838220749000000954e+07 1.484792406719999909e+08 3.012549100000000000e+07 8.168944329999999609e+05
1.144617304200000167e+08 1.615866800000000000e+08 1.840810800000000000e+07 4.429785089999999851e+07
1.193971508599999845e+08 1.410095531999999881e+08 1.901883300000000000e+07 2.289653823400000110e+07
9.700717060999999940e+07 1.416340464000000060e+08 2.147895800000000000e+07 1.708500838199999928e+07
1.291108397680000216e+08 1.014166853229999989e+08 2.032608600000000000e+07 3.792421148799999803e+07
1.355417397300000191e+08 1.012192637900000066e+08 1.859281700000000000e+07 1.147035736599999964e+08
1.374473897330000103e+08 9.076361092460000515e+07 1.841178400000000000e+07 1.892119059129999876e+08
8.974553501900000870e+07 1.228972844960000068e+08 2.459067400000000000e+07 1.163716129999999888e+06
1.315929102280000150e+08 9.256916301010000706e+07 1.882156700000000000e+07 1.908637517207599878e+08
8.935476622000001371e+07 1.352720480000000000e+08 2.324025200000000000e+07 1.014639797000000067e+07
1.226506335900000036e+08 1.146312730999999940e+08 2.046183400000000000e+07 6.308719980000000447e+06
9.848332148000001907e+07 1.140680150289999992e+08 2.312796400000000000e+07 2.382458285799999908e+07
6.372336965999999642e+07 1.961530645000000000e+08 2.751354400000000000e+07 3.176774410000000149e+07
1.253229062699999958e+08 1.061061872099999934e+08 2.109662700000000000e+07 9.028395729999999749e+05
1.367104138039999902e+08 9.784127377400000393e+07 1.852065600000000000e+07 1.291300966519999951e+08
1.279953036099999994e+08 1.565336770000000000e+08 1.746871900000000000e+07 5.064570300000000000e+07
1.032767285400000066e+08 1.643737030000000000e+08 1.957644800000000000e+07 3.311873971000000089e+07
1.039472197600000203e+08 1.485714570000000000e+08 2.017803700000000000e+07 2.397143560799999908e+07
1.039030856500000060e+08 1.137939601439999938e+08 2.289539900000000000e+07 5.389157399999999907e+05
7.915190460999999940e+07 1.299005383828999996e+08 2.659648700000000000e+07 3.918510264408999681e+07
1.276765716059999764e+08 1.042289322999999970e+08 2.106230900000000000e+07 4.008819816999999806e+06
1.282659647999999821e+08 1.460448836999999881e+08 1.737832400000000000e+07 1.120598255000000000e+08
1.013104727979999930e+08 1.233050557999999970e+08 2.217841300000000000e+07 6.478977399300000630e+06
1.052696212900000066e+08 1.114403898719999939e+08 2.271009100000000000e+07 8.925648780999999493e+06
1.323595294000000060e+08 1.349964754000000060e+08 1.744938100000000000e+07 9.648319829999999702e+07
8.543023587000000477e+07 1.265866644810000062e+08 2.570706900000000000e+07 6.905947179999999935e+05
1.002475721899999976e+08 1.142358725199999958e+08 2.153137800000000000e+07 1.680166809729999900e+08
1.218395099200000167e+08 1.100115924800000042e+08 2.097089800000000000e+07 2.929651410000000149e+06
6.379026496000000089e+07 1.738956580999999940e+08 2.875641600000000000e+07 1.637946148000000045e+07
1.058737722999999970e+08 1.159743810400000066e+08 2.225196500000000000e+07 2.901874540000000037e+06
8.581221085000000894e+07 1.264816279800000042e+08 2.526997800000000000e+07 1.445453162999999942e+06
1.092001625049999952e+08 1.023467302988999933e+08 2.084518600000000000e+07 2.123224670979999900e+08
8.066674534799998999e+07 1.290832693986999989e+08 2.638536000000000000e+07 1.477945937260000035e+07
1.225215254300000072e+08 1.029757945499999970e+08 1.881063200000000000e+07 2.149619839300000072e+08
7.720654688800001144e+07 1.361489023900000155e+08 2.696016500000000000e+07 2.293957013400000054e+06
1.126102332150000185e+08 1.004024747334000021e+08 2.043876900000000000e+07 2.069760565692999959e+08
8.236889815999999642e+07 1.477920380000000000e+08 2.403735300000000000e+07 1.452864918999999948e+07
1.258862599500000030e+08 9.997783923100000620e+07 2.031542300000000000e+07 6.458509483799999952e+07
1.176040693400000036e+08 1.083646305209999979e+08 2.166298400000000000e+07 7.116145210000000661e+05
8.113559439000000060e+07 2.032246590000000000e+08 2.196872900000000000e+07 5.957014200000000000e+07
9.349139740000002086e+07 1.812090690000000000e+08 2.019413700000000000e+07 4.054741157999999821e+07
1.275619390300000012e+08 1.271169344000000060e+08 1.852155800000000000e+07 5.590412435000000149e+07
1.343989148669999838e+08 9.169705098950000107e+07 1.861168700000000000e+07 1.908931760085000098e+08
9.840169303499999642e+07 1.122652452140000015e+08 2.215333400000000000e+07 1.481396445559999943e+08
1.272556864430000186e+08 1.040927435230000019e+08 2.105732100000000000e+07 5.197285453999999911e+06
1.134440249500000030e+08 1.083845942099999934e+08 2.204137100000000000e+07 5.273724038000000641e+06
6.056780704999999702e+07 2.479454509300000072e+08 4.755534300000000000e+07 5.958385050999999978e+06
7.919807790999999642e+07 1.615288915999999940e+08 2.404203900000000000e+07 2.153118755000000075e+07
1.103536026899999976e+08 1.111711287070000023e+08 2.228911600000000000e+07 4.946378319999999949e+05
1.018348185359999985e+08 1.080703688021000028e+08 2.191648900000000000e+07 1.380919141304000020e+08
1.310209687600000203e+08 1.379227870999999940e+08 1.739385400000000000e+07 1.007583980999999940e+08
1.393896328699999452e+08 1.013707342999999970e+08 1.743082900000000000e+07 2.076261658000000119e+08
8.802102401000000536e+07 1.646542770000000000e+08 2.174705300000000000e+07 2.814426687000000104e+07
1.108982314000000060e+08 1.164510611800000072e+08 2.149536000000000000e+07 7.165469809999999590e+06
1.396029424799999893e+08 9.359395029999999702e+07 1.807312800000000000e+07 1.729011064000000060e+08
1.314523297029999942e+08 9.784480760500000417e+07 1.961277900000000000e+07 8.129753466300000250e+07
9.960502100000000000e+07 1.549855000000000000e+08 2.041965900000000000e+07 2.614870136899999902e+07
1.259757908999999762e+08 1.619238050000000000e+08 1.745502700000000000e+07 5.301378200000000000e+07
1.054555028199999928e+08 1.361512710000000000e+08 2.026010600000000000e+07 4.902179800000000000e+07
1.170002072600000203e+08 1.744757210000000000e+08 1.790412000000000000e+07 5.726774000000000000e+07
9.295508203499999642e+07 1.157451189733999968e+08 2.335639000000000000e+07 1.162732991093000025e+08
1.193582334699999988e+08 1.036655695000000000e+08 2.030339000000000000e+07 7.945288250000000000e+07
8.987368354400001466e+07 1.724849870000000000e+08 2.104818700000000000e+07 3.384142689999999851e+07
1.217308395199999958e+08 1.082145825999999940e+08 1.862313700000000000e+07 2.190710239000000060e+08
6.664609704999999702e+07 2.188568130000000000e+08 2.579241500000000000e+07 4.858779720000000298e+07
1.370020931389999986e+08 9.372986256999999285e+07 1.878434500000000000e+07 1.323159232060000002e+08
9.098241135600000620e+07 1.282031783199999928e+08 2.350481700000000000e+07 5.964436520999999717e+06
1.203194438700000048e+08 1.604089350000000000e+08 1.800075800000000000e+07 4.204277179999999702e+07
1.353666757800000012e+08 1.017320120000000000e+08 1.791483400000000000e+07 1.719609306100000143e+08
1.288580365530000031e+08 1.018147441069999933e+08 2.043511500000000000e+07 3.249700540500000119e+07
1.377851913600000143e+08 9.317479159999999404e+07 1.848000800000000000e+07 1.518477448799999952e+08
1.082650421200000048e+08 1.135613492000000030e+08 2.220853900000000000e+07 1.802047182000000030e+06
9.263159792000001669e+07 1.902668430000000000e+08 1.986367400000000000e+07 6.797291200000000000e+07
8.710237076999999583e+07 1.253279890460000038e+08 2.555904300000000000e+07 3.799109079999999958e+05
1.163046635400000066e+08 1.639736630000000000e+08 1.836154700000000000e+07 3.601641459000000358e+07
7.709938379000000656e+07 1.323806351800999939e+08 2.709689600000000000e+07 4.026633404319000244e+07
1.083308784889999926e+08 1.366334663000000119e+08 2.036840800000000000e+07 1.724792409099999815e+07
8.136671592000000179e+07 1.310115657070000023e+08 2.668445000000000000e+07 5.585499860000000335e+05
8.953053737999999523e+07 1.909136370000000000e+08 2.037585100000000000e+07 6.296472100000000000e+07
9.315716895000000298e+07 1.201830629889999926e+08 2.406705400000000000e+07 1.008481322999999975e+06
9.139885865000000596e+07 1.649531110000000000e+08 2.112470600000000000e+07 2.963824785000000149e+07
1.197165449412000030e+08 9.708798541082000732e+07 1.977408800000000000e+07 1.941668755401900113e+08
6.649101748300000280e+07 1.509970348400000036e+08 3.009144200000000000e+07 2.161620177900000010e+06
6.727349764000000060e+07 1.464195513700000048e+08 2.997896900000000000e+07 3.109456823000000045e+07
7.490502432999999821e+07 1.389518495629999936e+08 2.831486900000000000e+07 6.341439470000000438e+05
9.668378696799999475e+07 1.236516924399999976e+08 2.285302500000000000e+07 5.596634030000000261e+06
6.417043605399999768e+07 1.601127127500000000e+08 3.179643100000000000e+07 2.328030474299999885e+06
9.528404217000000179e+07 1.203633055000000000e+08 2.348505800000000000e+07 2.282679243999999948e+06
1.409444073600000143e+08 1.012034792000000030e+08 1.745150700000000000e+07 1.869684798000000119e+08
1.328060194599999934e+08 9.249455681000000238e+07 1.872820400000000000e+07 1.813705950999999940e+08
6.260991038000001013e+07 1.648056114300000072e+08 3.169526800000000000e+07 4.983540020000000484e+06
6.978007087800000608e+07 1.426248128219999969e+08 2.910387700000000000e+07 3.868712923700000346e+07
1.079654173199999928e+08 1.243604140000000000e+08 2.087431500000000000e+07 3.028699700000000000e+07
7.526453252999998629e+07 1.754234815000000000e+08 2.445685300000000000e+07 2.776371957999999821e+07
1.251233394200000018e+08 9.909404350000000000e+07 1.984227500000000000e+07 9.724553731299999356e+07
9.774571048100000620e+07 1.316106782000000030e+08 2.209846300000000000e+07 1.026555138099999912e+07
7.058397757000000775e+07 1.452010269480000138e+08 2.950756700000000000e+07 6.896869080000000540e+05
1.181395331299999952e+08 1.001799385999999940e+08 1.988800600000000000e+07 1.533603160699999928e+08
1.281193213499999940e+08 1.138236220000000000e+08 1.965873100000000000e+07 3.079920510000000149e+07
8.039350628999999166e+07 1.375263571699999869e+08 2.549764000000000000e+07 5.954657376000000164e+06
1.209592383799999952e+08 1.437102875000000000e+08 1.795103800000000000e+07 1.037983340000000000e+08
6.335150471000000834e+07 1.904378775999999940e+08 2.795580100000000000e+07 2.761800039999999851e+07
7.110561487000000477e+07 1.633476575000000000e+08 2.657426800000000000e+07 1.596721877999999933e+07
9.533778801899999380e+07 1.277107942000000030e+08 2.272550900000000000e+07 7.416597881000000052e+06
9.576769326399999857e+07 1.128605739157000035e+08 2.302120800000000000e+07 1.366889623968999982e+08
9.141600115999999642e+07 1.225147712699999958e+08 2.408045800000000000e+07 1.996262573000000091e+06
1.252196252099999785e+08 1.045632203400000036e+08 2.123515400000000000e+07 2.826159547999999952e+06
1.223855198199999928e+08 1.359932813000000119e+08 1.830144000000000000e+07 7.700448073000000417e+07
1.312021727900000066e+08 1.339235237999999970e+08 1.776387300000000000e+07 7.651353690000000596e+07
1.305930957900000066e+08 1.000269934899999946e+08 1.987084300000000000e+07 6.042993350999999791e+07
1.105455166200000048e+08 1.440159900000000000e+08 1.969471800000000000e+07 2.298005830000000075e+07
1.340724144299999774e+08 9.672135190000000596e+07 1.924253800000000000e+07 9.856620045999999344e+07
7.769362106000000238e+07 1.356477223700000048e+08 2.642332500000000000e+07 4.858503407900000364e+07
9.391946414000000060e+07 1.573342934000000060e+08 2.105082100000000000e+07 2.635827219999999925e+07
1.252909514200000018e+08 1.552094600000000000e+08 1.789325300000000000e+07 3.416967789999999851e+07
1.128308770799999982e+08 1.015728813700000048e+08 2.055637000000000000e+07 1.523072762299999893e+08
6.493684410000000149e+07 2.015465980000000000e+08 2.683234400000000000e+07 3.558479389999999851e+07
8.948258911500002444e+07 1.299969294399999976e+08 2.367477400000000000e+07 6.420793853000001051e+06
6.450204434000000358e+07 2.076266310000000000e+08 2.679038400000000000e+07 3.972064860000000149e+07
9.055333520000000298e+07 1.181171395178000033e+08 2.381950700000000000e+07 1.038790728930999935e+08
6.856932278300000727e+07 2.193115900000000000e+08 2.518666500000000000e+07 5.181830639999999851e+07
9.563956410999999940e+07 1.828391670000000000e+08 1.983382600000000000e+07 4.401790150000000000e+07
1.383505228569999933e+08 9.295675062000000477e+07 1.860614000000000000e+07 1.437838150600000024e+08
9.226416610999999940e+07 1.187842109360000044e+08 2.428953500000000000e+07 8.631987981000000611e+06
1.400072646550000012e+08 9.496319917399999499e+07 1.804577600000000000e+07 1.662680198510000110e+08
9.065956101999999583e+07 1.910494690000000000e+08 2.025891400000000000e+07 5.093259189999999851e+07
1.316777155499999970e+08 9.737010526000000536e+07 1.926039100000000000e+07 1.028801526700000018e+08
6.843190124000000954e+07 1.778911208000000119e+08 2.660580200000000000e+07 2.378237925000000000e+07
6.035664996999999881e+07 1.938847418000000119e+08 3.060477300000000000e+07 2.316974650000000000e+07
1.103778165400000066e+08 1.690011910000000000e+08 1.867125100000000000e+07 3.973149710000000149e+07
9.796728367499999702e+07 1.110281198636000007e+08 2.246881200000000000e+07 1.438141841915999949e+08
1.119927158410000056e+08 1.008019044323000014e+08 2.053941600000000000e+07 2.010172122596000135e+08
1.031689058799999952e+08 1.832267390000000000e+08 1.883710200000000000e+07 6.692708000000000000e+07
1.376629579300000072e+08 1.002829432000000030e+08 1.804615800000000000e+07 1.496842604300000072e+08
