1.248525818700000197e+08 1.123457767000000030e+08 2.048783300000000000e+07 5.105417459999999963e+06
1.224585783889999986e+08 1.036705426720000058e+08 2.099621900000000000e+07 2.511544635300000012e+07
6.622029731400000304e+07 1.515366665200000107e+08 3.008050200000000000e+07 2.461629211400000378e+06
1.332335101299999952e+08 9.413844019400000572e+07 1.900653000000000000e+07 1.361807530579999983e+08
1.272754525999999940e+08 1.043919813299999982e+08 2.108244300000000000e+07 3.400716080000000075e+06
1.083886330479999930e+08 1.114308481430000067e+08 2.260893400000000000e+07 3.266619923999999883e+05
1.203157768800000399e+08 1.118987201099999994e+08 2.094208000000000000e+07 3.844862859999999870e+06
1.405114507800000012e+08 1.022598090999999940e+08 1.738764500000000000e+07 1.936095341999999881e+08
9.380498621799999475e+07 1.153154274899999946e+08 2.341288600000000000e+07 6.979579112399999797e+07
7.463208507999999821e+07 1.397799991399999857e+08 2.855715800000000000e+07 4.503294629999999888e+05
6.028538018999999762e+07 2.494968820999999940e+08 4.751792700000000000e+07 6.851383320000000298e+06
1.082122838599999994e+08 1.195888512000000030e+08 2.160592900000000000e+07 5.914163740000000224e+06
1.265181731930000037e+08 9.434829371649999917e+07 1.919129600000000000e+07 1.941146876137900054e+08
6.315445025999999791e+07 1.764177183000000119e+08 2.889584200000000000e+07 1.760403312999999896e+07
1.187743342399999946e+08 1.078555780129999965e+08 2.160488200000000000e+07 5.469610430000000633e+05
9.044170604999999702e+07 1.435468053000000119e+08 2.243855300000000000e+07 1.583477611700000055e+07
1.277315632999999970e+08 1.476722290000000000e+08 1.801662400000000000e+07 3.263884089999999851e+07
6.871274675000000000e+07 1.851038911999999881e+08 2.616268500000000000e+07 2.827492221000000089e+07
1.048728128700000048e+08 1.173809939699999988e+08 2.225677500000000000e+07 3.395661689999999944e+06
1.151739699699999988e+08 1.615278000000000000e+08 1.853010000000000000e+07 3.430726014000000060e+07
1.060803780600000024e+08 1.077911530370000005e+08 2.194895400000000000e+07 6.812235430200000107e+07
7.689506522200000286e+07 1.326206496836600006e+08 2.718613400000000000e+07 3.716429509187000245e+07
1.361711818400000334e+08 9.372694687999999523e+07 1.866588700000000000e+07 1.425267376200000048e+08
1.033604366410000026e+08 1.065659835639999956e+08 2.157711100000000000e+07 1.916154815518999994e+08
9.222692948000000417e+07 1.791271500000000000e+08 2.043662100000000000e+07 3.880680444000000507e+07
7.449087667000000179e+07 1.378358920079999864e+08 2.820164600000000000e+07 6.284413476999999955e+06
6.629429701000000536e+07 2.179598280000000000e+08 2.591901700000000000e+07 4.743583310000000149e+07
7.131647500000000000e+07 1.927268530000000000e+08 2.495782900000000000e+07 3.529915417999999970e+07
1.017908890999999940e+08 1.178929689699999988e+08 2.264842000000000000e+07 2.790586220000000205e+06
8.963516043999999762e+07 1.776815030000000000e+08 2.088573900000000000e+07 3.707296263000000268e+07
1.158241122099999934e+08 1.079700651299999952e+08 2.199399400000000000e+07 1.572598844000000041e+06
7.818125296299999952e+07 1.328004202742999941e+08 2.726093000000000000e+07 7.706074259959998541e+06
7.705414292999999225e+07 1.390585240400000215e+08 2.650893300000000000e+07 4.530659548999999650e+06
6.372863208399999887e+07 1.611151585000000000e+08 3.177505500000000000e+07 2.891755436999999918e+06
1.021605322500000000e+08 1.144343607240000069e+08 2.313506400000000000e+07 4.959859930000000168e+05
1.177194501800000072e+08 1.755180880000000000e+08 1.778737300000000000e+07 6.486923200000000000e+07
9.341706591899998486e+07 1.182046181154900044e+08 2.409653700000000000e+07 7.263678867929999717e+06
1.057192952220000029e+08 1.093980063359999955e+08 2.206823200000000000e+07 4.401716506199999899e+07
6.045450510999999940e+07 1.967876104000000060e+08 3.032791600000000000e+07 2.530006260000000149e+07
9.373904739000000060e+07 1.198171671969999969e+08 2.402674300000000000e+07 8.073074350000000559e+05
1.239040195680000037e+08 1.304646857000000030e+08 1.924326000000000000e+07 1.687450340610000119e+07
1.013106358900000006e+08 1.119858102900000066e+08 2.250089800000000000e+07 4.267400807000000030e+07
1.334410284099999964e+08 9.742770962000000477e+07 1.812939100000000000e+07 2.041555700999999940e+08
8.078704689000000060e+07 2.022454280000000000e+08 2.210336300000000000e+07 4.829820570000000298e+07
8.266226598399999738e+07 1.260658086974499971e+08 2.564248800000000000e+07 4.891708378232999891e+07
1.070240530499999970e+08 1.142588805100000054e+08 2.229827500000000000e+07 1.920932301999999909e+06
7.303925423999999464e+07 1.409989101920000017e+08 2.847384100000000000e+07 1.271329307000000030e+06
1.114419266000000238e+08 1.596604710000000000e+08 1.890694700000000000e+07 3.269105994999999925e+07
8.075291141000001132e+07 1.315893692000000030e+08 2.636604300000000000e+07 1.429786523000000045e+06
7.837098128000000119e+07 2.048821770000000000e+08 2.264054800000000000e+07 4.826839860000000149e+07
8.724900222999998927e+07 1.460973100999999940e+08 2.291983500000000000e+07 1.623085886999999918e+07
6.541715952000000328e+07 2.134950210000000000e+08 2.628736400000000000e+07 4.388957060000000149e+07
1.104906987699999958e+08 1.081517922000000030e+08 1.998762600000000000e+07 2.237136403799999952e+08
8.662190632000000775e+07 1.966074540000000000e+08 2.087578500000000000e+07 6.343156400000000000e+07
1.397769776600000262e+08 1.019426154000000060e+08 1.739974500000000000e+07 2.018572926999999881e+08
9.147340875200000405e+07 1.213053270199999958e+08 2.465779100000000000e+07 4.142767930000000051e+05
1.259934859379999936e+08 1.396068160000000000e+08 1.858271000000000000e+07 2.311272188839999959e+07
1.107056286299999952e+08 1.056928249909999967e+08 2.152571700000000000e+07 6.677187392300000042e+07
7.096232449999998510e+07 1.480682874199999869e+08 2.786764800000000000e+07 7.893334790999999270e+06
8.900554293999999762e+07 1.235166452699999958e+08 2.469748500000000000e+07 1.303395023000000045e+06
1.268759886071999967e+08 9.479619733563399315e+07 1.913190500000000000e+07 1.822408291284120083e+08
1.392064800600000024e+08 9.088795121199999750e+07 1.843182800000000000e+07 1.676348027840000093e+08
1.089900639699999839e+08 1.477499160000000000e+08 1.971049100000000000e+07 2.417626395499999821e+07
1.228464555760000050e+08 9.575147523450000584e+07 1.947128000000000000e+07 1.987949967105999887e+08
1.286189334400000423e+08 1.444869190999999940e+08 1.737808200000000000e+07 1.097465665000000000e+08
1.041469555799999982e+08 1.798021930000000000e+08 1.896962300000000000e+07 4.821287020000000298e+07
1.250971454699999988e+08 1.209502472000000030e+08 1.979102000000000000e+07 1.091788680000000075e+07
9.075042049899999797e+07 1.178055921316000074e+08 2.381026000000000000e+07 1.054396675595999956e+08
1.208963770100000054e+08 1.616523280000000000e+08 1.802662300000000000e+07 3.688795139999999851e+07
1.105025416599999964e+08 1.110183411840000004e+08 2.229231400000000000e+07 4.507930420000000158e+05
1.210318617699999958e+08 1.552651020000000000e+08 1.826736800000000000e+07 3.171759696000000089e+07
9.913583467000000179e+07 1.153421013700000048e+08 2.353307000000000000e+07 2.635466430000000168e+06
8.930721651999999583e+07 1.936029790000000000e+08 2.040336200000000000e+07 5.942994100000000000e+07
1.242214215100000054e+08 1.048386269870000035e+08 2.134874600000000000e+07 2.194696376999999862e+06
7.170767311999998987e+07 1.724010984000000060e+08 2.579068200000000000e+07 2.253350789999999851e+07
8.922894302199999988e+07 1.194278838831000030e+08 2.409174600000000000e+07 9.776732510539999604e+07
1.048907398700000048e+08 1.146267774800000042e+08 2.054193000000000000e+07 2.124452815500000119e+08
7.908476570000001788e+07 1.334208099420000017e+08 2.710748600000000000e+07 8.047285339999999851e+05
1.187562445400000066e+08 1.051021740600000024e+08 1.917534700000000000e+07 1.942249918400000036e+08
1.003567211600000411e+08 1.590657890000000000e+08 2.010217800000000000e+07 2.941106607000000030e+07
1.257619655000000000e+08 1.120404060999999940e+08 2.046529200000000000e+07 4.993891919999999925e+06
1.307720598900000006e+08 9.658742047499999404e+07 1.939078700000000000e+07 1.056105782179999948e+08
9.097146507799999416e+07 1.689891240000000000e+08 2.098206900000000000e+07 3.251604846999999881e+07
7.771788594500000775e+07 1.322994075638999939e+08 2.705615400000000000e+07 1.748737454230000079e+07
1.040035145799999982e+08 1.136231234650000036e+08 2.290373300000000000e+07 5.459870959999999031e+05
6.441277029000000656e+07 2.069138810000000000e+08 2.684831500000000000e+07 3.920288460000000149e+07
9.824585987000000477e+07 1.140089126899999976e+08 2.312685800000000000e+07 2.686330901700000092e+07
1.263850758900000006e+08 1.007412301599999964e+08 1.856176300000000000e+07 2.103693229099999964e+08
1.241801348700000048e+08 1.076613460300000012e+08 2.100394800000000000e+07 1.796834452999999980e+06
1.283126257399999946e+08 1.032458707999999970e+08 2.031397200000000000e+07 3.347734946000000089e+07
1.045756323770000041e+08 1.063592709895000011e+08 2.145910600000000000e+07 1.452907460085000098e+08
6.148183386999999732e+07 2.085117790000000000e+08 2.907655800000000000e+07 3.436364570000000298e+07
1.077802432699999958e+08 1.711792500000000000e+08 1.890261700000000000e+07 3.845732157999999821e+07
7.101203544529999793e+07 1.441177632700000107e+08 2.873994200000000000e+07 1.938779763929999899e+06
6.878632855999998748e+07 1.919186900000000000e+08 2.580162200000000000e+07 3.322828227000000328e+07
1.107317650869999975e+08 1.307079547999999970e+08 2.047822000000000000e+07 1.404544012199999951e+07
8.568874857000000775e+07 1.263269097360000014e+08 2.564843300000000000e+07 7.011255920000000624e+05
9.156255176000000536e+07 1.501620435000000000e+08 2.186982900000000000e+07 2.017615041499999911e+07
7.725716587999999523e+07 1.757984173000000119e+08 2.384734600000000000e+07 2.968576871000000089e+07
1.147830404229999930e+08 1.006762993789999932e+08 1.999392100000000000e+07 2.021536622229999900e+08
8.115104857499998808e+07 1.329882545199999958e+08 2.583723500000000000e+07 2.975094699000000022e+06
7.071271235999998450e+07 2.128525040000000000e+08 2.459623900000000000e+07 4.719978170000000298e+07
1.232211237169999927e+08 1.382654580000000000e+08 1.883588200000000000e+07 2.198253446900000051e+07
6.395531288000000268e+07 2.062756970000000000e+08 2.716348600000000000e+07 3.806972400000000000e+07
9.796269542000001669e+07 1.170341549679999948e+08 2.346579400000000000e+07 9.024555359999999637e+05
7.019072563799999654e+07 1.418316535571099818e+08 2.902443300000000000e+07 3.748466913515000045e+07
7.212118815999999642e+07 1.581315145999999940e+08 2.658170400000000000e+07 1.333079401999999955e+07
1.272789809899999946e+08 1.011754980129999965e+08 2.038425700000000000e+07 4.231692054990000278e+07
6.235696383799999952e+07 2.417414358899999857e+08 4.767366800000000000e+07 2.486118791999999899e+06
1.252777031620000005e+08 9.481133399310000241e+07 1.929061500000000000e+07 1.943796732698200047e+08
9.798700671099999547e+07 1.108547713787000030e+08 2.259255800000000000e+07 1.434095287621000111e+08
6.471412049000000209e+07 1.562645883199999928e+08 2.997821400000000000e+07 5.139867464999999851e+06
1.226985775550000072e+08 1.046932413050000072e+08 2.128988100000000000e+07 8.767608665000000969e+06
9.297828437399999797e+07 1.911723150000000000e+08 1.989253400000000000e+07 5.689057700000000000e+07
1.125683720900000036e+08 1.448679070999999940e+08 1.944975200000000000e+07 2.393184112999999896e+07
1.398803703100000024e+08 9.349918250000000000e+07 1.795584900000000000e+07 1.842420143000000119e+08
1.110997044399999976e+08 1.043191682999999970e+08 2.085172900000000000e+07 1.127166023299999982e+08
1.146178727800000012e+08 1.027002275600000024e+08 1.979939500000000000e+07 2.150972250900000036e+08
6.198881078999999166e+07 1.677764794699999988e+08 3.160044400000000000e+07 9.737261273000000045e+06
1.279373243900000453e+08 9.819384689000000060e+07 1.859531300000000000e+07 2.055546114300000072e+08
6.094819462000000477e+07 2.458737254300000072e+08 4.759042600000000000e+07 4.947685557000000030e+06
1.392549191500000060e+08 1.006101054000000060e+08 1.747329100000000000e+07 2.084017946299999952e+08
9.758208351999999583e+07 1.153095901459999979e+08 2.354184300000000000e+07 9.085973919999999925e+06
8.080212785999998450e+07 1.775959720000000000e+08 2.284590400000000000e+07 3.239943476000000164e+07
7.784026319000001252e+07 1.477211372800000012e+08 2.528885100000000000e+07 2.699475996000000089e+07
1.075246816679999977e+08 1.043310535680000037e+08 2.089196100000000000e+07 1.883265674372000098e+08
1.269006157900000215e+08 1.595949070000000000e+08 1.744108000000000000e+07 5.280092500000000000e+07
9.258262551000000536e+07 1.372717969000000060e+08 2.246293700000000000e+07 1.275059115699999966e+07
8.779138789000000060e+07 1.555563620000000000e+08 2.227234100000000000e+07 2.212253505000000075e+07
8.056262190000000596e+07 1.285386813700000048e+08 2.633087600000000000e+07 2.443807023000000045e+07
1.319107847600000054e+08 9.941634040000000596e+07 1.928060600000000000e+07 9.019232220000000298e+07
1.161547068900000155e+08 1.511032110000000000e+08 1.883077200000000000e+07 2.842991556400000304e+07
8.894416857600000501e+07 1.369743966999999881e+08 2.320179200000000000e+07 1.092758608100000210e+07
1.184023379819999933e+08 9.938714425699999928e+07 1.959740400000000000e+07 2.082396939709999859e+08
1.124745329699999988e+08 1.130643382000000030e+08 1.944744200000000000e+07 2.369268711999999881e+08
1.287027239099999964e+08 1.563647800000000000e+08 1.740109800000000000e+07 5.471933000000000000e+07
1.004411207789999992e+08 1.091657117716999948e+08 2.206340500000000000e+07 1.381601820521999896e+08
1.259670870499999970e+08 1.508395870000000000e+08 1.807758800000000000e+07 2.984343108700000122e+07
1.247353202399999797e+08 1.699598720000000000e+08 1.737896500000000000e+07 6.305202700000000000e+07
8.484171703999999166e+07 1.923554320000000000e+08 2.129801000000000000e+07 5.971096000000000000e+07
9.619923859000000358e+07 1.880352900000000000e+08 1.958603800000000000e+07 5.425267370000000298e+07
9.621110140000000596e+07 1.560304185999999940e+08 2.078050100000000000e+07 2.631814687999999896e+07
6.055420784000000358e+07 1.827354616999999881e+08 3.115878300000000000e+07 1.580947210999999940e+07
9.133913618000000715e+07 1.899844290000000000e+08 2.027464200000000000e+07 4.544918460000000149e+07
8.866793539999999106e+07 1.677576450000000000e+08 2.147316400000000000e+07 3.039380516000000015e+07
8.765063257000000775e+07 1.514359745999999940e+08 2.250212700000000000e+07 1.980765360999999940e+07
8.949696067000000179e+07 1.214347413700000048e+08 2.486344100000000000e+07 5.821118930000000633e+06
1.088789925100000054e+08 1.787707380000000000e+08 1.839388600000000000e+07 6.576620800000000000e+07
1.284340565700000226e+08 1.250744477399999946e+08 1.855338300000000000e+07 5.687833879999999702e+07
9.503193541200000048e+07 1.243366769500000030e+08 2.308779600000000000e+07 5.003593259300000034e+06
7.517286643999999762e+07 1.906449570000000000e+08 2.383324400000000000e+07 3.760234179000000656e+07
1.373491150500000119e+08 9.084086151999999583e+07 1.847494200000000000e+07 1.802673905460000038e+08
1.249530279500000030e+08 1.554603340000000000e+08 1.771135800000000000e+07 4.819123910000000149e+07
7.375527158999998868e+07 1.400559007420000136e+08 2.830360800000000000e+07 1.176638271000000183e+06
9.778307179000002146e+07 1.222713991500000060e+08 2.282652400000000000e+07 4.465157113599999808e+06
1.344180466299999952e+08 9.659623612999999523e+07 1.923902000000000000e+07 9.874029296999999881e+07
6.625818730999998748e+07 1.500076356699999869e+08 2.998963700000000000e+07 2.002336197300000116e+07
1.064903804099999964e+08 1.755485100000000000e+08 1.882304700000000000e+07 4.599921039999999851e+07
1.013383366370000243e+08 1.082020741250000000e+08 2.187516900000000000e+07 1.739319591500000060e+08
9.984986468199999630e+07 1.093319353199000061e+08 2.218866000000000000e+07 1.531210799887999892e+08
9.306196057999999821e+07 1.507611871999999881e+08 2.126937500000000000e+07 4.610347210000000149e+07
6.722914022899998724e+07 1.465478381154899895e+08 3.000077600000000000e+07 2.756891036792999879e+07
1.219097686899999976e+08 1.010812700000000000e+08 1.967954300000000000e+07 1.222710815000000000e+08
6.823503223999999464e+07 1.490172390699999928e+08 2.915350500000000000e+07 4.121221422999999952e+06
8.551185360999999940e+07 1.968012360000000000e+08 2.117827300000000000e+07 4.777573260000000149e+07
9.830320465500000119e+07 1.280478302000000030e+08 2.222314000000000000e+07 8.716294373999999836e+06
1.116516053799999952e+08 1.544406109000000060e+08 1.845555000000000000e+07 1.185237975000000000e+08
1.251123727999999970e+08 1.038542852000000030e+08 1.849305700000000000e+07 2.166549309000000060e+08
1.221578256959999949e+08 1.246399460999999940e+08 1.980989200000000000e+07 1.223457174689999968e+07
1.053163916449999958e+08 1.116218781239999980e+08 2.277132500000000000e+07 6.346948615000000224e+06
7.640826260999998450e+07 2.090531750000000000e+08 2.306244900000000000e+07 5.704608400000000000e+07
1.031974447300000042e+08 1.103064775479999930e+08 2.219646800000000000e+07 5.377370808799999952e+07
8.743609311000007391e+07 1.339658920999999940e+08 2.380955800000000000e+07 7.993478154999999329e+06
1.319442085100000054e+08 1.366734435000000000e+08 1.738478200000000000e+07 1.007461287000000030e+08
1.219535301100000441e+08 1.156412247999999970e+08 2.043886400000000000e+07 6.871068539999999106e+06
1.147020307000000030e+08 1.014810779699999988e+08 2.049221500000000000e+07 1.300811013229999989e+08
1.353742354099999964e+08 9.310627053000000119e+07 1.865081600000000000e+07 1.541388357199999988e+08
1.084614159099999964e+08 1.059015385670000017e+08 2.138312700000000000e+07 8.976602612000000477e+07
6.436399578800000250e+07 1.635107026999999881e+08 2.929055900000000000e+07 1.014480661999999918e+07
9.338367365999999642e+07 1.578661150999999940e+08 2.107952000000000000e+07 2.782168760000000149e+07
8.275502880000001192e+07 1.791227820000000000e+08 2.230404900000000000e+07 3.453918814000000060e+07
1.335893590910000056e+08 9.556616385600000620e+07 1.918832200000000000e+07 1.098539903069999963e+08
9.597469851999999583e+07 1.178906465269999951e+08 2.388797400000000000e+07 5.371097550000000047e+05
1.168736773299999982e+08 1.069191479000000060e+08 1.920521500000000000e+07 2.227209700800000131e+08
9.005831810999999940e+07 1.284082982600000054e+08 2.369133500000000000e+07 5.678526978000000119e+06
8.708782476000000536e+07 1.224377213700000048e+08 2.503803700000000000e+07 1.617140523000000045e+07
1.118580402300000191e+08 1.673774880000000000e+08 1.847812300000000000e+07 4.558494220000000298e+07
1.315727378599999994e+08 9.271266862000000477e+07 1.884943100000000000e+07 1.833510440419999957e+08
1.019197984099999964e+08 1.463575700399999917e+08 1.996629900000000000e+07 7.422298734000000358e+07
1.012849947300000042e+08 1.843104460000000000e+08 1.903648700000000000e+07 6.110833500000000000e+07
9.990540203000001609e+07 1.589158613000000119e+08 1.954889100000000000e+07 1.186104520999999940e+08
