1.356544304300000072e+08 1.000337496500000060e+08 1.858883100000000000e+07 1.188368050400000066e+08
1.266813292999999821e+08 1.411893119000000060e+08 1.758224200000000000e+07 1.038290979000000060e+08
8.027365617900000513e+07 1.344616254000000060e+08 2.591093000000000000e+07 3.621375200999999885e+06
1.270979931400000006e+08 1.151351450000000000e+08 1.977122900000000000e+07 2.340633269999999925e+07
1.247945588900000006e+08 1.066178790799999982e+08 2.109868000000000000e+07 9.568461250000000000e+05
1.093648475400000066e+08 1.738399850000000000e+08 1.847393200000000000e+07 5.564450100000000000e+07
8.955909118000000715e+07 1.231108027600000054e+08 2.458192900000000000e+07 1.312894225999999791e+06
1.232630429699999988e+08 1.049105092530000061e+08 2.134683300000000000e+07 4.144315503000000026e+06
1.263731680699999928e+08 1.549728970000000000e+08 1.786710200000000000e+07 3.288068810000000149e+07
1.121583364800000042e+08 1.680219720000000000e+08 1.844860900000000000e+07 4.514908179999999702e+07
9.875267718199999630e+07 1.274723909000000060e+08 2.220922900000000000e+07 8.369424166999999434e+06
1.228539184860000014e+08 9.574851523450000584e+07 1.947066400000000000e+07 1.987878767105999887e+08
1.250432351800000072e+08 1.130606885000000000e+08 2.041369200000000000e+07 5.611545120000000112e+06
1.105400283199999928e+08 1.109582561159999967e+08 2.224523300000000000e+07 6.963581829999999609e+05
1.273175148400000036e+08 9.418533340000000596e+07 1.917947400000000000e+07 1.852295970780000091e+08
1.282810820400000066e+08 1.526166420000000000e+08 1.764569500000000000e+07 4.392936760000000149e+07
1.032781187300000042e+08 1.590458391999999881e+08 1.915390400000000000e+07 1.213440055000000000e+08
1.204792653400000036e+08 1.740032980000000000e+08 1.761732600000000000e+07 6.414310400000000000e+07
1.066779277800000012e+08 1.685651220000000000e+08 1.905028300000000000e+07 3.728037954999999702e+07
6.154961110999999940e+07 2.096006323000000119e+08 2.901579500000000000e+07 3.487340070000000298e+07
9.627728068799999356e+07 1.630589888000000119e+08 1.991540600000000000e+07 1.213630100999999940e+08
7.553580569099999964e+07 1.343398868782199919e+08 2.755813700000000000e+07 3.606865325322999805e+07
1.205616903599999994e+08 1.405891024000000060e+08 1.893410900000000000e+07 2.301299619999999925e+07
1.243969624350000173e+08 1.041464746679999977e+08 2.105652500000000000e+07 1.198036991200000048e+07
8.771969087000000477e+07 1.244248067189999968e+08 2.528057000000000000e+07 6.085573630000000121e+05
8.659804588999998569e+07 1.626911311999999881e+08 2.213082800000000000e+07 2.651100632999999821e+07
9.874246362999998033e+07 1.864189740000000000e+08 1.922396600000000000e+07 6.769057400000000000e+07
1.106405999500000179e+08 1.545521588000000119e+08 1.853891700000000000e+07 1.182380130999999940e+08
1.098103834899999946e+08 1.400432675000000000e+08 1.999245200000000000e+07 2.017371860999999940e+07
9.243736168999999762e+07 1.822507510000000000e+08 2.029234500000000000e+07 4.122797178999999911e+07
9.184765488000003994e+07 1.596097940999999940e+08 2.084980200000000000e+07 8.957841462000000477e+07
1.251584607000000179e+08 1.480803070000000000e+08 1.817404300000000000e+07 3.038631230000000075e+07
1.378390619490000308e+08 9.059544836360000074e+07 1.840663800000000000e+07 1.875800264683699906e+08
7.849467173999999464e+07 1.463429925999999940e+08 2.527950200000000000e+07 1.096738755000000075e+07
1.058026528470000178e+08 1.305514610000000000e+08 2.105364000000000000e+07 1.253908059600000083e+07
1.295056894200000018e+08 1.227841356099999994e+08 1.865471400000000000e+07 5.471263161999999732e+07
1.248912402456000000e+08 1.287399307999999970e+08 1.927412800000000000e+07 1.605707434090000018e+07
9.076583534100000560e+07 1.176696644323000014e+08 2.391037200000000000e+07 1.077487122595999986e+08
9.309874419900000095e+07 1.241774370199999958e+08 2.348005400000000000e+07 3.993924020299999975e+06
1.364544851589999795e+08 9.377376650499999523e+07 1.880711800000000000e+07 1.322909660230000019e+08
1.064426177099999934e+08 1.152398835300000012e+08 2.225653400000000000e+07 2.525660870000000112e+06
1.271919398499999940e+08 1.459963930000000000e+08 1.744355100000000000e+07 1.116026874000000060e+08
1.107862461599999964e+08 1.089143625199999958e+08 2.001710500000000000e+07 1.813667860300000012e+08
8.851639257000002265e+07 1.220265713700000048e+08 2.498843500000000000e+07 7.438933130000000820e+06
7.124419700800000131e+07 1.415683462472999990e+08 2.903216600000000000e+07 1.065571779580000043e+07
7.591723923100000620e+07 1.355732464459999800e+08 2.782367600000000000e+07 8.078511743699998595e+06
1.253091332300000191e+08 1.215806020000000000e+08 1.924869200000000000e+07 3.698102300000000000e+07
1.270048360900000185e+08 1.047494690000000000e+08 2.106807900000000000e+07 3.019357729999999981e+06
8.840133511600002646e+07 1.285577196700000018e+08 2.408182900000000000e+07 4.835181351999999955e+06
8.521588410999998450e+07 1.267878539210000038e+08 2.573609400000000000e+07 7.195546640000001062e+05
1.353916925799999833e+08 9.962813220999999344e+07 1.804220200000000000e+07 1.681862831999999881e+08
1.393987427100000083e+08 9.063679679199999571e+07 1.840994700000000000e+07 1.710608748339999914e+08
9.505943890000000596e+07 1.185055821529999971e+08 2.401123700000000000e+07 5.340273810000000522e+05
1.083020843299999982e+08 1.132738120000000000e+08 2.002796300000000000e+07 2.289445124300000072e+08
1.139360550999999940e+08 1.150308096899999976e+08 2.133902500000000000e+07 4.407698980000000447e+06
1.158098609899999946e+08 1.763403500000000000e+08 1.791061000000000000e+07 6.503729300000000000e+07
1.160387078589999974e+08 1.078560381154900044e+08 2.195388700000000000e+07 1.748480967930000043e+06
1.342483735629999936e+08 9.604836192700000107e+07 1.924265300000000000e+07 1.018571276920000017e+08
1.249101217600000203e+08 1.200646157999999970e+08 1.986837100000000000e+07 1.024993709999999963e+07
9.633002573999999464e+07 1.682878580000000000e+08 2.019846200000000000e+07 3.521718620000000298e+07
1.037779072300000042e+08 1.665033040000000000e+08 1.941977800000000000e+07 3.497868196000000089e+07
1.221066574500000030e+08 1.065571087999999970e+08 1.864998300000000000e+07 2.232310900300000012e+08
1.141080275999999940e+08 1.076554901899999976e+08 1.950423300000000000e+07 2.241352637500000000e+08
1.188936633700000197e+08 1.074607361829999983e+08 2.165033000000000000e+07 4.566865339999999851e+05
1.002999418100000173e+08 1.153847731130000055e+08 2.334393500000000000e+07 5.389020330000000540e+05
1.231166918199999928e+08 1.086480433499999940e+08 2.098999200000000000e+07 2.281904530000000261e+06
1.251060065699999928e+08 1.659810200000000000e+08 1.745578100000000000e+07 5.470369000000000000e+07
1.286916755199999958e+08 1.558915250000000000e+08 1.746242500000000000e+07 4.999555400000000000e+07
6.613183913999999315e+07 2.151598480000000000e+08 2.600502800000000000e+07 4.508742970000000298e+07
7.312798111800000072e+07 1.375779732275899947e+08 2.816340100000000000e+07 3.853357752471999824e+07
1.406964876399999857e+08 9.358000240000000596e+07 1.796138200000000000e+07 1.789418899000000060e+08
8.468523184999999404e+07 1.986594280000000000e+08 2.124144100000000000e+07 6.278303500000000000e+07
1.391676512000000179e+08 1.010392550999999940e+08 1.745500300000000000e+07 2.119133245000000000e+08
1.159244785900000036e+08 1.119026185999999940e+08 1.908555900000000000e+07 2.352369400000000000e+08
1.204371977999999970e+08 1.132407407999999970e+08 2.080383900000000000e+07 4.774261910000000149e+06
1.167891209399999976e+08 1.013258293299999982e+08 1.962397700000000000e+07 2.119121091640000045e+08
9.491729325000000000e+07 1.895047090000000000e+08 1.962438800000000000e+07 6.274489600000000000e+07
1.071157310189999938e+08 1.040183525520000011e+08 2.099159900000000000e+07 2.103030318998999894e+08
7.042604518999999762e+07 1.467871409100000262e+08 2.853907800000000000e+07 3.196191498000000138e+06
9.650874582900004089e+07 1.252540087000000030e+08 2.274713500000000000e+07 6.126844963200001046e+06
9.249698337999999523e+07 1.904613000000000000e+08 1.988098200000000000e+07 6.761995600000000000e+07
7.430224705999998748e+07 1.393588226059999764e+08 2.823507600000000000e+07 1.036404087000000058e+06
9.736453046999999881e+07 1.730460890000000000e+08 1.987989200000000000e+07 3.926362189999999851e+07
9.845186645000000298e+07 1.457159180000000000e+08 2.102290800000000000e+07 2.039425859400000051e+07
1.410088504399999976e+08 1.011912375999999940e+08 1.744609000000000000e+07 1.874269690000000000e+08
5.968994546999999881e+07 2.537094314000000060e+08 4.740091700000000000e+07 9.348854509999999776e+06
1.226668065900000036e+08 9.904555131999999285e+07 1.909408200000000000e+07 2.070937983689999878e+08
1.260075701400000453e+08 1.616114310000000000e+08 1.747202800000000000e+07 5.166998600000000000e+07
1.047799671200000048e+08 1.135877456800000072e+08 2.061975900000000000e+07 2.082702643000000119e+08
1.133876206350000054e+08 9.999825224899999797e+07 2.034323500000000000e+07 2.082330367245000005e+08
9.061574265999999642e+07 1.872971410000000000e+08 2.030783200000000000e+07 5.169835839999999851e+07
1.387593239499999881e+08 9.228415920000000298e+07 1.841917800000000000e+07 1.582547074399999976e+08
7.845814216000001132e+07 1.344151871700000167e+08 2.689639900000000000e+07 1.422759485000000102e+06
1.164438926930000037e+08 1.260734854000000060e+08 2.019261100000000000e+07 1.256046877099999972e+07
6.460360600000000000e+07 1.593063456699999869e+08 3.181254300000000000e+07 1.881312972999999998e+06
1.256641595929999948e+08 1.384462290000000000e+08 1.866111600000000000e+07 2.235069082479999959e+07
6.711944227600000799e+07 1.468506362960000038e+08 2.999190000000000000e+07 2.803237617660000175e+07
6.437034272000000626e+07 2.056385980000000000e+08 2.688608300000000000e+07 3.854949010000000149e+07
1.288907953599999994e+08 1.318764815999999940e+08 1.791722200000000000e+07 8.093356728999999166e+07
6.855574206999999285e+07 2.128558000000000000e+08 2.525157000000000000e+07 4.561248820000000298e+07
8.306219471999999881e+07 1.289726357950000018e+08 2.597949400000000000e+07 1.153007034999999916e+06
8.919807919699999690e+07 1.193608582404000014e+08 2.412035100000000000e+07 9.668914888779999316e+07
1.113162318059999943e+08 1.012521191659999937e+08 2.051941800000000000e+07 2.123636974345000088e+08
1.167835646500000060e+08 1.437157640000000000e+08 1.911486800000000000e+07 2.405848672399999946e+07
1.208237387210000008e+08 9.660132256039999425e+07 1.962890900000000000e+07 2.001912817321999967e+08
1.062824761099999994e+08 1.112937727559999973e+08 2.268677900000000000e+07 5.484295638000000268e+06
9.156712379099999368e+07 1.210964866609999985e+08 2.444956500000000000e+07 7.593584229999999516e+05
1.021069040999999940e+08 1.664740660000000000e+08 1.951646900000000000e+07 3.899383879999999702e+07
7.340732756000000238e+07 2.057759290000000000e+08 2.392218600000000000e+07 4.526580220000000298e+07
1.040040861599999964e+08 1.136937207240000069e+08 2.290393100000000000e+07 4.959859930000000168e+05
1.398205390200000107e+08 1.017345835999999940e+08 1.746928800000000000e+07 1.889540079000000060e+08
7.646581285999999940e+07 1.969242240000000000e+08 2.323813700000000000e+07 5.052392250000000000e+07
1.250068143900000006e+08 1.586337330000000000e+08 1.785540400000000000e+07 3.448952131199999899e+07
8.349127859600000083e+07 1.256314288046000004e+08 2.558450900000000000e+07 2.649234081349999830e+07
1.384089808900000155e+08 9.505143879999999702e+07 1.837174300000000000e+07 1.471523189000000060e+08
7.941441059999999404e+07 2.044674200000000000e+08 2.238309300000000000e+07 5.016774750000000000e+07
8.907214743999998271e+07 1.937741790000000000e+08 2.045737800000000000e+07 5.660504900000000000e+07
8.137155526999999583e+07 1.281900913199999928e+08 2.629641800000000000e+07 1.470745748200000077e+07
8.091950861000001431e+07 1.318409166940000057e+08 2.688351400000000000e+07 4.254914400000000023e+05
1.367868158099999726e+08 9.106843343000000715e+07 1.852978700000000000e+07 1.781659418059999943e+08
6.090027324000000209e+07 1.772784460999999940e+08 3.131297600000000000e+07 1.238993930000000075e+07
1.036833334000000060e+08 1.723299490000000000e+08 1.926607300000000000e+07 3.811486999000000209e+07
1.195243687619999945e+08 1.317568547999999970e+08 1.953431600000000000e+07 1.692136639200000092e+07
6.033694788000000268e+07 1.944290185000000000e+08 3.064603300000000000e+07 2.353097569999999925e+07
9.876841771899999678e+07 1.103909561800000072e+08 2.230469400000000000e+07 1.504169424476999938e+08
6.346564217999999970e+07 1.897530398000000119e+08 2.795018900000000000e+07 2.687818642999999970e+07
8.621595292999999225e+07 1.970231370000000000e+08 2.095144900000000000e+07 6.336735000000000000e+07
9.581540893000000715e+07 1.700434670000000000e+08 2.010428700000000000e+07 4.321923110000000149e+07
1.311170049200000018e+08 1.371655226999999881e+08 1.741290100000000000e+07 1.000745730999999940e+08
9.341094315999999642e+07 1.199585902849999964e+08 2.402741300000000000e+07 1.077267922999999952e+06
1.273562265499999970e+08 1.029658125999999940e+08 1.832865700000000000e+07 2.151538414399999976e+08
7.674831264000000060e+07 1.372159043400000036e+08 2.703916700000000000e+07 2.313018452800000086e+06
1.219640123299999833e+08 1.395445795000000000e+08 1.834209700000000000e+07 6.323096979999999702e+07
6.686930675000000000e+07 1.503271788400000036e+08 3.010469700000000000e+07 1.791917620000000112e+06
1.403646224240000248e+08 9.071344587800000608e+07 1.833958600000000000e+07 1.698677625290000141e+08
8.919267662999999523e+07 1.845421980000000000e+08 2.071340200000000000e+07 4.214342189999999851e+07
1.120006246340000033e+08 1.314933240000000000e+08 2.028600700000000000e+07 1.500820990499999933e+07
1.411116585499999821e+08 1.021780234000000060e+08 1.747290900000000000e+07 1.798201959000000060e+08
1.220663272650000006e+08 1.244381644000000060e+08 1.977444100000000000e+07 1.268242044030000083e+07
1.279837595919999778e+08 1.014893804986999929e+08 2.047211100000000000e+07 3.484292580409999937e+07
9.384556346199999750e+07 1.178726576200000048e+08 2.344250400000000000e+07 3.343929296570000052e+07
1.254766402900000066e+08 1.101514692000000030e+08 2.047564600000000000e+07 1.050124040000000037e+07
6.644687547300000489e+07 2.184529950000000000e+08 2.586298700000000000e+07 4.808265520000000298e+07
1.378263380699999928e+08 9.830987042000000179e+07 1.807902800000000000e+07 1.548398516899999976e+08
1.311483742700000405e+08 9.953134059999999404e+07 1.982250900000000000e+07 6.366132114000000060e+07
1.104192240400000066e+08 1.048087748299999982e+08 2.026215900000000000e+07 2.176010017290000021e+08
1.098919431899999976e+08 1.138451412999999970e+08 1.976340400000000000e+07 2.349771901399999857e+08
1.392632276399999857e+08 9.218364420000000298e+07 1.808374000000000000e+07 1.873973859000000060e+08
6.700812175000000000e+07 1.516194554500000179e+08 2.940947500000000000e+07 4.064120822999999858e+06
9.340599190000000596e+07 1.319177525000000000e+08 2.272204700000000000e+07 9.425446619999999180e+06
1.279743876889999956e+08 1.009500747469999939e+08 2.031971900000000000e+07 4.360394617710000277e+07
6.263804399000000954e+07 1.646856241100000143e+08 3.169786200000000000e+07 4.915365641999999993e+06
1.311120471800000072e+08 9.943629206999999285e+07 1.819866300000000000e+07 2.085394091299999952e+08
1.295390287890000045e+08 9.900699876999999583e+07 1.980818600000000000e+07 7.209460162800000608e+07
9.006757626700001955e+07 1.532859195000000000e+08 2.195436000000000000e+07 2.161778652000000328e+07
1.012274090199999958e+08 1.403232945000000000e+08 2.098596600000000000e+07 1.759476964699999988e+07
1.166034830039999932e+08 9.841561642370000482e+07 2.002288400000000000e+07 2.047013629972999990e+08
8.209953363100001216e+07 1.327777290699999928e+08 2.551097700000000000e+07 3.608929983000000007e+06
1.053574942800000012e+08 1.816048780000000000e+08 1.868117500000000000e+07 6.291796900000000000e+07
1.230405786599999964e+08 9.951379587000000477e+07 1.994869400000000000e+07 1.032651761800000072e+08
1.337313494300000072e+08 1.021171906400000006e+08 1.897160500000000000e+07 9.320813757999999821e+07
1.021033537099999934e+08 1.113423835999999940e+08 2.189600300000000000e+07 8.271470390000000596e+07
9.144903422900001705e+07 1.279064325199999958e+08 2.344933600000000000e+07 5.786215075999999419e+06
9.494749418999999762e+07 1.346190860000000000e+08 2.223668700000000000e+07 1.255690994999999925e+07
9.108462181999999285e+07 1.497829420000000000e+08 2.153237800000000000e+07 6.979806806999999285e+07
1.009780690900000036e+08 1.839262950000000000e+08 1.902449200000000000e+07 6.720461500000000000e+07
1.018009015799999982e+08 1.591609245999999940e+08 1.931074300000000000e+07 1.203937332000000030e+08
7.773242875000001490e+07 1.377346602100000083e+08 2.640995400000000000e+07 4.207619958999999799e+06
6.438605227000000328e+07 1.591591804300000072e+08 2.980204600000000000e+07 6.664513322999999858e+06
9.111497293999999762e+07 1.405110439000000060e+08 2.250071300000000000e+07 1.431960343099999987e+07
8.337430223000000417e+07 1.778703700000000000e+08 2.214940300000000000e+07 3.653722810000000149e+07
9.338155421999999881e+07 1.175756313700000048e+08 2.388493000000000000e+07 1.666933923000000045e+07
1.252835194200000018e+08 9.843071840000000596e+07 1.938322200000000000e+07 1.356722234300000072e+08
9.846617685000002384e+07 1.359883680999999940e+08 2.161670200000000000e+07 1.418072403999999911e+07
8.784247475999999046e+07 1.688621410000000000e+08 2.154400700000000000e+07 3.165405517000000179e+07
9.728576368000000715e+07 1.176698259259999990e+08 2.349311700000000000e+07 1.038789400999999954e+06
1.342422649720000029e+08 9.326970860500000417e+07 1.841701000000000000e+07 1.951591277630000114e+08
1.129005232300000042e+08 1.493570140000000000e+08 1.919775900000000000e+07 2.684984157000000030e+07
1.076769084710000008e+08 1.117609807559999973e+08 2.269937400000000000e+07 2.763951122999999789e+05
9.978239287000000477e+07 1.187461306899999976e+08 2.288595900000000000e+07 2.610704779999999795e+06
6.489376015999999642e+07 1.879703140999999940e+08 2.741900700000000000e+07 2.717201923000000045e+07
1.339502997600000203e+08 9.811522829999999702e+07 1.918013400000000000e+07 9.584683432999999821e+07
6.052979004999999702e+07 1.832818258000000119e+08 3.113985200000000000e+07 1.616087022000000067e+07
6.359580307000001520e+07 1.949758320000000000e+08 2.764555600000000000e+07 3.054448310000000149e+07
9.814338039699999988e+07 1.107186453306999952e+08 2.256413900000000000e+07 1.443101546410000026e+08
1.189144162380000055e+08 1.226450160999999940e+08 2.019145100000000000e+07 1.082375589310000092e+07
1.141808144699999988e+08 1.467814455000000000e+08 1.846026900000000000e+07 1.000891059000000060e+08
1.135748930000000000e+08 1.659036010000000000e+08 1.832641600000000000e+07 4.887626600000000000e+07
7.551431580000001192e+07 1.663460113000000119e+08 2.490552100000000000e+07 2.152019344000000134e+07
1.068972934699999839e+08 1.542315711999999881e+08 1.897909500000000000e+07 9.479010120000000298e+07
1.320752637999999970e+08 9.746325346999999881e+07 1.944608600000000000e+07 8.963659079000000656e+07
