9.02130545056E7 8.660307326277E7 1.7217466E7 7.363625183441E7
1.09416328941E8 7.35842164434E7 1.4325139E7 1.497326275093E8
1.2105286151E8 7.28571049E7 1.3798474E7 6.66615207E7
1.1069164726E8 1.1508324E8 1.3202734E7 2.464745625E7
7.931627607E7 1.00518858509E8 2.0218134E7 591147.1869999999
9.575969687999998E7 8.6328782958E7 1.7258563E7 445706.25
1.0231883828E8 7.625010250600001E7 1.5339622E7 1.786959982644E8
7.670685066E7 1.03484309909E8 2.0448805E7 1273258.774
8.532677031400001E7 9.823304208E7 1.8047693E7 3761262.466
1.0393692514E8 8.1809834374E7 1.6265052E7 617145.304
1.2767234262E8 7.084490927E7 1.2646345E7 1.3363486617E8
6.937299302E7 1.280684758E8 2.0438365E7 1.299596414E7
8.7653950991E7 9.922206123E7 1.7311748E7 6283209.974
8.540447277900001E7 1.58912549E8 1.4942331E7 5.7881648E7
8.1777688468E7 1.01653381E8 1.8608915E7 4442149.6
7.853467924E7 1.0173699531E8 1.9825801E7 1808367.856
1.1806347260000002E8 1.11604716E8 1.2619271E7 3.3571514E7
9.142623797E7 1.058912309E8 1.6107386E7 1.2395708412E7
6.870812582E7 1.8075375E8 1.8537933E7 4.79631359E7
1.10521523852E8 1.037211089E8 1.3788137E7 1.6759801522E7
8.552290194E7 1.36534918E8 1.5606961E7 2.948533696E7
1.07105064447E8 7.361689831490001E7 1.4714741E7 1.4798103159756E8
6.266235600999999E7 1.2657240694E8 2.3883168E7 4124159.133
7.283372739000005E7 1.0569249137E8 2.1531467E7 1.306411623E7
1.0611911142E8 1.30029464E8 1.31795E7 3.235521505E7
9.785831815E7 1.074164979E8 1.5034111E7 1.5858381234E7
1.1787372966E8 7.464109732000001E7 1.3165937E7 1.6253955019E8
9.460839223E7 1.266042725E8 1.4249453E7 9.645887471E7
1.0238541801000002E8 1.093405543E8 1.4349723E7 1.8637106985E7
8.309828430300002E7 9.31562489246E7 1.8637263E7 6.8642468913E7
8.9771857445E7 8.6547662911E7 1.7307625E7 1.040216249852E8
8.735980736000001E7 1.173573717E8 1.6140744E7 1.836916355E7
9.814113815E7 1.42194329E8 1.3727104E7 3.81658953E7
9.907950851E7 7.9887867787E7 1.6090752E7 7.4766936564E7
9.638296811699998E7 9.247213189E7 1.6264371E7 5524912.8241
8.735948328E7 1.082086541E8 1.6691623E7 1.2264649818E7
5.821004798E7 1.712712398E8 2.277736E7 3.01052909E7
7.596606894999999E7 1.67962925E8 1.6749789E7 4.35075892E7
7.172681913E7 1.1698281473E8 2.0359865E7 1.4223704495E7
8.658874197999999E7 1.345934769E8 1.5317078E7 8.37595475E7
1.18758481665E8 7.3239561745E7 1.4647231E7 2.78810367484E7
8.341572945000002E7 1.125170575E8 1.7271342E7 1.3088338325E7
9.89747054649E7 8.884723189E7 1.6181991E7 3966118.75667
5.83350818E7 1.3826448947E8 2.5580077E7 8762552.273
6.729857627000001E7 1.248782858E8 2.1465257E7 9414653.279999996
1.2267678999E8 6.82409214E7 1.3192217E7 1.340444867E8
9.278331198E7 1.40473313E8 1.4383684E7 3.427857018E7
1.1451448879E8 1.14774853E8 1.2513002E7 9.021484081E7
5.6285791215E7 1.800318965E8 2.4613115E7 3.01147945E7
1.00058437877E8 9.33410996E7 1.5639131E7 7467618.083
9.0978123654E7 9.284341517E7 1.7220614E7 3450345.6516
6.157420079000001E7 1.361626098E8 2.3181159E7 1.098743145E7
1.13867016052E8 6.97838180632E7 1.4002745E7 1.6022695723475E8
7.6262952857E7 1.0069956474E8 2.0457835E7 2.3345213625E7
9.325424342000002E7 1.014735493E8 1.6078431E7 1.074577771E7
1.1564065908E8 7.1629028872E7 1.4323126E7 7.7226876281E7
1.124262656E8 7.037791661E7 1.4187926E7 1.61068359999E8
1.1670694011E8 1.028503832E8 1.3255264E7 1.80404719E7
1.2460450461E8 6.6343177716E7 1.3297549E7 1.21696442166E8
1.16941368741E8 7.2743506142E7 1.4575421E7 4.2750292787E7
1.03178214686E8 7.7122042247E7 1.5003025E7 1.74333433187E8
1.1979140684200002E8 7.283651459E7 1.4457533E7 3.526715566E7
1.1787198323000002E8 1.14979798E8 1.26529E7 2.57631021859E7
8.963495143E7 1.55906061E8 1.4382438E7 5.9008505E7
1.1818571118E8 8.6135966E7 1.3820158E7 2.82789277E7
6.460872846000002E7 1.1776301137E8 2.3963132E7 2.757319323E7
6.642038113000001E7 1.18117405587E8 2.3694924E7 1037547.985
8.058411881899998E7 9.57065944406E7 1.9273316E7 4.99346978198E7
8.0457952E7 1.235140971E8 1.7314052E7 1.859511914E7
9.550682304E7 8.177772566E7 1.6459492E7 9.443019275E7
8.0094155491E7 1.0234449538E8 1.9039061E7 3964493.893
1.064407042E8 7.95877169374E7 1.6012469E7 4556497.029010001
7.31424494E7 1.7464614E8 1.7352087E7 5.04079305E7
7.415158334E7 1.0354745212E8 2.1071233E7 1.7749650074E7
8.682305382000001E7 8.93923984459E7 1.7864914E7 9.16789159436E7
1.0668598223E8 7.6541133115E7 1.443925E7 1.81242038007E8
8.038448500999999E7 9.922212387E7 1.9858563E7 766642.787
9.506947325E7 1.2980609E8 1.4409639E7 2.857931262E7
1.0528605712E8 1.170653528E8 1.3257494E7 8.999094205E7
6.701457614999999E7 1.411977709E8 2.0428592E7 2.017111048E7
8.088178300000001E7 9.7501699506E7 1.9738294E7 5310291.0644
1.1273525704E8 8.336268438000001E7 1.4926651E7 3899200.24
1.16318505282E8 6.84572997433E7 1.3792359E7 1.6600203734648E8
1.1676064196E8 1.16334445E8 1.2656699E7 2.6521728851E7
1.12629093573E8 7.6898136671E7 1.5523115E7 3836319.844
1.18678735102E8 7.2509255416E7 1.4426559E7 4.1376006411E7
8.1834953072E7 9.43919359931E7 1.8968531E7 5.745404126982E7
1.12988349357E8 7.210725399599999E7 1.3863856E7 1.76237616258E8
1.25971775868E8 6.6326794914E7 1.3250457E7 1.15836641321E8
1.0961900964000002E8 8.70137066E7 1.4910361E7 6106327.44
1.0198087938E8 1.4417479E8 1.3243357E7 4.8713951E7
9.947609157E7 1.30208653E8 1.3861011E7 3.02205754E7
1.2512302864E8 6.5892466596E7 1.3215014E7 1.28172192774E8
1.1067718958E8 7.908682623099999E7 1.5598726E7 720501.022
7.076438376E7 1.1123131823E8 2.2138302E7 1152972.6930000002
1.040967239E8 7.5156777934E7 1.5043883E7 1.75619249697E8
5.642113125E7 1.505794726E8 2.6721617E7 9515771.92
1.12000419769E8 7.5111543596E7 1.4981561E7 3.8451645445E7
6.269889215999999E7 1.25366254496E8 2.5102351E7 1002948.79
9.820829778E7 8.3536535253E7 1.6852164E7 6238171.803
8.702896319000001E7 9.0215292964E7 1.8230945E7 1.7759158608E7
1.00949717659E8 7.7407253941E7 1.5441103E7 1.662770205146E8
6.894784263000001E7 1.1520175836E8 2.1861448E7 3804883.182
8.932630518E7 1.45788765E8 1.4724532E7 3.623821387E7
8.528404777199998E7 9.0867050539E7 1.8229546E7 8.438656973443E7
8.329439085100001E7 1.57094009E8 1.5448117E7 4.06512547E7
8.548179001E7 9.4282039319E7 1.8598581E7 1188062.7140000002
9.839901377E7 8.098441581E7 1.6242049E7 5.5629181877E7
1.1712187047E8 8.38505996E7 1.4451657E7 6284066.98
7.817674669299999E7 9.831028145193E7 1.9880998E7 4.139704286205E7
1.1628513229999998E8 8.2799202E7 1.44584E7 1.05718677E7
1.19145287407E8 9.266888365E7 1.3115282E7 4.841470743E7
7.913069396999998E7 1.65647301E8 1.6095186E7 4.39770877E7
1.0237625017000002E8 1.22303171E8 1.378097E7 2.668576253E7
5.8534201306E7 1.532756358E8 2.349901E7 1.883078551E7
5.8419826218E7 1.401673445E8 2.6972037E7 3503849.85
1.0340864942000002E8 1.051038258E8 1.4460137E7 1.6106523521E7
8.0636778065E7 1.53727758E8 1.6014565E7 3.82161142E7
6.684869691E7 1.2162850936E8 2.2102141E7 5921624.816000001
5.986752917E7 1.88202569E8 2.1558021E7 4.22469943E7
1.1929289317E8 6.746473774E7 1.3523714E7 1.5530192747E8
7.627770645E7 1.66616521E8 1.6650027E7 5.01456168E7
8.809551046100001E7 9.632302772E7 1.7477055E7 4584827.908
1.0120114276E8 8.5224039E7 1.6208815E7 2208595.011
5.829750425E7 1.420153383E8 2.4540508E7 1.038916597E7
1.1477696702000004E8 7.490632685E7 1.4957015E7 2.2870717181E7
5.579582243E7 1.578779151E8 2.6484284E7 1.398215849E7
1.2528069031E8 6.9291128E7 1.3258464E7 1.017605307E8
1.10032023392E8 7.15116420098E7 1.4396075E7 1.715935459509E8
7.9539884371E7 1.49880826E8 1.6393587E7 3.419398933E7
1.1644825075E8 1.119402024E8 1.2409349E7 8.711409705E7
6.599792726E7 1.397866171E8 2.0915557E7 1.8213822540000003E7
9.2953055277E7 8.356707297600001E7 1.6813359E7 1.203235688237E8
9.446114872E7 1.133081583E8 1.5196224E7 1.8434847269E7
6.943342911E7 1.76672693E8 1.8354938E7 4.40734954E7
1.0032061468E8 8.363028163999999E7 1.6720212E7 418554.537
6.3412200190000005E7 1.440864268E8 2.1736164E7 1.876778958E7
1.0519748386600004E8 7.4411447229E7 1.4934241E7 1.680532572607E8
9.3865243213E7 9.123814361E7 1.681917E7 3653666.6874
6.0612149088E7 1.2879733172E8 2.5043403E7 2869987.088
1.03628241287E8 8.921203574E7 1.5478229E7 5807205.4822
1.11826625783E8 7.597340778E7 1.3830155E7 1.5197384693E8
9.745560795E7 8.5610031691E7 1.6855962E7 1025278.177
1.0410990716E8 1.17209468E8 1.382152E7 2.3570509553E7
7.248768619E7 1.08692101172E8 2.1684668E7 1075145.82
8.711438553E7 1.53157454E8 1.4896613E7 3.99687085E7
1.23251133288E8 6.561810297081E7 1.3226419E7 1.6034939517869E8
1.0386884454E8 7.679333702E7 1.5384689E7 8.7123452453E7
9.5717763629E7 8.155290012370001E7 1.6209677E7 1.376391000592E8
1.12752046E8 1.23953598E8 1.2627263E7 3.91270408E7
1.0037634392E8 7.9973938424E7 1.5984047E7 5.3283351277E7
1.03998158645E8 9.50836485E7 1.4987624E7 1.010204988E7
8.962518273699999E7 1.005471546E8 1.6802988E7 8123298.136999999
1.0857001133E8 7.235538850600001E7 1.4534026E7 1.759721082644E8
6.663022691999999E7 1.83461282E8 1.9164251E7 4.66028295E7
7.256331885000001E7 1.53313299E8 1.8047769E7 3.197972519E7
7.337583234E7 1.71655921E8 1.7304664E7 4.93902614E7
1.0845853978E8 9.80977624E7 1.4281617E7 1.3131299397E7
1.1810039139300002E8 7.687320127E7 1.5069775E7 878707.311
1.2400654725E8 7.22417646E7 1.3238333E7 9.51091661E7
1.13005858947E8 9.75593721E7 1.3838853E7 1.39619774172E7
1.2026356874E8 9.94319691E7 1.2632486E7 5.928812504E7
1.1634051087000003E8 7.577117906E7 1.5026344E7 9315294.49
1.2277220456E8 6.9890653314E7 1.3884139E7 6.9275810966E7
1.1475023876800002E8 1.065774501E8 1.3242057E7 1.9585135771E7
1.06251569383E8 9.34707339E7 1.4829359E7 9470404.9014
9.027636467E7 1.39530664E8 1.4734234E7 3.317606329E7
1.067671734E8 1.117243168E8 1.3778467E7 2.0862347876E7
1.1476093614E8 7.937394807000001E7 1.5030062E7 2109148.58
1.1604235861E8 9.33088694E7 1.3848634E7 1.17619726E7
7.099024811000045E7 1.1379149466E8 2.1067984E7 4851656.056000001
8.456014296000001E7 1.068757869E8 1.7455391E7 9369924.622
1.0634166711E8 8.389944396E7 1.5595671E7 3010687.58
8.980545639E7 9.0485353911E7 1.7965913E7 814702.658
8.336035054E7 9.6252601654E7 1.9270532E7 635932.4319999999
7.48198380196E7 1.0577919892E8 2.0728746E7 1912702.77083
9.306335216E7 8.705071063999999E7 1.7388607E7 6670258.937000001
9.155547418E7 1.51430155E8 1.4296876E7 4.35266835E7
5.879695147E7 1.80965791E8 2.2168995E7 3.71112813E7
9.3108034247E7 8.51571155086E7 1.6594338E7 8.51313071956E7
5.542170064E7 1.725559215E8 2.5905022E7 2.34647107E7
1.27326188766E8 6.99286445E7 1.2629513E7 1.41416219618E8
8.164203767699999E7 1.46437984E8 1.6031272E7 3.368548233E7
7.969039741E7 1.174449841E8 1.7877502E7 1.414690516E7
9.859325243E7 1.217183697E8 1.4191458E7 2.87602753E7
5.90236651E7 1.368027042E8 2.4680727E7 7362297.57
9.49202242E7 1.50836322E8 1.3818236E7 5.7488416E7
1.0622662037E8 8.027221754E7 1.4278057E7 1.8678238847E8
8.560172311000001E7 1.255197003E8 1.610402E7 2.209248538E7
1.22347703417E8 6.962774224E7 1.380982E7 7.5500991422E7
9.776159823E7 8.421430781E7 1.5521804E7 1.58739909697E8
8.856708772E7 1.24779845E8 1.5552789E7 2.362503362E7
6.248076447E7 1.88942312E8 2.0550883E7 4.51317046E7
6.441987014999999E7 1.2224391558E8 2.333034E7 3900997.109
7.403448491000001E7 1.476654634E8 1.7848661E7 2.944828571E7
7.104226289E7 1.73233523E8 1.7914103E7 4.68409994E7
1.0813083822E8 1.21726138E8 1.3212475E7 2.7848630641E7
1.1453068002E8 1.22204111E8 1.2642582E7 2.970037724E7
5.760256259E7 1.569302825E8 2.3800524E7 2.029315623E7
9.618804868E7 1.25152528E8 1.4410477E7 2.653159477E7
7.09911775606E7 1.0730606865245E8 2.18442E7 3.3776927815931E7
7.91169670387E7 1.53189499E8 1.6360121E7 3.653872798E7
7.453216410000001E7 1.0902522631E8 2.0197074E7 4587902.314
1.04391716444E8 7.9057205134E7 1.5881731E7 2.6457803736E7
9.341808914000002E7 8.801317219700001E7 1.7412776E7 807307.435
1.1418401007E8 8.67414115E7 1.4439122E7 7134241.210000001
9.7952443787E7 9.79786263E7 1.5602776E7 9813111.825
8.73344342675E7 9.357210761E7 1.8012453E7 2102571.89781
7.494411496799998E7 1.285224624E8 1.8512456E7 1.82011399E7
7.673041778E7 1.0650236224E8 1.9682978E7 4500196.983
1.1057596898E8 1.34297181E8 1.2597492E7 4.93199982E7
