9.021305450560000539e+07 8.660307326276999712e+07 1.721746600000000000e+07 7.363625183440999687e+07
1.094163289409999996e+08 7.358421644339999557e+07 1.432513900000000000e+07 1.497326275092999935e+08
1.100085016200000048e+08 7.967373653400000930e+07 1.559530000000000000e+07 1.006756687000000034e+06
9.743190798000000417e+07 8.576716117700000107e+07 1.682796500000000000e+07 1.152535010999999940e+06
1.149058544399999976e+08 7.687065204000000656e+07 1.543597200000000000e+07 2.297065120999999926e+05
1.035393033400000036e+08 7.864280279999999702e+07 1.516000900000000000e+07 9.394987070000000298e+07
1.086265728599999994e+08 8.355612995999999344e+07 1.533914500000000000e+07 3.353957149999999907e+06
1.210528615100000054e+08 7.285710490000000596e+07 1.379847400000000000e+07 6.666152070000000298e+07
1.181057641870000064e+08 7.494486737720000744e+07 1.505236000000000000e+07 7.488291825100000016e+06
1.169551484699999988e+08 1.030219049000000060e+08 1.323743300000000000e+07 1.809332000000000000e+07
8.092178953999999166e+07 9.625723393999999762e+07 1.950922800000000000e+07 1.332014541999999993e+07
9.252241487000000477e+07 8.671256368999999762e+07 1.749986500000000000e+07 9.539297416999999434e+06
1.106916472600000054e+08 1.150832400000000000e+08 1.320273400000000000e+07 2.464745625000000000e+07
1.064705671599999964e+08 8.749675768000000715e+07 1.525074300000000000e+07 5.551719660000000149e+06
1.250830284599999934e+08 6.639202789999999851e+07 1.307843500000000000e+07 1.360444592400000095e+08
6.046399277700000256e+07 1.297213557399999946e+08 2.503455700000000000e+07 3.085887658000000287e+06
7.931627606999999285e+07 1.005188585090000033e+08 2.021813400000000000e+07 5.911471869999999180e+05
9.575969687999998033e+07 8.632878295800000429e+07 1.725856300000000000e+07 4.457062500000000000e+05
1.023188382800000012e+08 7.625010250600001216e+07 1.533962200000000000e+07 1.786959982644000053e+08
7.670685065999999642e+07 1.034843099089999944e+08 2.044880500000000000e+07 1.273258773999999976e+06
5.578692118999999762e+07 1.580244723000000119e+08 2.647945900000000000e+07 1.407396652999999933e+07
1.273075450300000012e+08 6.865636685999999940e+07 1.255735200000000000e+07 1.666754203199999928e+08
8.532677031400001049e+07 9.823304207999999821e+07 1.804769300000000000e+07 3.761262466000000015e+06
1.039369251400000006e+08 8.180983437399999797e+07 1.626505200000000000e+07 6.171453040000000037e+05
1.271742078439999968e+08 6.576951915999999642e+07 1.310197300000000000e+07 1.249332120900000036e+08
1.078194740189999938e+08 7.295117148939999938e+07 1.458743900000000000e+07 1.762642211157000065e+08
1.032620088599999994e+08 1.157487425000000000e+08 1.368692500000000000e+07 5.077281089999999851e+07
1.200636512000000030e+08 9.689498323000000417e+07 1.272352500000000000e+07 6.099310024000000209e+07
5.794413245000000298e+07 1.417734069000000060e+08 2.693789400000000000e+07 4.411916293999999762e+06
1.276723426200000048e+08 7.084490926999999583e+07 1.264634500000000000e+07 1.336348661700000018e+08
6.937299301999999583e+07 1.280684757999999970e+08 2.043836500000000000e+07 1.299596414000000060e+07
1.167512762300000042e+08 9.346319050000000000e+07 1.381015200000000000e+07 1.180969440000000037e+07
8.765395099099999666e+07 9.922206123000000417e+07 1.731174800000000000e+07 6.283209974000000395e+06
1.026885084969999939e+08 7.611782285499998927e+07 1.522177800000000000e+07 1.719648166568000019e+08
8.540447277900001407e+07 1.589125490000000000e+08 1.494233100000000000e+07 5.788164800000000000e+07
7.106219760000000894e+07 1.119311890970000029e+08 2.270218800000000000e+07 4.027691539999999804e+05
1.290708173200000226e+08 6.871060500000000000e+07 1.260291400000000000e+07 1.427738623100000024e+08
7.466943566799999774e+07 1.023933170886799991e+08 2.080281800000000000e+07 3.626615317357999831e+07
8.177768846799999475e+07 1.016533810000000000e+08 1.860891500000000000e+07 4.442149599999999627e+06
8.892919475000000000e+07 1.282644825999999940e+08 1.534349400000000000e+07 2.580621055000000075e+07
1.016100136400000155e+08 1.461531930000000000e+08 1.321878300000000000e+07 5.598986800000000000e+07
5.926546020000000298e+07 1.845369830000000000e+08 2.187121900000000000e+07 3.968113329999999702e+07
9.218549774699999392e+07 1.009362660999999940e+08 1.630310500000000000e+07 9.589837649000002071e+06
1.103364018400000036e+08 1.364832920000000000e+08 1.259108600000000000e+07 5.181268310000000149e+07
7.853467923999999464e+07 1.017369953100000024e+08 1.982580100000000000e+07 1.808367855999999912e+06
9.119509415999999642e+07 1.542173310000000000e+08 1.420390300000000000e+07 5.855161100000000000e+07
1.174889137249999940e+08 6.795671970100000501e+07 1.367994600000000000e+07 1.672323326434000134e+08
1.180634726000000238e+08 1.116047160000000000e+08 1.261927100000000000e+07 3.357151400000000000e+07
1.109246364790000170e+08 1.003207790000000000e+08 1.389257000000000000e+07 1.517260514699999988e+07
6.886242154000000656e+07 1.137749065499999970e+08 2.261903700000000000e+07 1.510061151000000071e+06
1.231584320620000064e+08 6.915994755699999630e+07 1.375101100000000000e+07 7.886297408699999750e+07
8.664026625300000608e+07 9.446173520999999344e+07 1.807618300000000000e+07 2.332102771800000221e+06
9.320075448999999464e+07 8.571792468999999762e+07 1.725654000000000000e+07 1.841595501700000092e+07
8.034525471000000834e+07 9.931139807700000703e+07 1.983154600000000000e+07 7.813372169999999460e+05
1.079381695799999982e+08 7.982979069400000572e+07 1.594348900000000000e+07 4.254914400000000023e+05
9.142623796999999881e+07 1.058912309000000060e+08 1.610738600000000000e+07 1.239570841200000048e+07
1.159543868499999940e+08 8.483847279999999702e+07 1.444809600000000000e+07 6.090162580000000075e+06
6.870812581999999285e+07 1.807537500000000000e+08 1.853793300000000000e+07 4.796313589999999851e+07
1.105215238519999981e+08 1.037211089000000060e+08 1.378813700000000000e+07 1.675980152199999988e+07
1.052345510400000066e+08 1.158570150999999940e+08 1.371670300000000000e+07 2.386741864000000060e+07
8.552290193999999762e+07 1.365349180000000000e+08 1.560696100000000000e+07 2.948533696000000089e+07
1.071050644469999969e+08 7.361689831490001082e+07 1.471474100000000000e+07 1.479810315975599885e+08
6.266235600999999046e+07 1.265724069399999976e+08 2.388316800000000000e+07 4.124159132999999914e+06
1.204879308770000041e+08 7.241304908300000429e+07 1.440748100000000000e+07 3.798486568100000173e+07
6.685950981000000238e+07 1.187397964019999951e+08 2.403349000000000000e+07 4.701002210000000196e+05
7.283372739000004530e+07 1.056924913700000048e+08 2.153146700000000000e+07 1.306411623000000045e+07
8.695161294999998808e+07 9.307533251999999583e+07 1.868611200000000000e+07 4.252489550000000163e+05
7.158911140999999642e+07 1.100617022210000008e+08 2.183617300000000000e+07 1.258260002000000095e+06
8.986901071000000834e+07 9.070716662999999523e+07 1.793357500000000000e+07 7.829976309999999357e+05
1.129442971893000007e+08 8.929089800000000000e+07 1.437652900000000000e+07 8.474102622569998726e+06
1.061191114200000018e+08 1.300294640000000000e+08 1.317950000000000000e+07 3.235521505000000075e+07
9.785831815000000596e+07 1.074164979000000060e+08 1.503411100000000000e+07 1.585838123399999924e+07
1.145594123100000024e+08 7.965577860999999940e+07 1.501568700000000000e+07 2.324797399999999907e+06
1.178737296599999964e+08 7.464109732000000775e+07 1.316593700000000000e+07 1.625395501899999976e+08
6.269889221999999136e+07 1.253662544960000068e+08 2.510235100000000000e+07 1.002948790000000037e+06
9.460839223000000417e+07 1.266042725000000000e+08 1.424945300000000000e+07 9.645887470999999344e+07
1.023854180100000203e+08 1.093405542999999970e+08 1.434972300000000000e+07 1.863710698499999940e+07
8.309828430300001800e+07 9.315624892460000515e+07 1.863726300000000000e+07 6.864246891300000250e+07
7.041232521400000155e+07 1.083291134237000048e+08 2.192657700000000000e+07 3.819883599729999900e+07
1.196743463299999833e+08 9.935365520000000298e+07 1.264144200000000000e+07 6.149377509000000358e+07
6.306976446200000495e+07 1.242085179699999988e+08 2.405657600000000000e+07 2.905350672999999952e+06
8.977185744499999285e+07 8.654766291099999845e+07 1.730762500000000000e+07 1.040216249852000028e+08
9.891218367000000179e+07 8.350393637000000477e+07 1.682655700000000000e+07 3.822516729999999981e+06
8.735980736000001431e+07 1.173573717000000030e+08 1.614074400000000000e+07 1.836916355000000075e+07
1.185947511599999964e+08 1.138759870000000000e+08 1.260149200000000000e+07 2.863984600000000000e+07
1.143968017300000042e+08 1.269673970000000000e+08 1.257371000000000000e+07 3.236712376000000164e+07
7.988665688999998569e+07 1.035779645900000036e+08 1.895970300000000000e+07 4.714093309000000358e+06
8.319757841999998689e+07 9.635246421799999475e+07 1.912069300000000000e+07 1.017213271999999997e+06
9.814113815000000596e+07 1.421943290000000000e+08 1.372710400000000000e+07 3.816589529999999702e+07
8.550416754599998891e+07 9.504120167000000179e+07 1.833565800000000000e+07 2.234504768999999855e+06
9.907950851000000536e+07 7.988786778700000048e+07 1.609075200000000000e+07 7.476693656399999559e+07
9.638296811699998379e+07 9.247213189000000060e+07 1.626437100000000000e+07 5.524912824099999852e+06
8.735948328000000119e+07 1.082086540999999940e+08 1.669162300000000000e+07 1.226464981799999997e+07
1.185404081630000025e+08 8.880062618299999833e+07 1.368029800000000000e+07 2.711806658300000057e+07
5.821004797999999672e+07 1.712712398000000119e+08 2.277736000000000000e+07 3.010529089999999851e+07
7.596606894999998808e+07 1.679629250000000000e+08 1.674978900000000000e+07 4.350758920000000298e+07
5.633319003000000119e+07 1.513719525999999940e+08 2.669906900000000000e+07 9.989923439999999478e+06
1.151825544599999934e+08 7.401424886999998987e+07 1.345271600000000000e+07 1.810383292299999893e+08
7.417315101999999583e+07 1.063568456030000001e+08 2.129157700000000000e+07 1.016072138000000035e+06
6.315814361000000685e+07 1.205369313700000048e+08 2.449316500000000000e+07 3.120268723000000045e+07
7.172681912999999523e+07 1.169828147300000042e+08 2.035986500000000000e+07 1.422370449499999918e+07
1.251655474599999934e+08 6.858732620000000298e+07 1.317132800000000000e+07 1.114797032000000030e+08
8.399454199000000954e+07 1.117455687000000030e+08 1.724008700000000000e+07 1.233263108100000024e+07
1.162985925400000215e+08 1.175458560000000000e+08 1.264460500000000000e+07 2.721066259800000116e+07
8.658874197999998927e+07 1.345934769000000060e+08 1.531707800000000000e+07 8.375954750000000000e+07
8.105208832999998331e+07 9.521234638289999962e+07 1.915627300000000000e+07 5.328683964408999681e+07
1.109869081800000072e+08 7.101546320920000970e+07 1.429743900000000000e+07 1.713878980239000022e+08
1.202030269029999971e+08 6.681999998369999975e+07 1.345791900000000000e+07 1.641870716389299929e+08
9.357849493000000715e+07 8.784144217599999905e+07 1.743676700000000000e+07 6.698703519999999553e+05
1.187584816650000066e+08 7.323956174500000477e+07 1.464723100000000000e+07 2.788103674839999899e+07
1.247294987900000066e+08 7.137738050000000000e+07 1.308118000000000000e+07 1.072953510999999940e+08
7.979573245000000298e+07 1.249230640000000000e+08 1.739889400000000000e+07 1.916453985999999940e+07
8.341572945000001788e+07 1.125170575000000000e+08 1.727134200000000000e+07 1.308833832499999925e+07
9.897470546490000188e+07 8.884723189000000060e+07 1.618199100000000000e+07 3.966118756670000032e+06
5.833508179999999702e+07 1.382644894699999988e+08 2.558007700000000000e+07 8.762552273000000045e+06
6.729857627000001073e+07 1.248782857999999970e+08 2.146525700000000000e+07 9.414653279999995604e+06
1.226767899899999946e+08 6.824092140000000596e+07 1.319221700000000000e+07 1.340444867000000030e+08
9.479638620000000298e+07 1.509282910000000000e+08 1.383031200000000000e+07 5.751499800000000000e+07
7.378490610999999940e+07 1.396263766999999881e+08 1.824713300000000000e+07 2.467517880999999866e+07
9.278331198000000417e+07 1.404733130000000000e+08 1.438368400000000000e+07 3.427857017999999970e+07
1.145144887900000066e+08 1.147748530000000000e+08 1.251300200000000000e+07 9.021484081000000238e+07
1.039434937600000054e+08 1.270444750000000000e+08 1.340275700000000000e+07 3.334485800000000000e+07
5.628579121500000358e+07 1.800318965000000000e+08 2.461311500000000000e+07 3.011479450000000000e+07
8.333816517999999225e+07 1.618861040000000000e+08 1.534645500000000000e+07 4.469517789999999851e+07
1.000584378770000041e+08 9.334109959999999404e+07 1.563913100000000000e+07 7.467618082999999635e+06
1.056125373410000056e+08 7.580501986100000143e+07 1.467876200000000000e+07 1.787619322949999869e+08
6.006791088000000268e+07 1.893303860000000000e+08 2.146678000000000000e+07 4.293629240000000596e+07
9.097812365399999917e+07 9.284341517000000179e+07 1.722061400000000000e+07 3.450345651599999983e+06
6.157420079000000656e+07 1.361626098000000119e+08 2.318115900000000000e+07 1.098743144999999925e+07
1.138670160520000011e+08 6.978381806319999695e+07 1.400274500000000000e+07 1.602269572347500026e+08
7.626295285699999332e+07 1.006995647399999946e+08 2.045783500000000000e+07 2.334521362500000000e+07
9.325424342000001669e+07 1.014735492999999970e+08 1.607843100000000000e+07 1.074577771000000089e+07
