1.166495312399999946e+08 9.318150520000000298e+07 1.383390100000000000e+07 1.160350709999999963e+07
7.278467311000001431e+07 1.090420852870000005e+08 2.196041100000000000e+07 5.284375679999999702e+05
1.156406590799999982e+08 7.162902887199999392e+07 1.432312600000000000e+07 7.722687628100000322e+07
1.034803604699999988e+08 8.242176276700000465e+07 1.625147000000000000e+07 7.514157099999999627e+05
1.124262655999999940e+08 7.037791660999999940e+07 1.418792600000000000e+07 1.610683599990000129e+08
1.167069401099999994e+08 1.028503832000000030e+08 1.325526400000000000e+07 1.804047189999999851e+07
1.246045046099999994e+08 6.634317771599999815e+07 1.329754900000000000e+07 1.216964421659999937e+08
1.169413687409999967e+08 7.274350614200000465e+07 1.457542100000000000e+07 4.275029278700000048e+07
1.209234961300000399e+08 9.500079206999999285e+07 1.285209500000000000e+07 5.410262672999999672e+07
1.031782146860000044e+08 7.712204224699999392e+07 1.500302500000000000e+07 1.743334331870000064e+08
1.271232110429999977e+08 6.731182253800000250e+07 1.265887900000000000e+07 1.656871650640000105e+08
1.229895800719999969e+08 6.991182253900000453e+07 1.387415500000000000e+07 6.923420526199999452e+07
1.197914068420000225e+08 7.283651459000000358e+07 1.445753300000000000e+07 3.526715565999999642e+07
5.829161711999998987e+07 1.626304233600000143e+08 3.071820700000000000e+07 3.726029830999999773e+06
7.049310056000000238e+07 1.115085095259999931e+08 2.236717000000000000e+07 1.006322052999999956e+06
7.502138756999999285e+07 1.062567853969999999e+08 2.154069800000000000e+07 3.782580100000000093e+05
1.178719832300000191e+08 1.149797980000000000e+08 1.265290000000000000e+07 2.576310218589999899e+07
1.271954844500000179e+08 7.262719919999998808e+07 1.240355900000000000e+07 1.601656042299999893e+08
8.308643222999998927e+07 9.660399411300000548e+07 1.939543700000000000e+07 5.389020330000000540e+05
8.900865747999998927e+07 9.146975679000000656e+07 1.791732300000000000e+07 1.344068270999999950e+06
8.963495143000000715e+07 1.559060610000000000e+08 1.438243800000000000e+07 5.900850500000000000e+07
8.968345059000000358e+07 9.075072764000000060e+07 1.816988400000000000e+07 4.185545370000000112e+05
1.028307058550000042e+08 7.589002173330000043e+07 1.527208100000000000e+07 1.780981765692000091e+08
1.181857111800000072e+08 8.613596600000000000e+07 1.382015800000000000e+07 2.827892769999999925e+07
9.974688710999999940e+07 8.394859245199999213e+07 1.674240600000000000e+07 5.228346689999999944e+05
1.093241826800000072e+08 1.418805690000000000e+08 1.263304800000000000e+07 5.445438700000000000e+07
9.210792926999999583e+07 1.462779910000000000e+08 1.434687900000000000e+07 3.763689971000000089e+07
1.169258804200000018e+08 1.178717620000000000e+08 1.260073100000000000e+07 2.745187282800000161e+07
1.265910122800000012e+08 6.693628384000000358e+07 1.321011400000000000e+07 1.128051711400000006e+08
1.065218531400000006e+08 1.433083690000000000e+08 1.283518800000000000e+07 5.489880000000000000e+07
8.992500791000001132e+07 1.435645400000000000e+08 1.457590500000000000e+07 4.483700939999999851e+07
1.045142538199999928e+08 1.053692185999999940e+08 1.430612600000000000e+07 1.680959658799999952e+07
6.891616415999999642e+07 1.139419905160000026e+08 2.285508600000000000e+07 1.033016474000000046e+06
6.460872846000002325e+07 1.177630113700000048e+08 2.396313200000000000e+07 2.757319323000000045e+07
9.801314006000000238e+07 8.522243703800000250e+07 1.686960900000000000e+07 6.508448109999999870e+05
1.097777840199999958e+08 8.035882062600000203e+07 1.564442500000000000e+07 8.498115090000000782e+05
1.265784231899999976e+08 6.454675909600000083e+07 1.303263700000000000e+07 1.483357094589999914e+08
7.198846120000001788e+07 1.066667013700000048e+08 2.172949200000000000e+07 1.470520823000000045e+07
5.727794917999999970e+07 1.452887324499999881e+08 2.687183600000000000e+07 6.117492527999999002e+06
6.642038113000001013e+07 1.181174055869999975e+08 2.369492400000000000e+07 1.037547984999999986e+06
9.704043170000000298e+07 1.492572510000000000e+08 1.361775300000000000e+07 5.702438900000000000e+07
1.071711302750000060e+08 7.312107891099999845e+07 1.471616200000000000e+07 1.755748949851999879e+08
1.143823479790000170e+08 6.939025562740001082e+07 1.394825900000000000e+07 1.708255804411999881e+08
1.221960670900000036e+08 1.000149170999999940e+08 1.239151400000000000e+07 7.247645425000000000e+07
1.124268203499999940e+08 1.258837780000000000e+08 1.260560300000000000e+07 4.078283010000000149e+07
1.173283338900000006e+08 1.109798467999999970e+08 1.236074800000000000e+07 8.595811503999999166e+07
9.506006035999999940e+07 8.683156470200000703e+07 1.739452800000000000e+07 3.671652650000000140e+05
1.290526423499999940e+08 6.846109064000000060e+07 1.259278800000000000e+07 1.452725274699999988e+08
8.058411881899997592e+07 9.570659444059999287e+07 1.927331600000000000e+07 4.993469781979999691e+07
7.677975831799998879e+07 1.034730483289999962e+08 2.074100000000000000e+07 6.868436950000000652e+05
5.606532527000000328e+07 1.546712219000000060e+08 2.661643200000000000e+07 1.167281005000000075e+07
8.045795200000000000e+07 1.235140970999999940e+08 1.731405200000000000e+07 1.859511914000000060e+07
5.908959902000000328e+07 1.832802050000000000e+08 2.197614600000000000e+07 3.878419190000000596e+07
1.191854833299999982e+08 1.108518760000000000e+08 1.263441100000000000e+07 3.096939789999999851e+07
1.033281918499999940e+08 8.043927820000000298e+07 1.570650100000000000e+07 3.570916346999999881e+07
1.059705866809999943e+08 7.404244068999999762e+07 1.480261400000000000e+07 1.765178705166999996e+08
7.164403949210000038e+07 1.063780463985799998e+08 2.165175000000000000e+07 3.383903832137399912e+07
9.520318037700000405e+07 9.440909379999999702e+07 1.630685300000000000e+07 6.239312237200000323e+06
9.139486720000000298e+07 1.513940840000000000e+08 1.420200500000000000e+07 5.632843600000000000e+07
1.020246919699999988e+08 1.260566440000000000e+08 1.371084400000000000e+07 2.844593014000000060e+07
1.183267805380000025e+08 7.505642696799999475e+07 1.506961400000000000e+07 6.228843235999999568e+06
9.550682304000000656e+07 8.177772565999999642e+07 1.645949200000000000e+07 9.443019275000000000e+07
8.606610236800001562e+07 9.877131190999999642e+07 1.771754200000000000e+07 5.164313093000000343e+06
1.231527988299999982e+08 7.133254340000000596e+07 1.370519600000000000e+07 7.198127450000000000e+07
8.009415549099999666e+07 1.023444953799999952e+08 1.903906100000000000e+07 3.964493893000000156e+06
7.880292172999998927e+07 1.010708077419999987e+08 2.001196000000000000e+07 1.106784881000000052e+06
6.038316263000000268e+07 1.909665770000000000e+08 2.133250200000000000e+07 4.427410900000000000e+07
1.064407042000000030e+08 7.958771693739999831e+07 1.601246900000000000e+07 4.556497029010000639e+06
7.153759726000000536e+07 1.758405040000000000e+08 1.777116600000000000e+07 4.562324760000000149e+07
1.172893903340000063e+08 7.277848589499999583e+07 1.461812200000000000e+07 3.929337679999999702e+07
1.149410500900000036e+08 1.203801550000000000e+08 1.252787400000000000e+07 3.928349920000000298e+07
1.227750551700000018e+08 6.678996805709999800e+07 1.313631500000000000e+07 1.660282507649999857e+08
8.758930322999998927e+07 9.252773121899999678e+07 1.849463200000000000e+07 4.882102029999999795e+05
9.768182134999999404e+07 1.240207472999999970e+08 1.391936700000000000e+07 9.566770696999999881e+07
5.571039336999999732e+07 1.593635255999999940e+08 2.643241500000000000e+07 1.491726508000000007e+07
6.263393301000000536e+07 1.254137037070000023e+08 2.509290400000000000e+07 1.050961897000000114e+06
7.314244940000000596e+07 1.746461400000000000e+08 1.735208700000000000e+07 5.040793050000000000e+07
1.198931898613999933e+08 7.307608992000000179e+07 1.455310700000000000e+07 3.011381686199999973e+07
8.460025970999999344e+07 9.547174167000000179e+07 1.861903700000000000e+07 1.633062494000000181e+06
7.042449041000001132e+07 1.088481913700000048e+08 2.218084200000000000e+07 1.534625923000000045e+07
1.145586342600000054e+08 1.233999200000000000e+08 1.260596500000000000e+07 3.081871860999999940e+07
7.415158334000000358e+07 1.035474521200000048e+08 2.107123300000000000e+07 1.774965007400000095e+07
9.119764948999999464e+07 8.950599562999999523e+07 1.793112100000000000e+07 4.185545370000000112e+05
7.890184157999999821e+07 1.674670640000000000e+08 1.607382000000000000e+07 5.545833500000000000e+07
8.682305382000000775e+07 8.939239844589999318e+07 1.786491400000000000e+07 9.167891594359999895e+07
1.066859822300000042e+08 7.654113311499999464e+07 1.443925000000000000e+07 1.812420380069999993e+08
7.054250583280000091e+07 1.079555650756600052e+08 2.197995000000000000e+07 3.369717864229799807e+07
9.966135384999999404e+07 8.432150193000000715e+07 1.514796600000000000e+07 1.710933189699999988e+08
9.773844229600000381e+07 8.059467485800001025e+07 1.581186200000000000e+07 1.515053117874000072e+08
8.531939167000000179e+07 1.607476430000000000e+08 1.494862300000000000e+07 5.938405700000000000e+07
1.261505565600000024e+08 7.162297654000000656e+07 1.301729000000000000e+07 1.065215519399999976e+08
1.071068767489999980e+08 1.035385659000000060e+08 1.412432500000000000e+07 1.615210078900000080e+07
1.017984704000000060e+08 8.640180470999999344e+07 1.607243800000000000e+07 2.644218440000000410e+06
8.038448500999999046e+07 9.922212387000000477e+07 1.985856300000000000e+07 7.666427870000000112e+05
1.075861031599999964e+08 8.189622087999999523e+07 1.565817100000000000e+07 1.819126888999999966e+06
1.009309326400000155e+08 1.192769737000000030e+08 1.366223900000000000e+07 9.105516364000000060e+07
1.011603281200000197e+08 1.065703640000000000e+08 1.465219400000000000e+07 1.638160355799999833e+07
9.506947325000000000e+07 1.298060900000000000e+08 1.440963900000000000e+07 2.857931262000000104e+07
1.192852777900000215e+08 7.634870290000000596e+07 1.292069900000000000e+07 1.862003892800000012e+08
1.071493347300000042e+08 1.276888340000000000e+08 1.313560600000000000e+07 3.124875676999999955e+07
1.235645319200000167e+08 6.918212892399999499e+07 1.373308100000000000e+07 7.867760117800000310e+07
5.958658353000000119e+07 1.326334209300000072e+08 2.497080300000000000e+07 4.731797815999999642e+06
7.449089428999999166e+07 1.379512143000000119e+08 1.816766800000000000e+07 2.352168346000000089e+07
1.144950347820000052e+08 7.611473616300000250e+07 1.536653800000000000e+07 4.066449527999999933e+06
1.135366485699999928e+08 8.034514950000000000e+07 1.506336000000000000e+07 2.471466720000000205e+06
9.922800901999999583e+07 1.474921930000000000e+08 1.345003400000000000e+07 5.164582400000000000e+07
1.052860571200000048e+08 1.170653527999999970e+08 1.325749400000000000e+07 8.999094204999999702e+07
1.152410941410000026e+08 7.422483208499999344e+07 1.489461800000000000e+07 2.795928967999999970e+07
6.701457614999999106e+07 1.411977709000000060e+08 2.042859200000000000e+07 2.017111048000000045e+07
1.127110239800000042e+08 8.488223890999999642e+07 1.473175600000000000e+07 5.518218130000000820e+06
9.403350504000000656e+07 8.791868395100000501e+07 1.725033000000000000e+07 1.063063730999999912e+06
8.683436089000000060e+07 1.185366927999999970e+08 1.622371400000000000e+07 1.819717125000000000e+07
1.136240775900000036e+08 8.722299190000000596e+07 1.446060200000000000e+07 7.240201889999999665e+06
8.088178300000001490e+07 9.750169950599999726e+07 1.973829400000000000e+07 5.310291064399999566e+06
1.048290385400000066e+08 8.746921659999999404e+07 1.546439700000000000e+07 5.024530190000000410e+06
1.285539264449999928e+08 6.519321197999999672e+07 1.304054100000000000e+07 1.289697844529999942e+08
