1.142633665600000024e+08 8.005618500999999046e+07 1.500375100000000000e+07 2.560829259999999776e+06
1.050935633729999959e+08 7.973493867100000381e+07 1.608857700000000000e+07 8.649433643999999389e+06
9.380490578399999440e+07 8.284668610899999738e+07 1.664287700000000000e+07 1.240251977493000031e+08
1.127352570400000066e+08 8.336268438000001013e+07 1.492665100000000000e+07 3.899200240000000224e+06
1.278260877399999946e+08 6.742003100000000000e+07 1.263958400000000000e+07 1.546056803000000119e+08
1.205135868700000048e+08 1.014957514000000060e+08 1.255639100000000000e+07 5.869371460000000149e+07
1.163185052820000052e+08 6.845729974330000579e+07 1.379235900000000000e+07 1.660020373464800119e+08
1.180818149600000232e+08 1.103395095000000000e+08 1.232022600000000000e+07 8.540509126999999583e+07
1.160779491299999952e+08 9.376547320000000298e+07 1.382253500000000000e+07 1.196921330000000075e+07
1.135686076099999845e+08 8.979160690000000596e+07 1.428748500000000000e+07 8.862368500000000000e+06
8.962242439000000060e+07 9.064455407199999690e+07 1.812624800000000000e+07 5.262339899999999907e+05
1.140303210990000069e+08 6.951164354250000417e+07 1.400067900000000000e+07 1.686992757915700078e+08
1.167606419599999934e+08 1.163344450000000000e+08 1.265669900000000000e+07 2.652172885099999979e+07
1.272506010680000037e+08 6.742827208699999750e+07 1.264514700000000000e+07 1.632198927560000122e+08
1.168090430119999945e+08 7.490416424199999869e+07 1.503668100000000000e+07 1.094354314299999923e+07
1.126290935729999989e+08 7.689813667100000381e+07 1.552311500000000000e+07 3.836319844000000041e+06
1.186787351019999981e+08 7.250925541599999368e+07 1.442655900000000000e+07 4.137600641099999845e+07
9.813225006000000238e+07 8.518240264699999988e+07 1.684409000000000000e+07 6.878513979999999283e+05
8.183495307199999690e+07 9.439193599310000241e+07 1.896853100000000000e+07 5.745404126981999725e+07
5.926954603000000119e+07 1.845650580000000000e+08 2.186887500000000000e+07 3.970082689999999851e+07
5.998417213200000674e+07 1.345463435300000012e+08 2.643920400000000000e+07 2.083167140799999936e+06
1.139241142300000042e+08 1.040514425999999940e+08 1.338139300000000000e+07 1.927856560999999940e+07
1.160360135189999938e+08 1.040819597999999970e+08 1.322971100000000000e+07 1.875300499700000137e+07
1.198687635999999940e+08 7.228804156340000033e+07 1.441671400000000000e+07 3.933247528959999979e+07
1.129883493569999933e+08 7.210725399599999189e+07 1.386385600000000000e+07 1.762376162579999864e+08
1.259717758680000007e+08 6.632679491399999708e+07 1.325045700000000000e+07 1.158366413209999949e+08
1.155685780999999940e+08 8.500120520000000298e+07 1.445649900000000000e+07 6.222063599999999627e+06
1.096190096400000155e+08 8.701370659999999404e+07 1.491036100000000000e+07 6.106327440000000410e+06
8.307259170000000298e+07 1.134392810999999940e+08 1.729030700000000000e+07 1.354356941000000015e+07
1.019808793799999952e+08 1.441747900000000000e+08 1.324335700000000000e+07 4.871395100000000000e+07
1.072439736500000060e+08 8.295161068000000715e+07 1.557929900000000000e+07 2.523842600000000093e+06
9.947609156999999285e+07 1.302086530000000000e+08 1.386101100000000000e+07 3.022057539999999851e+07
1.155544966400000006e+08 7.209150737999999523e+07 1.422625700000000000e+07 7.990352000000000000e+07
1.220376858799999952e+08 6.980520454000000656e+07 1.374851300000000000e+07 7.929593865000000596e+07
1.182099218519999981e+08 7.686401691500000656e+07 1.505589700000000000e+07 1.207759839200000046e+06
1.251230286400000006e+08 6.589246659600000083e+07 1.321501400000000000e+07 1.281721927740000039e+08
1.180670781420000046e+08 1.152862810000000000e+08 1.263382900000000000e+07 2.599203205460000038e+07
9.259813835000002384e+07 8.926187928000000119e+07 1.735756800000000000e+07 1.398422695999999996e+06
1.106771895799999982e+08 7.908682623099999130e+07 1.559872600000000000e+07 7.205010219999999972e+05
7.076438376000000536e+07 1.112313182300000042e+08 2.213830200000000000e+07 1.152972693000000203e+06
1.040967239000000060e+08 7.515677793400000036e+07 1.504388300000000000e+07 1.756192496969999969e+08
5.642113125000000000e+07 1.505794725999999940e+08 2.672161700000000000e+07 9.515771919999999925e+06
1.078673013869999945e+08 7.987306437999999523e+07 1.600716300000000000e+07 2.911408801000000094e+05
1.095407318229999989e+08 7.177622080239999294e+07 1.444758800000000000e+07 1.726064143041000068e+08
9.203889423100000620e+07 8.437675644599999487e+07 1.698325200000000000e+07 1.162234439437000006e+08
8.217262102999998629e+07 9.736782571999999881e+07 1.945884600000000000e+07 7.622640130000000354e+05
8.204649855999998748e+07 9.812574828000000119e+07 1.913228800000000000e+07 1.560083700999999885e+06
7.509542818999999762e+07 1.022986046200000048e+08 2.081851600000000000e+07 1.896780004100000113e+07
1.175050954249999970e+08 7.319932013300000131e+07 1.461735200000000000e+07 3.384289867899999768e+07
1.200225089717400074e+08 6.690529916617099941e+07 1.348472800000000000e+07 1.598033375831219852e+08
1.120004197689999938e+08 7.511154359600000083e+07 1.498156100000000000e+07 3.845164544500000030e+07
7.442826851000005007e+07 1.061079859640000015e+08 2.129283700000000000e+07 8.848315910000000149e+05
1.001786419599999934e+08 8.372017209800000489e+07 1.675345200000000000e+07 3.811947110000000102e+05
1.068019500699999928e+08 7.899190201000000536e+07 1.426152700000000000e+07 1.855005379000000060e+08
8.089414432000000775e+07 9.877528321799999475e+07 1.982304400000000000e+07 6.226719640000000363e+05
7.992636420999999344e+07 1.661086360000000000e+08 1.587458900000000000e+07 5.636381100000000000e+07
5.770491638000000268e+07 1.651290372299999893e+08 3.073751700000000000e+07 4.963585426999999210e+06
8.918905334999999404e+07 9.201737638799999654e+07 1.808161000000000000e+07 6.861931770000000251e+05
6.269889215999998897e+07 1.253662544960000068e+08 2.510235100000000000e+07 1.002948790000000037e+06
7.651800589199998975e+07 1.039259010230000019e+08 2.091794300000000000e+07 5.523989700000000885e+05
9.269805312999999523e+07 1.364990710000000000e+08 1.448551900000000000e+07 3.222991880999999866e+07
7.913668069000001252e+07 1.006970797989999950e+08 2.024851000000000000e+07 6.095068510000000242e+05
6.561866267000000179e+07 1.199396994619999975e+08 2.405829300000000000e+07 8.766638410000000149e+05
7.711733398500001431e+07 9.968990768930000067e+07 2.004230500000000000e+07 5.455092794080000371e+07
9.820829778000000119e+07 8.353653525300000608e+07 1.685216400000000000e+07 6.238171803000000305e+06
9.630270314900000393e+07 9.854850650000000000e+07 1.580887600000000000e+07 9.543641715000001714e+06
1.147921297099999934e+08 1.320798230000000000e+08 1.231824400000000000e+07 5.010657179999999702e+07
1.126579460999999940e+08 1.399553840000000000e+08 1.240804600000000000e+07 5.355704900000000000e+07
8.702896319000001252e+07 9.021529296400000155e+07 1.823094500000000000e+07 1.775915860799999908e+07
1.009497176589999944e+08 7.740725394099999964e+07 1.544110300000000000e+07 1.662770205146000087e+08
6.894784263000001013e+07 1.152017583599999994e+08 2.186144800000000000e+07 3.804883182000000030e+06
1.048720040699999928e+08 1.170717827999999970e+08 1.329843700000000000e+07 8.979819023000000417e+07
8.932630518000000715e+07 1.457887650000000000e+08 1.472453200000000000e+07 3.623821386999999732e+07
8.528404777199998498e+07 9.086705053900000453e+07 1.822954600000000000e+07 8.438656973443000019e+07
1.070950356480000019e+08 7.316597142319999635e+07 1.472532500000000000e+07 1.756166708549000025e+08
9.165142095000000298e+07 8.915542718899999559e+07 1.773299600000000000e+07 6.257158649999999907e+05
1.026288901599999964e+08 1.274515310000000000e+08 1.360112400000000000e+07 2.946746164999999851e+07
8.329439085100001097e+07 1.570940090000000000e+08 1.544811700000000000e+07 4.065125470000000298e+07
1.155224846099999994e+08 1.127184344000000060e+08 1.246587800000000000e+07 8.792804725000000000e+07
1.042282263400000036e+08 8.160552471699999273e+07 1.627207700000000000e+07 5.043256969999999856e+05
7.738962625800000131e+07 1.045542192800000012e+08 1.985708500000000000e+07 2.713400300100000110e+06
5.578692120000000298e+07 1.580244723000000119e+08 2.647945900000000000e+07 1.407396652999999933e+07
9.528334890000000596e+07 8.664623430099999905e+07 1.731253200000000000e+07 4.518472619999999879e+05
8.548179001000000536e+07 9.428203931900000572e+07 1.859858100000000000e+07 1.188062714000000153e+06
