1.080024498400000036e+08 7.981511101700000465e+07 1.592047700000000000e+07 4.787813479999999981e+05
1.177964083260000050e+08 7.504195087700000405e+07 1.505313300000000000e+07 7.563204593000000343e+06
8.654849657500001788e+07 9.465559165000000596e+07 1.808381400000000000e+07 2.343160944999999832e+06
9.839901376999999583e+07 8.098441581000000238e+07 1.624204900000000000e+07 5.562918187699999660e+07
1.171218704699999988e+08 8.385059959999999404e+07 1.445165700000000000e+07 6.284066980000000447e+06
1.032703759699999988e+08 1.442381770000000000e+08 1.308574200000000000e+07 5.493963700000000000e+07
1.190388045039999932e+08 7.323299943559999764e+07 1.461348600000000000e+07 2.849268366160000116e+07
1.195506891520000249e+08 7.218320877699999511e+07 1.437855500000000000e+07 4.227801304469999671e+07
6.400485492999999970e+07 1.227271043139999956e+08 2.460287300000000000e+07 9.849943930000000400e+05
1.274682646159999818e+08 6.877884523700000346e+07 1.254951900000000000e+07 1.614936162520000041e+08
7.707109522999998927e+07 1.039290801920000017e+08 2.034855500000000000e+07 1.271329307000000030e+06
1.063347900699999928e+08 1.434117020000000000e+08 1.284910000000000000e+07 5.493737200000000000e+07
7.057604182999999821e+07 1.781889020000000000e+08 1.801697700000000000e+07 4.859812800000000000e+07
1.182273305199999958e+08 7.080569750699999928e+07 1.417632800000000000e+07 7.186806804799999297e+07
8.975061226999999583e+07 9.073426033400000632e+07 1.787641200000000000e+07 1.049113973999999929e+06
7.817674669299998879e+07 9.831028145193000138e+07 1.988099800000000000e+07 4.139704286204999685e+07
8.763054791000001132e+07 1.030742567000000030e+08 1.706054600000000000e+07 8.383367671000000089e+06
6.838431004999998212e+07 1.148054504259999990e+08 2.303157400000000000e+07 1.031168351000000024e+06
1.162851322999999821e+08 8.279920200000000000e+07 1.445840000000000000e+07 1.057186769999999925e+07
1.162828681299999803e+08 7.776837083900000155e+07 1.506229200000000000e+07 1.324697370999999810e+06
9.542928456000000238e+07 8.652482708599999547e+07 1.727926400000000000e+07 4.930311599999999744e+05
1.168569222900000066e+08 1.177036310000000000e+08 1.260799900000000000e+07 2.737873759600000083e+07
1.185877907600000203e+08 1.144683600000000000e+08 1.248555400000000000e+07 3.525438320000000298e+07
7.908332749000000954e+07 1.009564661609999985e+08 2.004654300000000000e+07 8.685504250000000466e+05
1.011389391509999931e+08 9.171287570000000298e+07 1.561914500000000000e+07 6.631503820500000380e+06
8.709162151000002027e+07 1.396182650000000000e+08 1.522268400000000000e+07 3.205978978999999911e+07
1.191624624000000060e+08 1.102783960000000000e+08 1.265865800000000000e+07 3.069117730000000075e+07
1.148398617240000069e+08 7.610662099699999392e+07 1.536491300000000000e+07 3.167305009999999776e+06
1.161163804900000244e+08 9.415807390000000596e+07 1.379116900000000000e+07 1.230667469999999925e+07
9.847889687000001967e+07 1.366471780000000000e+08 1.380451600000000000e+07 3.380006989999999851e+07
7.169710496400000155e+07 1.140655648400000036e+08 2.072141200000000000e+07 5.865569850999999791e+06
6.267140371999999881e+07 1.253946778020000011e+08 2.510222900000000000e+07 1.017403432000000030e+06
1.191452874070000052e+08 9.266888365000000596e+07 1.311528200000000000e+07 4.841470742999999970e+07
8.136482296599999070e+07 9.488373467129999399e+07 1.907993800000000000e+07 5.524150266470000148e+07
7.913069396999998391e+07 1.656473010000000000e+08 1.609518600000000000e+07 4.397708770000000298e+07
1.023762501700000167e+08 1.223031710000000000e+08 1.378097000000000000e+07 2.668576253000000119e+07
9.188966318999999762e+07 1.530736220000000000e+08 1.416974200000000000e+07 5.096831600000000000e+07
5.853420130600000173e+07 1.532756358000000119e+08 2.349901000000000000e+07 1.883078551000000164e+07
1.151395593799999952e+08 6.903280237000000477e+07 1.391727800000000000e+07 1.615345787579999864e+08
5.841982621800000221e+07 1.401673445000000000e+08 2.697203700000000000e+07 3.503849850000000093e+06
1.034086494200000167e+08 1.051038257999999970e+08 1.446013700000000000e+07 1.610652352099999972e+07
1.145962969200000167e+08 1.264861980000000000e+08 1.255591600000000000e+07 3.264899430000000075e+07
1.149509912900000066e+08 8.648755979999999702e+07 1.439152800000000000e+07 7.101314589999999851e+06
6.196884933000000566e+07 1.268970173799999952e+08 2.449244400000000000e+07 2.870871936999999918e+06
1.127095975300000012e+08 8.543446904999999702e+07 1.468678300000000000e+07 5.907374440000000410e+06
8.063677806499999762e+07 1.537277580000000000e+08 1.601456500000000000e+07 3.821611420000000298e+07
1.285160506969999969e+08 6.822736673999999464e+07 1.258796800000000000e+07 1.497966436780000031e+08
6.684869690999999642e+07 1.216285093599999994e+08 2.210214100000000000e+07 5.921624816000000574e+06
7.447636406999999285e+07 1.064009239609999955e+08 2.148277900000000000e+07 5.840280439999999944e+05
9.619301114000000060e+07 1.419357970000000000e+08 1.380813500000000000e+07 4.745819139999999851e+07
5.986752917000000179e+07 1.882025690000000000e+08 2.155802100000000000e+07 4.224699429999999702e+07
1.192928931700000018e+08 6.746473773999999464e+07 1.352371400000000000e+07 1.553019274699999988e+08
7.627770645000000298e+07 1.666165210000000000e+08 1.665002700000000000e+07 5.014561679999999702e+07
8.809551046100001037e+07 9.632302771999999881e+07 1.747705500000000000e+07 4.584827907999999821e+06
1.013681264899999946e+08 1.177356542999999970e+08 1.411088500000000000e+07 2.309357054800000042e+07
8.903283573000001907e+07 1.302224220999999940e+08 1.521065800000000000e+07 2.949482930000000075e+07
1.012011427600000054e+08 8.522403900000000000e+07 1.620881500000000000e+07 2.208595010999999940e+06
5.829750425000000000e+07 1.420153383000000119e+08 2.454050800000000000e+07 1.038916597000000067e+07
1.019321873110000044e+08 7.653038392389999330e+07 1.539189700000000000e+07 1.786727457251000106e+08
1.147769670200000405e+08 7.490632684999999404e+07 1.495701500000000000e+07 2.287071718100000173e+07
8.286121883000001311e+07 9.679487106000000238e+07 1.922890300000000000e+07 8.685504150000000373e+05
5.579582242999999970e+07 1.578779150999999940e+08 2.648428400000000000e+07 1.398215849000000022e+07
1.252806903100000024e+08 6.929112800000000000e+07 1.325846400000000000e+07 1.017605307000000030e+08
8.933153224899999797e+07 8.690069121630001068e+07 1.748729200000000000e+07 1.089774811652999967e+08
8.072490634000000358e+07 9.881027950900000334e+07 1.964706700000000000e+07 1.028132346999999951e+06
9.956464393000000715e+07 7.902328142000000179e+07 1.585054200000000000e+07 9.798725264300000668e+07
5.639183738999999315e+07 1.735860503000000119e+08 3.060060500000000000e+07 9.671376289999999106e+06
1.100320233920000046e+08 7.151164200980000198e+07 1.439607500000000000e+07 1.715935459508999884e+08
8.067147819999998808e+07 1.036805412000000030e+08 1.871662400000000000e+07 5.207864169999999925e+06
7.953988437100000679e+07 1.498808260000000000e+08 1.639358700000000000e+07 3.419398932999999821e+07
1.273575350560000241e+08 6.565003096999999881e+07 1.312289800000000000e+07 1.238191296920000017e+08
1.164482507500000000e+08 1.119402024000000060e+08 1.240934900000000000e+07 8.711409704999999702e+07
1.110942018799999952e+08 1.188305700000000000e+08 1.303282300000000000e+07 2.683118608199999854e+07
6.599792725999999791e+07 1.397866170999999940e+08 2.091555700000000000e+07 1.821382254000000283e+07
8.464441922999998927e+07 1.341111707000000030e+08 1.590314900000000000e+07 2.707828528000000119e+07
1.102457826599999964e+08 8.215922809000000358e+07 1.526633900000000000e+07 2.924598490000000224e+06
8.464631521999999881e+07 1.597476350000000000e+08 1.505622000000000000e+07 5.820466000000000000e+07
9.295305527699999511e+07 8.356707297600001097e+07 1.681335900000000000e+07 1.203235688236999959e+08
9.446114871999999881e+07 1.133081582999999970e+08 1.519622400000000000e+07 1.843484726900000125e+07
1.120660385000000000e+08 7.804285387300001085e+07 1.560178700000000000e+07 3.544587710000000079e+05
6.943342910999999940e+07 1.766726930000000000e+08 1.835493800000000000e+07 4.407349539999999851e+07
9.745324531700000167e+07 9.769948750000000000e+07 1.575261200000000000e+07 8.853149621999999508e+06
6.290313474700000137e+07 1.210503613700000048e+08 2.459168100000000000e+07 3.119193823000000045e+07
1.003206146800000072e+08 8.363028163999998569e+07 1.672021200000000000e+07 4.185545370000000112e+05
1.231816182000000030e+08 6.988029579000000656e+07 1.371664500000000000e+07 7.714204089000000060e+07
1.130055982900000066e+08 8.145051317999999225e+07 1.500272900000000000e+07 3.219118140000000130e+06
6.341220019000000507e+07 1.440864268000000119e+08 2.173616400000000000e+07 1.876778957999999821e+07
9.882477854600000381e+07 9.200724626000000536e+07 1.592613400000000000e+07 6.070979524100000039e+06
1.102191325799999982e+08 1.221264690000000000e+08 1.300468200000000000e+07 2.869266733999999985e+07
1.051974838660000414e+08 7.441144722900000215e+07 1.493424100000000000e+07 1.680532572606999874e+08
1.070880375799999982e+08 1.303158720000000000e+08 1.296107300000000000e+07 4.246658700000000000e+07
1.167022332600000054e+08 1.048519214000000060e+08 1.315142100000000000e+07 1.933291650000000000e+07
9.386524321299999952e+07 9.123814360999999940e+07 1.681917000000000000e+07 3.653666687400000170e+06
6.061214908799999952e+07 1.287973317199999988e+08 2.504340300000000000e+07 2.869987087999999989e+06
1.036282412870000005e+08 8.921203573999999464e+07 1.547822900000000000e+07 5.807205482200000435e+06
1.118266257830000073e+08 7.597340778000000119e+07 1.383015500000000000e+07 1.519738469300000072e+08
7.177783500710000098e+07 1.061902804949000031e+08 2.161403600000000000e+07 3.391156305606000125e+07
9.745560795000000298e+07 8.561003169099999964e+07 1.685596200000000000e+07 1.025278177000000025e+06
1.121524923250000030e+08 7.646555470600000024e+07 1.538527000000000000e+07 1.174364616000000015e+07
1.139706900020000041e+08 9.731694129999999702e+07 1.376285500000000000e+07 1.402169194600000046e+07
1.041099071599999964e+08 1.172094680000000000e+08 1.382152000000000000e+07 2.357050955299999937e+07
7.248768618999999762e+07 1.086921011720000058e+08 2.168466800000000000e+07 1.075145820000000065e+06
8.711438553000000119e+07 1.531574540000000000e+08 1.489661300000000000e+07 3.996870850000000000e+07
1.180680638799999952e+08 1.106270960999999940e+08 1.231776400000000000e+07 8.591677234999999404e+07
1.232511332880000025e+08 6.561810297081000358e+07 1.322641900000000000e+07 1.603493951786899865e+08
9.323477354000000656e+07 8.817283986100000143e+07 1.739282000000000000e+07 1.017825871000000043e+06
7.563182724899998307e+07 1.012277004258700013e+08 2.054675500000000000e+07 3.727358443828999996e+07
5.797909964999999851e+07 1.725134499000000060e+08 2.285876500000000000e+07 3.121666600000000000e+07
8.322287326999999583e+07 9.301660177189999819e+07 1.860869800000000000e+07 7.473955791490000486e+07
8.314759879999999702e+07 1.627495520000000000e+08 1.529865500000000000e+07 5.794197200000000000e+07
5.543929422999999672e+07 1.730980176999999881e+08 2.582206300000000000e+07 2.387118600000000000e+07
8.782133710999999940e+07 1.288687935999999940e+08 1.528010200000000000e+07 7.126619451999999583e+07
7.077295256000000238e+07 1.113979256700000018e+08 2.182085500000000000e+07 1.881312972999999998e+06
1.244991274855999947e+08 6.515375923277000338e+07 1.313545400000000000e+07 1.590604870204100013e+08
8.478508099000000954e+07 1.501543960000000000e+08 1.533597400000000000e+07 3.703004084000000358e+07
8.596230854999999702e+07 9.091540801800000668e+07 1.837412600000000000e+07 2.233081856599999964e+07
1.038688445400000066e+08 7.679333701999999583e+07 1.538468900000000000e+07 8.712345245299999416e+07
5.908974190000000596e+07 1.826617930000000000e+08 2.197653700000000000e+07 3.870731389999999851e+07
9.571776362899999321e+07 8.155290012370000780e+07 1.620967700000000000e+07 1.376391000591999888e+08
1.227503610099999756e+08 7.050461579999999702e+07 1.373455900000000000e+07 7.450682143999999762e+07
1.210456482099999934e+08 1.003226367000000030e+08 1.246930600000000000e+07 6.803033665000000596e+07
9.288490628000000119e+07 8.648596287199999392e+07 1.745350100000000000e+07 9.371219581000000238e+06
1.127520460000000000e+08 1.239535980000000000e+08 1.262726300000000000e+07 3.912704079999999702e+07
1.003763439200000018e+08 7.997393842399999499e+07 1.598404700000000000e+07 5.328335127700000256e+07
8.307564346999999881e+07 1.027213033100000024e+08 1.811277900000000000e+07 6.225582941999998875e+06
9.332643007999999821e+07 1.046602467999999970e+08 1.585924200000000000e+07 1.268451728999999911e+07
6.764067522500000894e+07 1.159865867500000000e+08 2.276980700000000000e+07 1.961123409329999937e+06
1.173185669290000051e+08 6.803273278460000455e+07 1.369375100000000000e+07 1.675011978772000074e+08
1.039981586449999958e+08 9.508364850000000000e+07 1.498762400000000000e+07 1.010204988000000082e+07
6.203821509300000221e+07 1.902415110000000000e+08 2.070889000000000000e+07 4.564949129999999702e+07
1.039406134399999976e+08 8.185984332899999619e+07 1.624595500000000000e+07 6.868436950000000652e+05
8.962518273699998856e+07 1.005471545999999940e+08 1.680298800000000000e+07 8.123298136999999173e+06
1.011698473700000048e+08 1.059849430999999940e+08 1.467624900000000000e+07 1.616845445500000007e+07
1.085700113299999982e+08 7.235538850600001216e+07 1.453402600000000000e+07 1.759721082644000053e+08
6.663022691999998689e+07 1.834612820000000000e+08 1.916425100000000000e+07 4.660282950000000000e+07
7.626960255999998748e+07 1.693851490000000000e+08 1.665960100000000000e+07 4.479597370000000298e+07
8.721501504000000656e+07 9.260487917700000107e+07 1.845054800000000000e+07 7.521787369999999646e+05
6.537732206000000238e+07 1.203824976879999936e+08 2.417359700000000000e+07 8.534161999999999534e+05
7.256331885000000894e+07 1.533132990000000000e+08 1.804776900000000000e+07 3.197972519000000134e+07
7.337583234000000358e+07 1.716559210000000000e+08 1.730466400000000000e+07 4.939026139999999851e+07
1.084585397800000012e+08 9.809776240000000596e+07 1.428161700000000000e+07 1.313129939699999988e+07
