1.181003913930000216e+08 7.687320126999999583e+07 1.506977500000000000e+07 8.787073109999999870e+05
1.240065472500000000e+08 7.224176459999999404e+07 1.323833300000000000e+07 9.510916609999999404e+07
1.130058589469999969e+08 9.755937209999999404e+07 1.383885300000000000e+07 1.396197741719999909e+07
6.792939627200001478e+07 1.163588080600000024e+08 2.228001400000000000e+07 3.298451455000000075e+06
1.196944546800000072e+08 7.293396118000000715e+07 1.440608900000000000e+07 3.742790940999999642e+07
1.177607859490000159e+08 1.151025700000000000e+08 1.265306900000000000e+07 2.582572225180000067e+07
1.202635687399999946e+08 9.943196909999999404e+07 1.263248600000000000e+07 5.928812503999999911e+07
1.163405108700000346e+08 7.577117906000000238e+07 1.502634400000000000e+07 9.315294490000000224e+06
1.019540801500000060e+08 8.275361162900000811e+07 1.652033000000000000e+07 4.648802359999999753e+05
1.227722045600000024e+08 6.989065331399999559e+07 1.388413900000000000e+07 6.927581096600000560e+07
1.147502387680000216e+08 1.065774500999999940e+08 1.324205700000000000e+07 1.958513577100000158e+07
1.062515693830000013e+08 9.347073390000000596e+07 1.482935900000000000e+07 9.470404901399999857e+06
1.042395535499999970e+08 8.168143931299999356e+07 1.625405200000000000e+07 5.145675879999999888e+05
7.663407929399999976e+07 1.039747209669999927e+08 2.102956800000000000e+07 4.372888649999999907e+05
9.591805364000001550e+07 8.621377818000000715e+07 1.720679200000000000e+07 5.130571439999999711e+05
9.080073220800000429e+07 9.302100423000000417e+07 1.723769100000000000e+07 3.504848860700000077e+06
1.056031816800000072e+08 1.094900915999999940e+08 1.397300600000000000e+07 1.966917498200000077e+07
1.128335091500000060e+08 8.464640034999999404e+07 1.473785200000000000e+07 5.384211240000000224e+06
1.188829509699999988e+08 1.112963700000000000e+08 1.259101200000000000e+07 3.373011239999999851e+07
9.027636467000000179e+07 1.395306640000000000e+08 1.473423400000000000e+07 3.317606328999999911e+07
7.127493887999999523e+07 1.215351275999999940e+08 2.024499100000000000e+07 1.016255277999999933e+07
1.067671734000000060e+08 1.117243167999999970e+08 1.377846700000000000e+07 2.086234787599999830e+07
1.078067976169999987e+08 7.988923837999999523e+07 1.601734800000000000e+07 2.911408801000000094e+05
1.112177291200000048e+08 7.847274136399999261e+07 1.566436600000000000e+07 3.579293910000000033e+05
1.147609361400000006e+08 7.937394807000000775e+07 1.503006200000000000e+07 2.109148580000000075e+06
7.675879837999999523e+07 1.673476710000000000e+08 1.652825500000000000e+07 5.298703100000000000e+07
1.160423586099999994e+08 9.330886940000000596e+07 1.384863400000000000e+07 1.176197259999999963e+07
1.117402027269999981e+08 7.545998357500000298e+07 1.507410000000000000e+07 3.323556576599999890e+07
9.287321705599999428e+07 9.314527393999999762e+07 1.683153200000000000e+07 4.379889982200000435e+06
1.026655072290000021e+08 7.600499569200000167e+07 1.529244000000000000e+07 1.783313074801999927e+08
1.264896504319999963e+08 6.667154560000000149e+07 1.325344000000000000e+07 1.118202833400000036e+08
7.099024811000044644e+07 1.137914946599999964e+08 2.106798400000000000e+07 4.851656056000000797e+06
1.103580917039999962e+08 1.006380682000000030e+08 1.393448800000000000e+07 1.520935870500000007e+07
1.229570976570000052e+08 6.956870923999999464e+07 1.289420500000000000e+07 1.717964018619999886e+08
8.463297714000000060e+07 1.611919380000000000e+08 1.505522800000000000e+07 5.838114000000000000e+07
8.456014296000000834e+07 1.068757869000000060e+08 1.745539100000000000e+07 9.369924621999999508e+06
1.063416671099999994e+08 8.389944395999999344e+07 1.559567100000000000e+07 3.010687580000000075e+06
1.106861968939999938e+08 1.047350422000000030e+08 1.371744500000000000e+07 1.745526481199999899e+07
7.794310395999999344e+07 9.898436502519999444e+07 1.980109400000000000e+07 5.903658858829999715e+07
9.202970545999999344e+07 1.500498780000000000e+08 1.426771700000000000e+07 4.203985339999999851e+07
1.148675707500000000e+08 7.692970623599998653e+07 1.535911300000000000e+07 3.804870990000001038e+05
7.627297387999999523e+07 1.687079700000000000e+08 1.666965000000000000e+07 4.414000679999999702e+07
1.274490744329999983e+08 6.614364656000000238e+07 1.318841600000000000e+07 1.166115855830000043e+08
8.980545639000000060e+07 9.048535391099999845e+07 1.796591300000000000e+07 8.147026580000000540e+05
5.606453838000000268e+07 1.546895209000000060e+08 2.660322300000000000e+07 1.169198614000000060e+07
8.336035054000000656e+07 9.625260165399999917e+07 1.927053200000000000e+07 6.359324319999999134e+05
1.057205121400000155e+08 1.390162060000000000e+08 1.299883300000000000e+07 4.401445470000000298e+07
7.481983801960000396e+07 1.057791989200000018e+08 2.072874600000000000e+07 1.912702770830000052e+06
1.150334880770000070e+08 6.956705665600000322e+07 1.382433900000000000e+07 1.713805279742999971e+08
9.306335215999999642e+07 8.705071063999998569e+07 1.738860700000000000e+07 6.670258937000000849e+06
1.221246945699999928e+08 7.106655359999999404e+07 1.385705100000000000e+07 6.696218588000000268e+07
9.137191659000000358e+07 1.064838710999999940e+08 1.607862000000000000e+07 1.276637521900000051e+07
1.135490617090000063e+08 6.974556981719999015e+07 1.403987600000000000e+07 1.703822607032999992e+08
9.567039762000000477e+07 1.329722920000000000e+08 1.420406700000000000e+07 3.115951521000000089e+07
9.155547418000000715e+07 1.514301550000000000e+08 1.429687600000000000e+07 4.352668350000000000e+07
5.879695146999999881e+07 1.809657910000000000e+08 2.216899500000000000e+07 3.711128129999999702e+07
1.179597365100000203e+08 7.254102906000000238e+07 1.434788100000000000e+07 4.920884250999999791e+07
8.550183365000000596e+07 9.437077651999999583e+07 1.879116200000000000e+07 6.528281689999999944e+05
1.012444542039999962e+08 9.233983800000000000e+07 1.561384900000000000e+07 6.567969239200000651e+06
9.310803424699999392e+07 8.515711550859999657e+07 1.659433800000000000e+07 8.513130719560000300e+07
5.542170064000000060e+07 1.725559215000000000e+08 2.590502200000000000e+07 2.346471069999999925e+07
9.417143269699999690e+07 8.254294838749998808e+07 1.657177400000000000e+07 1.260496931251000017e+08
1.273261887660000026e+08 6.992864450000000000e+07 1.262951300000000000e+07 1.414162196180000007e+08
1.161864931000000238e+08 1.186402770000000000e+08 1.262054500000000000e+07 2.780577112799999863e+07
7.248639591000021994e+07 1.085143097699999958e+08 2.152313500000000000e+07 1.518877354000000050e+06
9.022774479000000656e+07 8.627614463940000534e+07 1.717558100000000000e+07 1.058250492219000012e+08
8.164203767699998617e+07 1.464379840000000000e+08 1.603127200000000000e+07 3.368548232999999821e+07
7.969039740999999642e+07 1.174449840999999940e+08 1.787750200000000000e+07 1.414690516000000015e+07
8.119076612000000477e+07 9.666649437000000477e+07 1.959108000000000000e+07 7.833971830000000075e+06
9.859325243000000715e+07 1.217183697000000030e+08 1.419145800000000000e+07 2.876027530000000075e+07
1.174091294500000030e+08 8.757577200000000000e+07 1.375908800000000000e+07 2.954597319999999925e+07
9.867449954000000656e+07 8.486977043899999559e+07 1.681394300000000000e+07 5.787170029999999097e+05
6.049227234300000221e+07 1.291023532099999934e+08 2.503641400000000000e+07 3.042849336000000127e+06
1.233833689909999967e+08 6.559647038130000234e+07 1.320578500000000000e+07 1.625952126674999893e+08
5.902366510000000149e+07 1.368027041999999881e+08 2.468072700000000000e+07 7.362297570000000298e+06
8.073984524899999797e+07 9.554171144059999287e+07 1.923391100000000000e+07 5.125267481979999691e+07
7.353640717000000179e+07 1.741931080000000000e+08 1.725478000000000000e+07 5.094990560000000149e+07
9.492022420000000298e+07 1.508363220000000000e+08 1.381823600000000000e+07 5.748841600000000000e+07
1.062266203700000048e+08 8.027221754000000656e+07 1.427805700000000000e+07 1.867823884699999988e+08
8.560172311000001431e+07 1.255197002999999970e+08 1.610402000000000000e+07 2.209248537999999896e+07
8.674922687999999523e+07 1.428107210000000000e+08 1.520218500000000000e+07 3.340231153000000119e+07
9.673133800399999321e+07 9.252771776999999583e+07 1.627365200000000000e+07 5.077195623500000685e+06
8.957043800299999118e+07 9.887967250000000000e+07 1.695485500000000000e+07 6.878807888000000268e+06
8.101698130999998748e+07 1.026347888799999952e+08 1.871062900000000000e+07 4.827276131000000052e+06
1.223477034169999957e+08 6.962774223999999464e+07 1.380982000000000000e+07 7.550099142200000584e+07
8.749822325000000000e+07 1.582746910000000000e+08 1.464666000000000000e+07 5.941427200000000000e+07
9.776159823000000417e+07 8.421430781000000238e+07 1.552180400000000000e+07 1.587399096969999969e+08
8.856708771999999881e+07 1.247798450000000000e+08 1.555278900000000000e+07 2.362503362000000104e+07
6.248076446999999881e+07 1.889423120000000000e+08 2.055088300000000000e+07 4.513170460000000149e+07
6.441987014999999106e+07 1.222439155799999982e+08 2.333034000000000000e+07 3.900997109000000171e+06
1.022760467900000066e+08 8.527433334000000358e+07 1.603468200000000000e+07 2.641272000000000000e+06
8.915670293000000715e+07 1.055685463499999940e+08 1.637852400000000000e+07 2.396071778999999911e+07
1.185143614490000010e+08 7.261505950300000608e+07 1.456560300000000000e+07 3.623754836689999700e+07
7.891177463999998569e+07 1.653895570000000000e+08 1.607980100000000000e+07 5.486698200000000000e+07
7.403448491000001132e+07 1.476654634000000060e+08 1.784866100000000000e+07 2.944828571000000089e+07
7.104226289000000060e+07 1.732335230000000000e+08 1.791410300000000000e+07 4.684099939999999851e+07
8.685476651000000536e+07 1.031097442999999970e+08 1.716009100000000000e+07 8.633137850999999791e+06
1.167134248499999940e+08 1.039149555999999940e+08 1.319893900000000000e+07 1.873431510000000149e+07
1.081308382199999988e+08 1.217261380000000000e+08 1.321247500000000000e+07 2.784863064099999890e+07
8.014945057999999821e+07 9.945849650000000000e+07 1.988498500000000000e+07 8.062429639999999199e+05
9.093088367800000310e+07 9.903566350000000000e+07 1.673485800000000000e+07 7.148555037000000477e+06
6.686000386999999732e+07 1.185274800949999988e+08 2.397489200000000000e+07 5.164576780000000144e+05
1.145306800199999958e+08 1.222041110000000000e+08 1.264258200000000000e+07 2.970037723999999836e+07
5.760256259000000358e+07 1.569302825000000000e+08 2.380052400000000000e+07 2.029315623000000045e+07
1.201471823419999778e+08 6.683328342587000132e+07 1.346928400000000000e+07 1.625577254382900000e+08
9.618804868000000715e+07 1.251525280000000000e+08 1.441047700000000000e+07 2.653159476999999955e+07
1.020764434599999934e+08 1.301724530000000000e+08 1.356408600000000000e+07 3.133268187999999896e+07
7.099117756059999764e+07 1.073060686524499953e+08 2.184420000000000000e+07 3.377692781593099982e+07
7.911696703869999945e+07 1.531894990000000000e+08 1.636012100000000000e+07 3.653872797999999672e+07
7.453216410000000894e+07 1.090252263100000024e+08 2.019707400000000000e+07 4.587902314000000246e+06
7.605328619689999521e+07 1.024976887399999946e+08 2.013732900000000000e+07 5.091590860999999940e+07
1.061964088369999975e+08 7.370411323549999297e+07 1.483300900000000000e+07 1.769338425624000132e+08
1.172964769200000018e+08 7.616835150000000000e+07 1.311717600000000000e+07 1.856564819300000072e+08
9.818134139000000060e+07 8.968699561999998987e+07 1.630436200000000000e+07 3.649930770000000019e+06
1.020202897000000030e+08 1.458994290000000000e+08 1.318510200000000000e+07 5.589054700000000000e+07
7.068267474999998510e+07 1.116394816669999957e+08 2.252439900000000000e+07 6.916395000000000000e+05
8.833818047999998927e+07 1.511234580000000000e+08 1.467903900000000000e+07 4.419462500000000000e+07
1.043917164440000057e+08 7.905720513400000334e+07 1.588173100000000000e+07 2.645780373600000143e+07
9.341808914000001550e+07 8.801317219700001180e+07 1.741277600000000000e+07 8.073074350000000559e+05
8.398216747999998927e+07 1.018638044899999946e+08 1.802721700000000000e+07 5.567176895999999717e+06
8.252430235499998927e+07 9.367919076999999583e+07 1.879569400000000000e+07 6.498411220729000121e+07
1.141840100699999928e+08 8.674141150000000000e+07 1.443912200000000000e+07 7.134241210000000894e+06
5.577479320000000298e+07 1.587463973000000119e+08 2.648101700000000000e+07 1.419997071000000089e+07
9.795244378700000048e+07 9.797862629999999702e+07 1.560277600000000000e+07 9.813111824999999255e+06
8.209137515000000596e+07 1.227074687000000030e+08 1.696846700000000000e+07 1.900300946000000089e+07
7.876380503999999166e+07 1.009033336030000001e+08 2.010922100000000000e+07 1.016072138000000035e+06
8.733443426749999821e+07 9.357210760999999940e+07 1.801245300000000000e+07 2.102571897809999995e+06
1.108395547450000048e+08 7.109106143439999223e+07 1.431214800000000000e+07 1.713994279596999884e+08
6.157893985000000149e+07 1.242324116669999957e+08 2.497402400000000000e+07 2.543336950000000000e+07
7.494411496799997985e+07 1.285224624000000060e+08 1.851245600000000000e+07 1.820113989999999851e+07
7.673041778000000119e+07 1.065023622399999946e+08 1.968297800000000000e+07 4.500196983000000007e+06
5.829725686200000346e+07 1.410563559000000060e+08 2.696417900000000000e+07 3.715883098000000231e+06
1.105759689800000042e+08 1.342971810000000000e+08 1.259749200000000000e+07 4.931999820000000298e+07
