9.281388337E7 1.531707459E8 1.904145E7 1.0046220196E8
7.275053791499999E7 1.3502049536E8 2.6252972E7 3675908.592
1.114821981E8 1.58484244E8 1.7414477E7 4.4316744E7
9.991349811E7 1.0836404563E8 2.197982E7 418554.537
1.3641672791E8 9.56949153E7 1.6851426E7 1.6620300276E8
1.2540330002100004E8 9.60826225E7 1.9256091E7 4.6656379791E7
1.2859327935999998E8 1.282656342E8 1.6757572E7 8.61501916E7
1.3086636514000002E8 9.058339937E7 1.807889E7 1.1908424909E8
1.178890496E8 1.63333288E8 1.6876702E7 5.3004141E7
9.173918858E7 1.55477405E8 1.9647139E7 2.852898493E7
1.3318847178E8 8.7279043061E7 1.7696824E7 1.61700865081E8
8.242694852000001E7 1.575044394E8 2.1121198E7 6.055242035E7
7.668726224900001E7 1.2582537811549E8 2.5930237E7 1.078160836793E7
1.17483900811E8 9.7899804065E7 1.9679897E7 5.3536195488E7
7.429512597E7 2.00129604E8 2.2178571E7 5.04140764E7
1.1430928516E8 1.030552739E8 1.8058213E7 2.165349469E8
9.484453983E7 1.72987075E8 1.8671326E7 4.04402547E7
8.731068236000001E7 1.61060566E8 2.0064046E7 3.049431842E7
7.582173799E7 1.471351845E8 2.3706111E7 2.816888736E7
1.1646477424E8 1.52459849E8 1.7371773E7 3.2998303378E7
1.3291927942600004E8 8.807177158399999E7 1.7468392E7 1.815419175649E8
9.356520256800002E7 1.199221503E8 2.1552261E7 6439573.789499999
7.7307143E7 1.27122835603E8 2.5824483E7 1016072.138
9.293893832000002E7 1.08454735029E8 2.2028319E7 5.1108053858E7
1.1640954232E8 9.491593662E7 1.9044055E7 1.2121331145E8
9.952884225100002E7 1.01425573497E8 2.0559107E7 1.762447177404E8
8.207759907E7 1.63284065E8 2.1092609E7 2.949833927E7
8.879840652000001E7 1.54381734E8 1.9719506E7 8.925791E7
1.0424939829E8 1.61275494E8 1.8083271E7 3.547660053E7
7.4401839144E7 1.331856812E8 2.580805E7 3370266.6410000003
1.07085295493E8 1.296404502E8 1.9239795E7 1.6780037235E7
1.1936479372E8 9.73765897E7 1.8357263E7 1.369103016E8
9.640095672E7 1.471338427E8 1.8774234E7 9.966718692E7
9.0770494267E7 1.1732096656E8 2.2291972E7 3535391.3799
1.0029148723000002E8 1.09459607526E8 2.1681587E7 1168865.304
1.0011326892E8 1.45005085E8 1.9099807E7 2.494703957E7
1.1179839314E8 1.033660937E8 1.8364355E7 1.9532679501E8
1.1866604535E8 1.151931753E8 1.9164457E7 9754952.9
6.822096474E7 1.3843478137E8 2.8451722E7 3.237137123E7
1.061057469E8 1.336546266E8 1.9084514E7 1.960486031E7
9.6693885773E7 1.200542378E8 2.1082424E7 7664071.993
1.1817707578000005E8 1.01895833427E8 2.0475754E7 551524.315
8.907300593E7 1.78488979E8 1.9212615E7 4.199159016E7
6.961506841E7 2.05621708E8 2.3650931E7 4.77677577E7
6.059684224E7 1.717844951E8 3.1046449E7 1.036043375E7
8.201094213E7 1.368319493E8 2.2629003E7 1.2169185913E7
1.1984986683E8 1.44973766E8 1.7422644E7 2.8642128778E7
8.912128726E7 1.2585603022E8 2.1736284E7 1.216425586E7
8.599216825999999E7 1.4294518997E8 2.093635E7 5.833558549E7
1.01113244681E8 1.00276098652E8 2.0321608E7 1.76675247215E8
7.075056173000002E7 1.3691894267E8 2.7577641E7 1633062.4940000002
8.3570150053E7 1.2431486469E8 2.3325301E7 4399779.402
7.995399444E7 1.90387645E8 2.0770114E7 4.57128175E7
6.24038608E7 1.605977859E8 2.898294E7 9878711.59
8.922309887E7 1.1077547175E8 2.2504597E7 6.6306203291E7
9.194920192900002E7 1.81834059E8 1.8577829E7 6.6667356E7
1.0437930925E8 1.499035655E8 1.7841594E7 1.156756521E8
9.829114314E7 1.7603779E8 1.8072918E7 5.9821396E7
8.501087156000002E7 1.513260476E8 2.0927516E7 2.409753267E7
7.488153276E7 1.73368709E8 2.2700088E7 3.1183209700000003E7
6.221511722E7 1.842187141E8 2.7434751E7 2.5474542790000003E7
6.353487911400001E7 1.57868403E8 2.8605658E7 9072313.93
8.266861321000001E7 1.2079111649E8 2.4280173E7 1304533.103
5.847376305E7 2.573341768E8 4.6559646E7 1.371499088E7
8.553112935000001E7 1.399763737E8 2.1481231E7 1.67047405E7
1.0805765244E8 1.046718576E8 1.8685726E7 2.1941893632E8
8.763343289E7 1.84261023E8 1.9277278E7 4.70362309E7
1.0391966328E8 1.074091334E8 1.9136211E7 2.1740061091E8
1.0483978948E8 1.477510048E8 1.7837961E7 1.124624483E8
7.176630455E7 1.671535376E8 2.403856E7 2.498684166E7
7.940965527E7 1.5306611527E8 2.2187244E7 4.5341860870000005E7
8.000502346899998E7 1.204457355754E8 2.4601555E7 4.89272290231E7
1.0780876301E8 1.466471635E8 1.7620166E7 1.119589749E8
1.1731068483E8 9.49670926E7 1.8570761E7 1.539196298E8
1.26264958651E8 9.629908904E7 1.9260326E7 4.365089363E7
6.632990603599998E7 1.4526171396E8 2.8909145E7 2406147.4111
1.3089908581599998E8 9.0907131837E7 1.8271816E7 1.06334407366E8
1.11744679952E8 9.40186889931E7 1.9156736E7 1.8876331326982E8
1.2080718084000002E8 9.96574404E7 1.7700123E7 1.8646569488E8
1.2284193359E8 9.94010256E7 1.7463923E7 2.0795111475E8
1.05976915715E8 1.04826628124E8 2.1400797E7 4574151.015000001
6.214004405E7 1.929891425E8 2.7108274E7 3.15199525E7
1.34502449511E8 8.7442901271E7 1.7688005E7 1.5155016209E8
1.1783245611E8 1.0087703404E8 2.0393451E7 7595970.23
1.1263772228700002E8 1.344312927E8 1.8458702E7 2.1070983507000003E7
1.2845340835700002E8 9.7727400731E7 1.8528857E7 6.9306220395E7
6.4614859292E7 1.4902815435E8 2.9387803E7 3069746.465
9.1360336433E7 1.086818981597E8 2.1957365E7 9.44561799569E7
1.20707152584E8 1.313682496E8 1.7982094E7 2.057447237E7
1.3311463953E8 9.83509917E7 1.6743301E7 2.063328453E8
1.3083951407E8 9.4472098E7 1.7943331E7 1.083708897E8
1.042050284E8 9.8100843573E7 1.9877459E7 2.056491252226E8
1.06575025338E8 1.222418515E8 1.977833E7 1.1672628464E7
8.741263078999999E7 1.123814183456E8 2.2846709E7 8.04185841574E7
6.764238939E7 1.4550771142E8 2.767807E7 5131865.673
9.4856560992E7 1.292802293E8 2.0642198E7 1.3216472872E7
1.0658950307E8 1.7223388E8 1.7447726E7 6.4209155E7
9.394614285E7 1.1293062891E8 2.2245429E7 1579561.02
8.539267161000001E7 1.1501062137E8 2.3482504E7 2.517256423E7
8.071484219999999E7 1.427846026E8 2.2570814E7 1.535768189E7
9.6883558853E7 1.03496962325E8 2.102031E7 1.553558462448E8
8.967189877000001E7 1.309391926E8 2.1299648E7 1.320124991E7
1.1389358857000002E8 9.901207156E7 1.9768392E7 6.264871221E7
1.0726384704E8 1.123033929E8 2.0493089E7 5144347.989999999
1.177159137E8 1.60558234E8 1.6864184E7 5.5731422E7
1.2731417934E8 9.405054605E7 1.8671569E7 7.927838036E7
1.07932885618E8 1.00497926321E8 2.0486597E7 6.0319918379E7
1.23172255557E8 1.1889631955E8 1.7902879E7 5.188293597E7
1.22969327128E8 9.7693495369E7 1.9753818E7 2.66550705669E7
1.211778033E8 1.57749383E8 1.6803183E7 4.57586585E7
8.7760532991E7 1.14867166446E8 2.349754E7 4142017.6437
1.0874992069E8 1.39273648E8 1.858667E7 2.2768798948E7
8.540900972500001E7 1.1870803965E8 2.344909E7 1965058.90933
1.2580480585E8 9.21978622E7 1.7789131E7 1.728744739E8
5.994006788E7 1.81333513E8 3.0677919E7 1.636129838E7
8.892527481E7 1.413491003E8 2.0819658E7 1.84010046E7
7.046793771999998E7 1.439077369E8 2.6214952E7 8010463.04
1.0194764949E8 1.0240524436E8 2.0362914E7 1.0410844358E8
8.726017168E7 1.66220675E8 1.9824526E7 3.452524036E7
8.367216315E7 1.343209811E8 2.2301726E7 1.2016630105E7
1.1824941172E8 1.0738984863E8 1.9847466E7 4343413.850000001
1.2277084396E8 1.032748863E8 1.9890029E7 2257817.47
1.0983479529E8 1.164270934E8 1.9890668E7 8481465.5
1.2324055659E8 9.80973352658E7 1.9879986E7 1.939533894E7
1.2114475942E8 1.110999535E8 1.9279135E7 7448436.33
1.3506963451E8 8.99225753E7 1.7345127E7 1.57532051E8
1.1899613488E8 9.665500639E7 1.7980754E7 2.017168298E8
1.229386034E8 1.5204769E8 1.678632E7 4.35516445E7
1.2301538833999996E8 1.136609334E8 1.8686171E7 2.29170497E7
9.399043725E7 1.11447633639E8 2.2621037E7 446606.219
1.132737255E8 1.374386054E8 1.7648493E7 7.19895982E7
1.3671604465E8 9.37593126E7 1.6852681E7 1.7451517787E8
1.18939828915E8 9.11474670409E7 1.8556679E7 1.8652831986334E8
1.03366268488E8 1.305733006E8 1.9613129E7 1.5800846358E7
1.2307753010000002E8 1.0812428E8 1.9038192E7 2.2016017E7
1.2208456948E8 9.406261422E7 1.7884251E7 1.96457966213E8
1.2676281833E8 9.4331522089E7 1.8945578E7 6.581514699E7
1.1149436276E8 1.0131021576E8 1.8459475E7 2.1250807303E8
9.801727687E7 1.62297416E8 1.8633453E7 3.461026602E7
1.2504161140000002E8 1.46825695E8 1.6845248E7 4.0510398E7
9.608799205E7 1.1595448481E8 2.1548924E7 4471411.48
1.3573874132E8 8.717931441E7 1.7477725E7 1.6270820944E8
1.2386186779999998E8 1.49120655E8 1.6848994E7 3.98298608E7
1.1350575054999998E8 1.409141557E8 1.7306165E7 1.045652715E8
1.2167202367000002E8 9.033135965E7 1.8404495E7 1.76935346841E8
1.1479596968E8 1.42477667E8 1.7882592E7 2.6604821929E7
8.142478841E7 1.22205837487E8 2.4840699E7 766638.036
9.725305019E7 1.547004819E8 1.8415048E7 1.196973341E8
1.0283034209E8 1.1127585812E8 2.1096159E7 3424016.55
1.1640066223499998E8 1.230672032E8 1.881626E7 1.44713827807E7
9.11750056E7 1.579323671E8 1.915217E7 1.040086379E8
1.3582381817000002E8 9.68110069E7 1.6709011E7 1.794096374E8
9.689679696E7 1.374289819E8 1.9871939E7 1.9157137853E7
1.092760657E8 1.65053288E8 1.7464433E7 4.76874868E7
1.0147665634E8 1.52175174E8 1.8638573E7 2.9706946625E7
1.3304564028E8 9.416184035E7 1.7368289E7 1.4218393945E8
1.1672820551900002E8 1.252299598E8 1.8659185E7 1.58160987754E7
8.982556582E7 1.14790631593E8 2.2880797E7 1183738.0680000002
1.0054605086E8 1.7136716E8 1.7904012E7 6.2427574E7
1.075142064E8 9.749693491E7 1.9688689E7 1.41951524649E8
1.0321727016E8 1.59323731E8 1.8050786E7 4.43949156E7
1.18604888481E8 1.01348677863E8 2.0582404E7 237544.2791
1.1284481059E8 9.7861009037E7 1.9811605E7 7.7516354302E7
1.20131124923E8 1.00879444176E8 2.0467877E7 268494.0804
1.225121726E8 1.182482736E8 1.8687247E7 1.21678694E7
1.06409035805E8 9.66221445639E7 1.9676458E7 2.016682845423E8
6.985475520300001E7 1.35809081891E8 2.7907608E7 1.83215404243E7
6.603258808899999E7 1.43040871428E8 2.931378E7 2.96697726353E7
8.156680383E7 1.1870337066E8 2.4383793E7 2.8722096436E7
1.03153534049E8 1.174772451E8 2.0496117E7 7734349.8848
7.656042844999999E7 1.3371740198E8 2.4718216E7 5989435.795999999
1.2450922629E8 9.0809231399E7 1.8380317E7 1.42913112436E8
1.114640589235E8 9.58927380834E7 1.9119436E7 1.6125937806639E8
9.403336756E7 1.57517685E8 1.9231044E7 3.103681767E7
1.2425404681E8 9.98490488E7 1.9868657E7 1.098333392E7
1.1332869274400002E8 9.7334290762E7 1.8623044E7 1.8111250932E8
1.0171450951E8 1.07964196543E8 2.1678572E7 668127.063
1.208292845326E8 9.055818415222E7 1.8407896E7 1.8361498401247E8
1.03070299445E8 1.04175871305E8 2.1140957E7 3.2123890365E7
1.0955708777E8 1.319615722E8 1.8153307E7 7.426826233E7
7.515727627759999E7 1.2664101707549E8 2.6091597E7 3.507225328277E7
9.403398292E7 1.34207574E8 2.0439051E7 1.6084859307E7
1.2232038721E8 1.407507593E8 1.6732983E7 1.08034371E8
9.911628274E7 1.247285349E8 2.0432761E7 1.1279536751E7
1.2504480097E8 1.378392962E8 1.6611305E7 1.046271095E8
1.2939086335199995E8 9.158985819E7 1.7435074E7 1.90432206195E8
1.2714740098E8 1.314457499E8 1.6641223E7 9.569568E7
7.232343622000001E7 1.5088649772E8 2.4764879E7 2.482762291E7
7.541413649E7 1.97844388E8 2.1868987E7 4.8022573E7
1.3161949301E8 8.71978512914E7 1.7714967E7 1.7948356442589E8
1.2316347354999998E8 1.36352735E8 1.7463544E7 2.91803511E7
1.0841340061100002E8 1.04656450382E8 2.1062949E7 4840064.9993
1.3245182017E8 9.060941084E7 1.8080238E7 1.1403713518E8
1.3577532403000003E8 9.40537142E7 1.6833054E7 1.8039241532E8
7.8676216137E7 1.221719823348E8 2.4935103E7 4.8525100499E7
1.1024147013E8 1.024818992E8 1.913632E7 1.203395456E8
1.0894458436E8 1.1024463047E8 2.0495375E7 4252833.0
1.2256501312E8 9.59977021E7 1.8044336E7 1.474702977E8
1.1434117657E8 1.012824107E8 1.881667E7 1.172197976E8
1.2503466209800002E8 9.1244587386E7 1.7856266E7 1.89681305704E8
1.2550192149E8 1.235996267E8 1.7311112E7 6.771023939E7
1.02369938627E8 1.03152505141E8 2.0990282E7 5.5281908503E7
1.169045159E8 1.67795997E8 1.6829769E7 6.3024374E7
9.3152054918E7 1.070776848297E8 2.1618354E7 1.05755277633E8
7.908221896999998E7 1.24910483816E8 2.5292254E7 992881.447
9.207490601E7 1.493578334E8 1.93172E7 9.309671691E7
8.751436462000002E7 1.264569109E8 2.2059463E7 8556956.466
7.510638923000002E7 1.3012836388E8 2.6186112E7 1539240.678
1.0741535046E8 1.54920332E8 1.7991241E7 3.273130647E7
1.3349613896E8 9.72267128E7 1.729513E7 1.3394877621E8
8.834001693200001E7 1.487279412E8 2.0460713E7 2.339858196E7
1.2270066140000002E8 1.275394959E8 1.8072183E7 1.84015543E7
9.553690769E7 1.10911554489E8 2.2291486E7 659024.328
1.110851418E8 1.0813543323E8 2.0480633E7 3260435.46
9.583059654E7 1.51129778E8 1.929231E7 2.749625917E7
8.161597015E7 1.85557765E8 2.0473792E7 4.334075E7
9.8006484207E7 1.274304576E8 2.0371646E7 1.2823978338E7
7.298352423900004E7 1.3078421811549E8 2.695386E7 1.455117136793E7
9.104422165E7 1.11675640146E8 2.2837716E7 8748686.52
9.53418655876E7 1.049137570045E8 2.138741E7 1.2145826914294E8
1.16820072492E8 9.20650521061E7 1.8666613E7 1.923494411122E8
9.92800836E7 1.534082378E8 1.8235585E7 1.188484942E8
1.1799627335E8 1.37388433E8 1.7870498E7 2.4058254271E7
1.136377539E8 1.325464069E8 1.7699589E7 8.279229955E7
8.519430263E7 1.2546281879E8 2.2663496E7 6794652.083
5.9832820220000006E7 1.923058949E8 3.0066969E7 2.36451394E7
1.3170008583E8 9.37118993E7 1.797981E7 1.072477999E8
7.909958117999999E7 1.94114019E8 2.091542E7 5.5526239E7
6.054413263E7 2.4207400048E8 4.7020049E7 4525895.376
9.1904928809E7 1.082000537231E8 2.181901E7 1.054782843949E8
6.269224250500001E7 1.718673726E8 2.7867884E7 1.8244537970000003E7
1.10703321695E8 9.5097227532E7 1.9188315E7 1.795688626967E8
7.341175853830001E7 1.2924665816147E8 2.6634299E7 3.448754158304E7
1.13719907094E8 9.9834474644E7 2.0270662E7 3.6602207787E7
1.20451668598E8 1.200708281E8 1.8676634E7 1.3363867286E7
9.971481579E7 1.160099091E8 2.1046453E7 5634942.899999999
6.410523293E7 2.0884214E8 2.5729077E7 4.3018833E7
1.0734448017000002E8 1.6876554E8 1.7425167E7 6.1341084E7
1.0458394949E8 1.49176123E8 1.8497538E7 2.80982252E7
9.7753653652E7 1.07791016163E8 2.2017016E7 1.0944020128E7
6.285751209E7 1.99466912E8 2.6481777E7 3.6659984900000006E7
8.7121094969E7 1.1998496582E8 2.277146E7 3866436.848
8.070278623E7 1.2353820235E8 2.4439182E7 2204079.0613
1.1035726517E8 1.51233386E8 1.7872368E7 3.128541404E7
5.829178413E7 2.604950596E8 4.6408365E7 1.581684302E7
1.16931290476E8 9.887881134E7 1.9835706E7 4.312838687E7
9.83742869517E7 1.315225234973E8 1.958E7 5.00957114005E7
9.2168551447E7 1.09094785755E8 2.1630404E7 1.041747193379E8
9.787260668E7 1.50427135E8 1.9068287E7 2.8482111200000003E7
1.2530234758400002E8 9.75853396026E7 1.9655709E7 2.4684831275E7
1.1640428414E8 9.684020771E7 1.9673704E7 7.1861764242E7
1.2699032846E8 8.871718479E7 1.8001339E7 1.75656505154E8
1.2912422779E8 9.428001485E7 1.8639378E7 7.501234482E7
1.08512711767E8 9.8795863415E7 1.9290413E7 1.537916314814E8
1.11851516742E8 1.288845098E8 1.8851705E7 1.7205186107E7
7.244822576999998E7 1.96477999E8 2.278549E7 4.3657679E7
6.18919182E7 1.663919915E8 2.8825981E7 1.309416612E7
1.05707470895E8 9.91320858477E7 1.9725778E7 1.46093568064E8
1.0590993947E8 1.58998259E8 1.7982753E7 3.5064348550000004E7
6.508098828300001E7 2.12179752E8 2.5311701E7 4.60818303E7
7.656470651E7 1.2525009137E8 2.5809858E7 1.729012023E7
1.0947325456E8 1.0218831274E8 1.8649728E7 2.1437399141E8
9.5603358412E7 1.559590944E8 1.8571396E7 1.20627735E8
9.083405982E7 1.68549085E8 1.9236355E7 3.677592104E7
1.1851428276E8 9.59828274E7 1.9237748E7 8.4098701097E7
1.192981009E8 9.11483217E7 1.856442E7 1.78853061121E8
6.854733234600002E7 1.4085578054000002E8 2.8148996E7 2150755.1692000004
1.2700334181999998E8 9.661241797E7 1.735936E7 1.8052728802E8
7.884061580999999E7 1.2811426035E8 2.4412627E7 4378091.149
7.165117478E7 1.557666899E8 2.4790161E7 1.689602832E7
6.260605034E7 1.6085351654E8 3.1337831E7 3750730.876
9.770945531E7 1.1334608047E8 2.1566662E7 3342915.6
8.294455121900001E7 1.172246366275E8 2.3815752E7 6.32874205732E7
