1.148465320949999988e+08 9.888677603399999440e+07 1.994029800000000000e+07 4.930181695400000364e+07
1.277976326010000408e+08 9.393145482999999821e+07 1.887457400000000000e+07 6.840601538940000534e+07
9.281388337000000477e+07 1.531707459000000060e+08 1.904145000000000000e+07 1.004622019599999934e+08
7.275053791499999166e+07 1.350204953600000143e+08 2.625297200000000000e+07 3.675908592000000179e+06
1.114821980999999940e+08 1.584842440000000000e+08 1.741447700000000000e+07 4.431674400000000000e+07
9.991349810999999940e+07 1.083640456299999952e+08 2.197982000000000000e+07 4.185545370000000112e+05
1.131664962099999934e+08 1.456223770000000000e+08 1.785610200000000000e+07 2.893154850000000000e+07
9.690757903000000119e+07 1.140530048900000006e+08 2.161992200000000000e+07 3.438827620000000112e+06
1.364167279099999964e+08 9.569491529999999702e+07 1.685142600000000000e+07 1.662030027599999905e+08
1.095504552600000054e+08 1.047565391400000006e+08 2.108913300000000000e+07 4.503294629999999888e+05
6.341286688000001013e+07 2.044543860000000000e+08 2.610754200000000000e+07 3.995882229999999702e+07
1.274776517699999958e+08 9.245581251600000262e+07 1.862164600000000000e+07 9.206086388600000739e+07
1.009843467119999975e+08 1.227603995000000000e+08 2.034636900000000000e+07 1.057943468510000035e+07
1.204538319399999976e+08 1.009715392370000035e+08 2.037778200000000000e+07 3.899906979999999749e+05
1.191071106299999952e+08 9.108984085740000010e+07 1.854133300000000000e+07 1.869255713860999942e+08
1.088922894599999934e+08 1.484620810000000000e+08 1.809948400000000000e+07 2.947339530999999866e+07
1.279164378680000007e+08 8.831046627799999714e+07 1.792603300000000000e+07 1.826274085993799865e+08
8.407831173000000417e+07 1.270331513700000048e+08 2.275018400000000000e+07 1.009520315000000037e+07
1.218802010000000000e+08 1.186161517000000030e+08 1.868228400000000000e+07 1.249365059999999963e+07
1.035329236099999994e+08 1.067530882489999980e+08 2.167254300000000000e+07 3.461743150000000023e+05
5.898479249000000209e+07 2.514358925999999940e+08 4.678215300000000000e+07 9.989923439999999478e+06
1.254033000210000426e+08 9.608262250000000000e+07 1.925609100000000000e+07 4.665637979100000113e+07
1.285932793599999845e+08 1.282656342000000030e+08 1.675757200000000000e+07 8.615019159999999404e+07
1.308663651400000155e+08 9.058339937000000477e+07 1.807889000000000000e+07 1.190842490900000036e+08
1.317424801200000048e+08 9.232350659999999404e+07 1.795932100000000000e+07 1.141094110000000000e+08
1.255434461600000411e+08 9.777771109999999404e+07 1.839963100000000000e+07 8.857604809999999404e+07
1.178890495999999940e+08 1.633332880000000000e+08 1.687670200000000000e+07 5.300414100000000000e+07
1.122984939099999964e+08 1.083245065499999970e+08 2.033059900000000000e+07 3.757742640000000130e+06
9.428735173000000417e+07 1.636669630000000000e+08 1.897020400000000000e+07 3.489076663000000268e+07
9.173918857999999821e+07 1.554774050000000000e+08 1.964713900000000000e+07 2.852898492999999970e+07
9.363344662000000477e+07 1.116556894379999936e+08 2.262980800000000000e+07 5.291207859999999637e+05
1.331884717800000012e+08 8.727904306100000441e+07 1.769682400000000000e+07 1.617008650810000002e+08
6.682143951000000536e+07 1.452892995360000134e+08 2.945792000000000000e+07 1.012347866999999969e+06
8.242694852000001073e+07 1.575044394000000060e+08 2.112119800000000000e+07 6.055242035000000149e+07
1.244197814537000060e+08 9.831100430570000410e+07 1.983155500000000000e+07 1.702957054410000145e+07
1.241337060999999940e+08 1.493007540000000000e+08 1.680882600000000000e+07 4.143684500000000000e+07
8.534805943999999762e+07 1.180345228069999963e+08 2.385131700000000000e+07 8.712549889999999432e+05
7.668726224900001287e+07 1.258253781154900044e+08 2.593023700000000000e+07 1.078160836793000065e+07
1.108841603499999940e+08 1.426729830000000000e+08 1.823131200000000000e+07 2.539207091400000080e+07
1.174839008110000044e+08 9.789980406499999762e+07 1.967989700000000000e+07 5.353619548799999803e+07
1.012461448599999994e+08 1.066726913700000048e+08 2.168439900000000000e+07 7.239316530000000261e+06
7.429512596999999881e+07 2.001296040000000000e+08 2.217857100000000000e+07 5.041407639999999851e+07
1.143092851599999964e+08 1.030552739000000060e+08 1.805821300000000000e+07 2.165349469000000060e+08
9.484453982999999821e+07 1.729870750000000000e+08 1.867132600000000000e+07 4.044025470000000298e+07
8.731068236000001431e+07 1.610605660000000000e+08 2.006404600000000000e+07 3.049431842000000179e+07
1.232329304099999815e+08 1.389098790000000000e+08 1.743628400000000000e+07 2.581879844799999893e+07
7.582173798999999464e+07 1.471351845000000000e+08 2.370611100000000000e+07 2.816888735999999940e+07
1.146662318499999940e+08 9.755749031999999285e+07 1.955441400000000000e+07 7.964106079199999571e+07
1.302091594469999969e+08 9.088239823299999535e+07 1.824307800000000000e+07 1.103816137789999992e+08
1.164647742399999946e+08 1.524598490000000000e+08 1.737177300000000000e+07 3.299830337799999863e+07
1.166577357575999945e+08 9.198614707548999786e+07 1.873643300000000000e+07 1.878828552827700078e+08
1.219352770000000000e+08 1.107876530000000000e+08 1.926979400000000000e+07 7.160616800000000745e+06
1.356642701799999774e+08 9.372700809999999404e+07 1.685011700000000000e+07 1.817149745600000024e+08
1.329192794260000437e+08 8.807177158399999142e+07 1.746839200000000000e+07 1.815419175649000108e+08
1.092601677389999926e+08 9.550635310660000145e+07 1.933749100000000000e+07 1.850691445157999992e+08
1.220836101509999931e+08 1.296970132999999970e+08 1.797720500000000000e+07 1.973725502659999952e+07
9.356520256800001860e+07 1.199221502999999970e+08 2.155226100000000000e+07 6.439573789499999024e+06
1.088121267199999988e+08 9.998350823100000620e+07 2.037764400000000000e+07 6.347975583799999952e+07
9.929033250000000000e+07 1.388236885999999940e+08 1.956462800000000000e+07 2.010586520800000057e+07
1.223330461400000155e+08 1.036353141099999994e+08 1.986916600000000000e+07 2.565938390000000130e+06
9.257424742000000179e+07 1.744151320000000000e+08 1.888352800000000000e+07 4.054212004999999702e+07
1.354708710639999807e+08 8.699954864599999785e+07 1.762560000000000000e+07 1.554849207360000014e+08
1.353249284300000370e+08 9.205105160999999940e+07 1.711455500000000000e+07 1.640711907899999917e+08
7.730714300000000000e+07 1.271228356030000001e+08 2.582448300000000000e+07 1.016072138000000035e+06
9.293893832000002265e+07 1.084547350289999992e+08 2.202831900000000000e+07 5.110805385800000280e+07
1.164095423199999928e+08 9.491593662000000477e+07 1.904405500000000000e+07 1.212133114500000030e+08
8.172825787300001085e+07 1.184671069246000051e+08 2.415708800000000000e+07 5.435109091300000250e+07
1.248343757500000000e+08 1.387556556999999881e+08 1.661115100000000000e+07 1.059116550999999940e+08
1.211685471200000048e+08 1.344637010000000000e+08 1.778233300000000000e+07 2.266707930000000075e+07
9.603108629000000656e+07 1.352547586999999881e+08 2.011980800000000000e+07 1.729180752400000021e+07
1.046419129479999989e+08 9.911465705310000479e+07 1.976067000000000000e+07 1.670135912482999861e+08
9.952884225100001693e+07 1.014255734969999939e+08 2.055910700000000000e+07 1.762447177403999865e+08
1.128182842999999970e+08 9.737924379899999499e+07 1.961544200000000000e+07 9.140272147599999607e+07
1.206311123620000184e+08 1.221700022000000030e+08 1.854007000000000000e+07 1.451595471419999935e+07
9.362961731700000167e+07 1.062667862354999930e+08 2.169213000000000000e+07 1.296543725623999983e+08
8.207759906999999285e+07 1.632840650000000000e+08 2.109260900000000000e+07 2.949833926999999955e+07
8.879840652000001073e+07 1.543817340000000000e+08 1.971950600000000000e+07 8.925791000000000000e+07
1.042493982900000066e+08 1.612754940000000000e+08 1.808327100000000000e+07 3.547660053000000119e+07
1.239964845999999791e+08 1.266892775999999940e+08 1.789611600000000000e+07 2.644496400000000000e+07
7.440183914399999380e+07 1.331856812000000030e+08 2.580805000000000000e+07 3.370266641000000294e+06
1.211377227699999809e+08 1.062648052500000000e+08 1.969259800000000000e+07 4.216029849999999627e+06
1.070852954930000007e+08 1.296404502000000030e+08 1.923979500000000000e+07 1.678003723499999940e+07
1.193647937199999988e+08 9.737658970000000298e+07 1.835726300000000000e+07 1.369103015999999940e+08
9.640095671999999881e+07 1.471338426999999881e+08 1.877423400000000000e+07 9.966718692000000179e+07
8.560043364400000870e+07 1.207596671899999976e+08 2.306883700000000000e+07 3.567908817999999970e+06
8.830133986999998987e+07 1.681355090000000000e+08 1.960106600000000000e+07 3.573808255000000447e+07
9.618525706900000572e+07 1.040612256937000006e+08 2.115551000000000000e+07 1.490899479492000043e+08
7.710550541400000453e+07 1.239471286974499971e+08 2.550742100000000000e+07 3.593158478232999891e+07
9.077049426700000465e+07 1.173209665600000024e+08 2.229197200000000000e+07 3.535391379900000058e+06
6.445973955600000173e+07 1.494535551200000048e+08 2.937861900000000000e+07 3.310342481000000611e+06
1.012304928799999952e+08 1.157283099000000060e+08 2.088559100000000000e+07 5.846341899999999441e+06
1.002914872300000191e+08 1.094596075259999931e+08 2.168158700000000000e+07 1.168865304000000004e+06
1.001132689200000018e+08 1.450050850000000000e+08 1.909980700000000000e+07 2.494703957000000030e+07
1.117983931400000006e+08 1.033660937000000030e+08 1.836435500000000000e+07 1.953267950099999905e+08
1.186660453499999940e+08 1.151931752999999970e+08 1.916445700000000000e+07 9.754952900000000373e+06
7.857174490999999642e+07 1.255718575000000000e+08 2.520072200000000000e+07 1.480114954999999842e+06
9.831778537000000477e+07 1.323137225000000000e+08 2.000784200000000000e+07 1.632730064299999923e+07
1.082280719699999988e+08 9.836500300900000334e+07 1.911638500000000000e+07 2.076050917199999988e+08
6.822096473999999464e+07 1.384347813700000048e+08 2.845172200000000000e+07 3.237137123000000045e+07
1.292866820000000447e+08 9.244071860999999940e+07 1.737538300000000000e+07 1.923947812599999905e+08
1.061057469000000060e+08 1.336546265999999940e+08 1.908451400000000000e+07 1.960486030999999866e+07
9.669388577300000191e+07 1.200542377999999970e+08 2.108242400000000000e+07 7.664071992999999784e+06
9.708068798999999464e+07 1.416252286999999881e+08 1.961702100000000000e+07 2.186322587900000066e+07
1.181770757800000459e+08 1.018958334270000011e+08 2.047575400000000000e+07 5.515243149999999441e+05
1.015005439899999946e+08 1.569942720000000000e+08 1.827447900000000000e+07 4.458412660000000149e+07
6.890306056000000238e+07 1.408098117050000131e+08 2.855218900000000000e+07 1.096934887000000104e+06
8.907300593000000715e+07 1.784889790000000000e+08 1.921261500000000000e+07 4.199159015999999642e+07
6.961506840999999642e+07 2.056217080000000000e+08 2.365093100000000000e+07 4.776775770000000298e+07
6.059684224000000209e+07 1.717844950999999940e+08 3.104644900000000000e+07 1.036043375000000000e+07
8.201094212999999523e+07 1.368319493000000119e+08 2.262900300000000000e+07 1.216918591300000064e+07
1.064142354580000043e+08 1.229400587999999970e+08 1.975153300000000000e+07 1.202814887390000001e+07
1.287995974899999946e+08 9.272826439000000060e+07 1.851424000000000000e+07 8.929376934999999404e+07
6.156232059000000358e+07 1.756260750000000000e+08 2.832856800000000000e+07 1.944491032000000030e+07
1.198498668299999982e+08 1.449737660000000000e+08 1.742264400000000000e+07 2.864212877800000086e+07
1.056876643569999933e+08 9.703961978569999337e+07 1.976525800000000000e+07 2.024447326746999919e+08
1.357380466599999964e+08 8.658204643000000715e+07 1.748190200000000000e+07 1.679044749600000083e+08
8.912128726000000536e+07 1.258560302199999988e+08 2.173628400000000000e+07 1.216425585999999940e+07
9.779937323999999464e+07 1.713232980000000000e+08 1.815355100000000000e+07 6.043953700000000000e+07
9.496575794499999285e+07 1.186381505999999940e+08 2.144984700000000000e+07 6.099085828899999149e+06
1.101195355300000012e+08 1.116677819000000060e+08 2.025414000000000000e+07 5.365163160000000149e+06
6.653086620400001109e+07 1.419245813700000048e+08 2.913235600000000000e+07 3.137583723000000045e+07
6.252135427000000328e+07 1.611267056699999869e+08 3.133180600000000000e+07 3.905907734999999870e+06
1.145759689520000070e+08 9.278286112019999325e+07 1.889356900000000000e+07 1.918501051596499979e+08
1.058656404599999934e+08 1.168240042000000030e+08 2.031879800000000000e+07 7.353661700000000186e+06
8.599216825999999046e+07 1.429451899699999988e+08 2.093635000000000000e+07 5.833558549000000209e+07
9.338178884000000358e+07 1.370298483000000119e+08 2.035286900000000000e+07 1.777354907699999958e+07
1.011132446809999943e+08 1.002760986519999951e+08 2.032160800000000000e+07 1.766752472150000036e+08
9.645562414000000060e+07 1.529910110000000000e+08 1.910355700000000000e+07 3.017728870000000298e+07
1.267066101519999951e+08 9.202582556299999356e+07 1.764339300000000000e+07 1.850384573869999945e+08
7.075056173000001907e+07 1.369189426699999869e+08 2.757764100000000000e+07 1.633062494000000181e+06
8.357015005300000310e+07 1.243148646899999976e+08 2.332530100000000000e+07 4.399779401999999769e+06
7.995399443999999762e+07 1.903876450000000000e+08 2.077011400000000000e+07 4.571281750000000000e+07
7.138359910000000894e+07 1.326197013700000048e+08 2.731426700000000000e+07 2.757319323000000045e+07
6.240386079999999702e+07 1.605977859000000060e+08 2.898294000000000000e+07 9.878711589999999851e+06
8.922309887000000477e+07 1.107754717500000000e+08 2.250459700000000000e+07 6.630620329100000113e+07
1.174894822500000000e+08 1.005291695000000000e+08 1.787880700000000000e+07 2.099653293899999857e+08
7.462618584999999404e+07 1.313089435000000000e+08 2.627745200000000000e+07 1.576675725000000093e+06
9.194920192900002003e+07 1.818340590000000000e+08 1.857782900000000000e+07 6.666735600000000000e+07
6.229175289000000060e+07 1.946035295999999940e+08 2.695677900000000000e+07 3.272625180000000075e+07
1.290444692600000054e+08 9.769393509000000358e+07 1.836862300000000000e+07 7.671444512999999523e+07
1.043793092500000000e+08 1.499035655000000000e+08 1.784159400000000000e+07 1.156756520999999940e+08
8.701308168999999762e+07 1.822832020000000000e+08 1.943725600000000000e+07 4.391374429999999702e+07
9.829114314000000060e+07 1.760377900000000000e+08 1.807291800000000000e+07 5.982139600000000000e+07
8.501087156000001729e+07 1.513260475999999940e+08 2.092751600000000000e+07 2.409753267000000179e+07
7.488153276000000536e+07 1.733687090000000000e+08 2.270008800000000000e+07 3.118320970000000298e+07
9.853030851999999583e+07 1.023150159459999949e+08 2.067062900000000000e+07 1.685760805956000090e+08
1.030826064000000060e+08 1.118793039200000018e+08 2.102226800000000000e+07 3.706732160000000149e+06
6.221511721999999881e+07 1.842187140999999940e+08 2.743475100000000000e+07 2.547454279000000283e+07
1.163625452820000052e+08 9.242718806039999425e+07 1.867082600000000000e+07 1.939073682578999996e+08
6.353487911400000751e+07 1.578684030000000000e+08 2.860565800000000000e+07 9.072313929999999702e+06
8.266861321000000834e+07 1.207911164899999946e+08 2.428017300000000000e+07 1.304533102999999886e+06
1.023407953700000048e+08 1.744991820000000000e+08 1.773460000000000000e+07 6.483138100000000000e+07
5.847376304999999702e+07 2.573341768000000119e+08 4.655964600000000000e+07 1.371499088000000082e+07
8.553112935000000894e+07 1.399763736999999881e+08 2.148123100000000000e+07 1.670474050000000000e+07
1.080576524399999976e+08 1.046718575999999940e+08 1.868572600000000000e+07 2.194189363199999928e+08
8.763343289000000060e+07 1.842610230000000000e+08 1.927727800000000000e+07 4.703623089999999851e+07
1.206373841490000039e+08 9.056202211549000442e+07 1.843500600000000000e+07 1.850322683679299951e+08
1.250571005260000229e+08 9.788107615000000596e+07 1.962795500000000000e+07 2.498946230000000075e+07
1.039196632800000012e+08 1.074091334000000060e+08 1.913621100000000000e+07 2.174006109099999964e+08
1.084587590999999940e+08 1.711047930000000000e+08 1.732798000000000000e+07 6.374573700000000000e+07
5.987338449000000209e+07 1.942528690000000000e+08 2.991620100000000000e+07 2.533508580000000075e+07
1.073772746800000072e+08 9.609249045229999721e+07 1.957033800000000000e+07 1.994036149478000104e+08
1.048397894800000042e+08 1.477510048000000119e+08 1.783796100000000000e+07 1.124624482999999970e+08
9.049568301999999583e+07 1.118329998719999939e+08 2.286999900000000000e+07 1.091914528099999949e+07
8.194537871999998391e+07 1.895579500000000000e+08 2.026580900000000000e+07 5.776736600000000000e+07
1.248585464099999964e+08 9.889588800000000000e+07 1.732464600000000000e+07 2.067149994499999881e+08
8.651670168800002337e+07 1.315563200999999940e+08 2.187197200000000000e+07 1.141419985400000028e+07
9.609987850000000000e+07 1.107124611800000072e+08 2.226371000000000000e+07 5.130571439999999711e+05
1.143917275460000038e+08 1.260447050999999940e+08 1.879108500000000000e+07 1.628599152999999933e+07
1.271711881110000014e+08 9.376306659100000560e+07 1.889764500000000000e+07 7.061035516899999976e+07
5.807139438000000268e+07 2.691772206999999881e+08 4.594246300000000000e+07 2.201659180000000075e+07
1.217341242800000012e+08 9.474481840000000596e+07 1.786243800000000000e+07 1.976635272199999988e+08
8.962921139000001550e+07 1.151635646200000048e+08 2.285642300000000000e+07 1.367830656999999890e+06
1.112708204609999955e+08 9.417700644599999487e+07 1.917885100000000000e+07 1.953992839436999857e+08
1.324777268299999982e+08 9.541878590000000596e+07 1.701947700000000000e+07 1.768203833100000024e+08
1.090585079000000060e+08 1.025358908199999928e+08 1.879630700000000000e+07 1.798027080000000000e+08
7.176630454999999702e+07 1.671535375999999940e+08 2.403856000000000000e+07 2.498684166000000015e+07
7.940965526999999583e+07 1.530661152700000107e+08 2.218724400000000000e+07 4.534186087000000477e+07
6.459912489000000805e+07 2.114567850000000000e+08 2.550599200000000000e+07 4.502830379999999702e+07
8.630005861000001431e+07 1.172803390450000018e+08 2.349607500000000000e+07 1.249027379999999888e+06
1.079868288499999940e+08 1.034535904479999989e+08 2.096693700000000000e+07 1.511543464499999955e+07
8.000502346899998188e+07 1.204457355753999949e+08 2.460155500000000000e+07 4.892722902310000360e+07
1.078087630100000054e+08 1.466471635000000000e+08 1.762016600000000000e+07 1.119589749000000060e+08
1.173106848299999982e+08 9.496709259999999404e+07 1.857076100000000000e+07 1.539196298000000119e+08
