1.226595337000000030e+08 1.279535552999999970e+08 1.805454800000000000e+07 1.859094419999999925e+07
1.262649586509999931e+08 9.629908904000000656e+07 1.926032600000000000e+07 4.365089363000000268e+07
1.361839762099999785e+08 9.760249400000000000e+07 1.672452800000000000e+07 1.716437770999999940e+08
6.632990603599998355e+07 1.452617139600000083e+08 2.890914500000000000e+07 2.406147411100000143e+06
1.188560128400000036e+08 1.012702506949999928e+08 2.057804100000000000e+07 2.090539982000000018e+05
1.308990858159999847e+08 9.090713183699999750e+07 1.827181600000000000e+07 1.063344073659999967e+08
7.627015724999998510e+07 1.288656737000000030e+08 2.588777100000000000e+07 1.333119004999999888e+06
1.117446799520000070e+08 9.401868899310000241e+07 1.915673600000000000e+07 1.887633132698200047e+08
1.104170807370000035e+08 9.464001045659999549e+07 1.923720000000000000e+07 1.940827269377999902e+08
1.197217892230000198e+08 1.010033341659999937e+08 2.049608100000000000e+07 2.684940703000000212e+05
1.355918268300000131e+08 8.838476679999999702e+07 1.737931200000000000e+07 1.623517494000000060e+08
1.137400647310000062e+08 9.967351321199999750e+07 2.006766800000000000e+07 4.421788277899999917e+07
1.355658725900000036e+08 9.476797059999999404e+07 1.678585600000000000e+07 1.844971485699999928e+08
7.417306355000001192e+07 1.318335424899999946e+08 2.633710700000000000e+07 1.789600151000000071e+06
1.003248339009999931e+08 1.081864671759999990e+08 2.199777200000000000e+07 2.883757861000000266e+05
1.201072419660000056e+08 1.291909550999999940e+08 1.814557500000000000e+07 1.912639599799999967e+07
1.078672972900000066e+08 1.060241714259999990e+08 2.109600900000000000e+07 9.675256929999999702e+05
1.085905068599999994e+08 1.037529241299999952e+08 2.104368700000000000e+07 8.400634351999999955e+06
1.208071808400000185e+08 9.965744040000000596e+07 1.770012300000000000e+07 1.864656948799999952e+08
1.364509405999999940e+08 8.698652979000000656e+07 1.746308800000000000e+07 1.629190870800000131e+08
1.228419335900000036e+08 9.940102559999999404e+07 1.746392300000000000e+07 2.079511147500000000e+08
1.023190938199999928e+08 1.079365845590000004e+08 2.158226200000000000e+07 8.354877239999999292e+05
6.054212093999999762e+07 2.420819525600000024e+08 4.701988400000000000e+07 4.530380018000000156e+06
9.562754209999999404e+07 1.113267433700000048e+08 2.216720800000000000e+07 1.090703777000000002e+06
1.249697895000000000e+08 1.484444800000000000e+08 1.673409800000000000e+07 4.550050579999999702e+07
9.659235670000000298e+07 1.402578448000000119e+08 1.972910800000000000e+07 2.167479112000000104e+07
1.053807733400000036e+08 1.647147410000000000e+08 1.790328700000000000e+07 3.824880310000000149e+07
1.060685777090000063e+08 9.681725294089999795e+07 1.971749800000000000e+07 2.022277087321999967e+08
1.093054265999999940e+08 1.613391210000000000e+08 1.767850100000000000e+07 3.673805228999999911e+07
9.364479595700000226e+07 1.117694897099999934e+08 2.275154900000000000e+07 3.036837545999999857e+05
1.207541378100000173e+08 1.155014567000000030e+08 1.897423400000000000e+07 1.029241259999999963e+07
1.201108965300000012e+08 1.081598570000000000e+08 1.960545400000000000e+07 5.339832290000000037e+06
1.241070866350000203e+08 9.844813986699999869e+07 1.984709200000000000e+07 1.651273703900000080e+07
1.177177554960000068e+08 9.159270898080000281e+07 1.863927700000000000e+07 1.895216229550000131e+08
1.194003082000000179e+08 1.489770560000000000e+08 1.727594500000000000e+07 3.146058966699999943e+07
1.214183484120000005e+08 9.030011468366000056e+07 1.837925600000000000e+07 1.846999240918700099e+08
1.224359679399999827e+08 1.104776059000000060e+08 1.925589400000000000e+07 7.203423530000000261e+06
1.059769157150000036e+08 1.048266281239999980e+08 2.140079700000000000e+07 4.574151015000000596e+06
9.134960245000000298e+07 1.131905694229999930e+08 2.290280200000000000e+07 5.694213139999998966e+05
8.875882071000000834e+07 1.162966697900000066e+08 2.287363500000000000e+07 1.878093050999999978e+06
1.175019982500000000e+08 1.038389335100000054e+08 2.028987900000000000e+07 1.699465837999999989e+06
6.214004404999999702e+07 1.929891425000000000e+08 2.710827400000000000e+07 3.151995250000000000e+07
8.984456177500000596e+07 1.099331957020000070e+08 2.235223400000000000e+07 9.820715070669999719e+07
1.345024495110000074e+08 8.744290127099999785e+07 1.768800500000000000e+07 1.515501620900000036e+08
9.800390143000000715e+07 1.133638203599999994e+08 2.153543400000000000e+07 3.295112310000000056e+06
6.179743092999999970e+07 1.873806550999999940e+08 2.754105300000000000e+07 2.773058560000000149e+07
1.178324561099999994e+08 1.008770340400000066e+08 2.039345100000000000e+07 7.595970230000000447e+06
1.042850616118000001e+08 1.184428110000000000e+08 2.036125800000000000e+07 8.035859803780000657e+06
1.126377222870000154e+08 1.344312926999999881e+08 1.845870200000000000e+07 2.107098350700000301e+07
1.219744515000000000e+08 1.193165370999999940e+08 1.862687300000000000e+07 1.303921900000000000e+07
1.354084254000000060e+08 8.668675840000000596e+07 1.744613700000000000e+07 1.728500056200000048e+08
1.284534083570000231e+08 9.772740073100000620e+07 1.852885700000000000e+07 6.930622039499999583e+07
1.162058684640000015e+08 9.371314732099999487e+07 1.853392200000000000e+07 1.964284208510000110e+08
8.180912035999999940e+07 1.906077860000000000e+08 2.029448200000000000e+07 5.770783100000000000e+07
6.461485929200000316e+07 1.490281543499999940e+08 2.938780300000000000e+07 3.069746464999999851e+06
1.188846217699999958e+08 1.589653040000000000e+08 1.699772900000000000e+07 4.152700679999999702e+07
6.826170823999999464e+07 1.415517926699999869e+08 2.848686500000000000e+07 1.633062494000000181e+06
9.136033643299999833e+07 1.086818981597000062e+08 2.195736500000000000e+07 9.445617995690000057e+07
8.208042732999999821e+07 1.215291639599999934e+08 2.476110500000000000e+07 6.611922180000001099e+05
1.005696307900000066e+08 1.505269290000000000e+08 1.880143500000000000e+07 2.842199991400000080e+07
1.232305345139999986e+08 1.384379500000000000e+08 1.745996600000000000e+07 2.549655974460000172e+07
1.315496000000000000e+08 9.361568167000000179e+07 1.711097700000000000e+07 1.953602423899999857e+08
1.207071525840000063e+08 1.313682495999999940e+08 1.798209400000000000e+07 2.057447237000000104e+07
1.331146395300000012e+08 9.835099170000000298e+07 1.674330100000000000e+07 2.063328453000000119e+08
9.931472425300000608e+07 1.178624830000000000e+08 2.093071600000000000e+07 6.838631160600000061e+06
1.117735331299999952e+08 1.505085250000000000e+08 1.781734600000000000e+07 3.052132773699999973e+07
1.097282432699999958e+08 1.045731734520000070e+08 2.108253100000000000e+07 5.228346689999999944e+05
6.032766196000000089e+07 1.747447030999999940e+08 3.095162800000000000e+07 1.216569174000000022e+07
1.308395140699999928e+08 9.447209800000000000e+07 1.794333100000000000e+07 1.083708897000000030e+08
1.224930657000000179e+08 1.537127470000000000e+08 1.673159300000000000e+07 4.778555800000000000e+07
1.013986446899999976e+08 1.595860850000000000e+08 1.839279900000000000e+07 3.379517067000000179e+07
8.064114802000001073e+07 1.244093420900000036e+08 2.452928000000000000e+07 1.815544186999999918e+06
1.110944826899999976e+08 1.082456985799999982e+08 2.047770800000000000e+07 3.248197209999999963e+06
1.059561497600000054e+08 1.559539570000000000e+08 1.810286100000000000e+07 3.263643260000000149e+07
1.042050284000000060e+08 9.810084357299999893e+07 1.987745900000000000e+07 2.056491252226000130e+08
1.151748337000000030e+08 1.601216470000000000e+08 1.713033600000000000e+07 4.631215779999999702e+07
8.492234015000000596e+07 1.579850690000000000e+08 2.065883300000000000e+07 2.759381660999999940e+07
1.164970055000000000e+08 1.679670730000000000e+08 1.685231100000000000e+07 6.307881000000000000e+07
1.146594607090000063e+08 1.260409215000000000e+08 1.878502700000000000e+07 1.590071321030000038e+07
1.222710423700000048e+08 1.037224066800000072e+08 1.986367600000000000e+07 2.619950919999999925e+06
9.617496907999999821e+07 1.084272457719999999e+08 2.204726800000000000e+07 1.482109324100000039e+07
1.065750253379999995e+08 1.222418515000000000e+08 1.977833000000000000e+07 1.167262846399999969e+07
7.926115829000002146e+07 1.249818222199999988e+08 2.500592400000000000e+07 1.454868245000000112e+06
1.249661832049999982e+08 9.568644832899999619e+07 1.928897300000000000e+07 4.927359049400000274e+07
1.321176725199999958e+08 9.091532120000000298e+07 1.793818100000000000e+07 1.211993279300000072e+08
9.468777137600001693e+07 1.053238669483000040e+08 2.147098400000000000e+07 1.357302968549000025e+08
8.741263078999999166e+07 1.123814183455999941e+08 2.284670900000000000e+07 8.041858415739999712e+07
9.262529790999999642e+07 1.731894630000000000e+08 1.890625300000000000e+07 3.976871221000000089e+07
6.764238939000000060e+07 1.455077114199999869e+08 2.767807000000000000e+07 5.131865673000000417e+06
9.485656099199999869e+07 1.292802292999999970e+08 2.064219800000000000e+07 1.321647287199999951e+07
1.065895030699999928e+08 1.722338800000000000e+08 1.744772600000000000e+07 6.420915500000000000e+07
1.042088605000000000e+08 1.136852237999999970e+08 2.070694300000000000e+07 5.331804859999999404e+06
8.508917798000000417e+07 1.443041801999999881e+08 2.130461000000000000e+07 1.938801532000000030e+07
9.394614284999999404e+07 1.129306289099999964e+08 2.224542900000000000e+07 1.579561020000000019e+06
9.226954379399999976e+07 1.816349460000000000e+08 1.854632500000000000e+07 6.705803900000000000e+07
9.686007673999999464e+07 1.779234320000000000e+08 1.814514700000000000e+07 6.590997000000000000e+07
8.539267161000001431e+07 1.150106213700000048e+08 2.348250400000000000e+07 2.517256423000000045e+07
1.258043767950000167e+08 9.418275734700000286e+07 1.894930300000000000e+07 7.094740476700000465e+07
1.313121729000000060e+08 8.827425069900000095e+07 1.784914700000000000e+07 1.533924682630000114e+08
5.983261029000000656e+07 1.939902379000000060e+08 3.000031400000000000e+07 2.483497339999999851e+07
9.499566669400000572e+07 1.219796522999999970e+08 2.117930400000000000e+07 8.171992043200000189e+06
8.071484219999998808e+07 1.427846025999999940e+08 2.257081400000000000e+07 1.535768189000000060e+07
1.205158669819999933e+08 9.602881938799999654e+07 1.932850000000000000e+07 6.725002792399999499e+07
9.688355885300000012e+07 1.034969623250000030e+08 2.102031000000000000e+07 1.553558462448000014e+08
1.025347662039999962e+08 9.938273142900000513e+07 2.005732100000000000e+07 1.981014908334000111e+08
8.967189877000001073e+07 1.309391925999999940e+08 2.129964800000000000e+07 1.320124991000000015e+07
1.107484507999999970e+08 1.703077180000000000e+08 1.718594300000000000e+07 6.367933300000000000e+07
1.076576392409999967e+08 9.594418768989999592e+07 1.953912900000000000e+07 1.991395211584999859e+08
1.138935885700000226e+08 9.901207156000000238e+07 1.976839200000000000e+07 6.264871221000000089e+07
1.284314680620000064e+08 9.417551551999999583e+07 1.883529400000000000e+07 6.749720084700000286e+07
1.072638470400000066e+08 1.123033929000000060e+08 2.049308900000000000e+07 5.144347989999999292e+06
1.274791307070000172e+08 8.837947484249000251e+07 1.797633400000000000e+07 1.808588083801099956e+08
1.177159137000000030e+08 1.605582340000000000e+08 1.686418400000000000e+07 5.573142200000000000e+07
1.347130040300000012e+08 9.368242920000000298e+07 1.687355000000000000e+07 1.934470430900000036e+08
6.239252358000000566e+07 1.611647635999999940e+08 3.132200600000000000e+07 4.158166273000000045e+06
9.232265550000000000e+07 1.381755833000000119e+08 2.044653400000000000e+07 1.798529897099999711e+07
1.273141793400000036e+08 9.405054604999999702e+07 1.867156900000000000e+07 7.927838035999999940e+07
1.079328856180000007e+08 1.004979263209999949e+08 2.048659700000000000e+07 6.031991837900000066e+07
1.231722555569999963e+08 1.188963195499999970e+08 1.790287900000000000e+07 5.188293596999999881e+07
1.319365958859000206e+08 8.708772799442999065e+07 1.770571600000000000e+07 1.783886677481600046e+08
1.229693271280000061e+08 9.769349536900000274e+07 1.975381800000000000e+07 2.665507056689999998e+07
9.125361943000000715e+07 1.821404990000000000e+08 1.864974500000000000e+07 6.686116100000000000e+07
5.809516321999999881e+07 2.668768341999999881e+08 4.607106600000000000e+07 2.030483389999999851e+07
1.211778032999999970e+08 1.577493830000000000e+08 1.680318300000000000e+07 4.575865850000000000e+07
7.096797301000000536e+07 1.373761915000000000e+08 2.799510700000000000e+07 8.062429639999999199e+05
8.776053299099999666e+07 1.148671664459999949e+08 2.349754000000000000e+07 4.142017643699999899e+06
1.087499206899999976e+08 1.392736480000000000e+08 1.858667000000000000e+07 2.276879894799999893e+07
8.540900972500000894e+07 1.187080396500000060e+08 2.344909000000000000e+07 1.965058909329999937e+06
1.258048058499999940e+08 9.219786220000000298e+07 1.778913100000000000e+07 1.728744739000000060e+08
7.489083009000000358e+07 1.995211440000000000e+08 2.200764400000000000e+07 5.084921729999999702e+07
9.034361967400002480e+07 1.786047950000000000e+08 1.905222300000000000e+07 4.260539586999999732e+07
1.002514086800000072e+08 1.754447190000000000e+08 1.789058500000000000e+07 6.378707700000000000e+07
5.994006788000000268e+07 1.813335130000000000e+08 3.067791900000000000e+07 1.636129838000000082e+07
7.186879103000001609e+07 1.354069656030000150e+08 2.752358200000000000e+07 1.016072138000000035e+06
1.289344903400000036e+08 1.291986882999999970e+08 1.662614300000000000e+07 9.530895709999999404e+07
1.200356143419999927e+08 9.076973653900000453e+07 1.847309900000000000e+07 1.864921017344299853e+08
8.892527481000000238e+07 1.413491003000000119e+08 2.081965800000000000e+07 1.840100460000000149e+07
8.890265276999998093e+07 1.832120660000000000e+08 1.895683800000000000e+07 6.444444200000000000e+07
7.046793771999998391e+07 1.439077369000000060e+08 2.621495200000000000e+07 8.010463040000000037e+06
6.118533219000000507e+07 1.731228535999999940e+08 2.913106500000000000e+07 1.618574800999999978e+07
1.019476494899999946e+08 1.024052443599999994e+08 2.036291400000000000e+07 1.041084435799999982e+08
1.022339345699999928e+08 1.734523080000000000e+08 1.774593500000000000e+07 6.390985300000000000e+07
5.835658559000000358e+07 2.592513755000000000e+08 4.646639500000000000e+07 1.497984074000000022e+07
8.809399555699998140e+07 1.127740344200000018e+08 2.288176500000000000e+07 3.042859732200000063e+07
8.917216932699999213e+07 1.263405955999999940e+08 2.175248700000000000e+07 9.137959809000000358e+06
1.217725070999999940e+08 1.547202840000000000e+08 1.687818100000000000e+07 4.004831779999999702e+07
8.726017168000000715e+07 1.662206750000000000e+08 1.982452600000000000e+07 3.452524035999999940e+07
1.180901630499999970e+08 9.713719975000000000e+07 1.803499100000000000e+07 2.027104084699999988e+08
1.142674402759999931e+08 9.489149688699999452e+07 1.864415800000000000e+07 1.995071507369999886e+08
8.367216315000000596e+07 1.343209810999999940e+08 2.230172600000000000e+07 1.201663010500000045e+07
