1.056134195100000054e+08 1.616708060000000000e+08 1.769626300000000000e+07 5.449351100000000000e+07
1.211891718100000024e+08 1.519954560000000000e+08 1.706357600000000000e+07 3.357620057000000030e+07
1.182494117199999988e+08 1.073898486299999952e+08 1.984746600000000000e+07 4.343413850000000559e+06
1.227708439599999934e+08 1.032748862999999970e+08 1.989002900000000000e+07 2.257817470000000205e+06
1.336058703499999940e+08 8.664232879999999702e+07 1.760710700000000000e+07 1.765748129539999962e+08
9.593311429000000656e+07 1.106767415000000000e+08 2.222704300000000000e+07 8.062429639999999199e+05
9.392116090000000596e+07 1.366488680000000000e+08 2.030198200000000000e+07 1.769062959100000188e+07
1.023954544000000060e+08 1.075737216539999992e+08 2.163593100000000000e+07 6.359324319999999134e+05
1.327908467800000161e+08 9.086971520000000298e+07 1.789947100000000000e+07 1.220425839500000030e+08
1.098347952900000066e+08 1.164270934000000060e+08 1.989066800000000000e+07 8.481465500000000000e+06
1.258557826130000055e+08 8.887690272550000250e+07 1.807727700000000000e+07 1.824439454307900071e+08
1.078918601640000045e+08 1.048301642750000060e+08 2.129106100000000000e+07 1.090459364800000098e+06
1.232405565900000036e+08 9.809733526579999924e+07 1.987998600000000000e+07 1.939533894000000134e+07
1.211447594200000018e+08 1.110999535000000000e+08 1.927913500000000000e+07 7.448436330000000075e+06
1.318467337600000054e+08 9.169478070000000298e+07 1.806202600000000000e+07 1.108955463199999928e+08
1.350696345099999905e+08 8.992257529999999702e+07 1.734512700000000000e+07 1.575320510000000000e+08
1.189961348799999952e+08 9.665500639000000060e+07 1.798075400000000000e+07 2.017168298000000119e+08
1.181161323299999982e+08 1.019963420479999930e+08 2.046499100000000000e+07 6.175494890000000596e+05
1.145625668930000067e+08 1.349226740000000000e+08 1.828203100000000000e+07 2.161082318800000101e+07
1.229386034000000060e+08 1.520476900000000000e+08 1.678632000000000000e+07 4.355164450000000000e+07
1.233433035499999821e+08 9.951404965999999642e+07 1.986942800000000000e+07 1.355261881000000052e+07
1.102450134300000072e+08 1.043058941169999987e+08 2.107462300000000000e+07 4.075834720000000088e+05
1.075270032900000066e+08 1.593213240000000000e+08 1.784027100000000000e+07 3.568575310999999940e+07
1.223550768000000417e+08 1.285561680000000000e+08 1.802549500000000000e+07 1.907655769999999925e+07
1.230153883399999589e+08 1.136609334000000060e+08 1.868617100000000000e+07 2.291704969999999925e+07
9.399043725000000000e+07 1.114476336389999986e+08 2.262103700000000000e+07 4.466062189999999828e+05
1.073557310579999983e+08 1.221416160999999940e+08 1.970608100000000000e+07 1.180847336400000006e+07
1.238905400799999982e+08 1.386447290000000000e+08 1.730572800000000000e+07 3.136591389999999851e+07
1.119386147199999988e+08 1.508924520000000000e+08 1.775820800000000000e+07 3.137914301000000164e+07
1.330700938900000155e+08 9.472500959000000358e+07 1.741471100000000000e+07 1.360345547700000107e+08
1.309848867399999946e+08 9.116902259999999404e+07 1.801132200000000000e+07 1.192547209500000030e+08
1.132737255000000000e+08 1.374386054000000060e+08 1.764849300000000000e+07 7.198959820000000298e+07
1.367160446500000060e+08 9.375931259999999404e+07 1.685268100000000000e+07 1.745151778700000048e+08
7.305864910999998450e+07 1.336971281840000004e+08 2.726487500000000000e+07 8.146530130000000354e+05
1.189398289150000066e+08 9.114746704090000689e+07 1.855667900000000000e+07 1.865283198633399904e+08
1.118330144599999934e+08 1.080342708100000024e+08 2.041410200000000000e+07 3.347867299999999814e+06
9.345642258799999952e+07 1.210355640999999940e+08 2.154247700000000000e+07 6.576449982000000775e+06
1.033662684880000055e+08 1.305733005999999940e+08 1.961312900000000000e+07 1.580084635799999908e+07
1.230775301000000238e+08 1.081242800000000000e+08 1.903819200000000000e+07 2.201601700000000000e+07
8.307869564999999106e+07 1.205863000400000066e+08 2.412755300000000000e+07 1.337616200999999885e+06
1.349036665000000000e+08 9.359044829999999702e+07 1.687190400000000000e+07 1.902919581800000072e+08
7.499583120999999344e+07 1.316895992779999971e+08 2.702663200000000000e+07 4.077791780000000144e+05
1.002225597039999962e+08 1.071781059969999939e+08 2.189414000000000000e+07 4.957776209999999963e+06
1.266738406120000035e+08 9.580908272200000286e+07 1.920580600000000000e+07 4.727632884899999946e+07
1.220845694800000042e+08 9.406261421999999881e+07 1.788425100000000000e+07 1.964579662129999995e+08
1.246208544960000217e+08 9.741727777199999988e+07 1.961859600000000000e+07 2.789743801440000162e+07
9.336443765000000596e+07 1.664838340000000000e+08 1.898579700000000000e+07 3.634713187000000477e+07
1.223287394200000018e+08 1.416367130000000000e+08 1.735947300000000000e+07 2.744464551700000092e+07
1.090614364350000024e+08 1.314395110999999940e+08 1.895455700000000000e+07 1.822734270100000128e+07
1.202621234860000163e+08 1.008603362960000038e+08 2.044994700000000000e+07 2.728681766000000061e+05
1.309279749500000179e+08 9.605532084999999404e+07 1.778704600000000000e+07 1.119788133199999928e+08
9.100724347699999809e+07 1.208313542000000030e+08 2.190214800000000000e+07 6.028522752500000410e+06
1.231731865300000161e+08 1.172730650999999940e+08 1.866216700000000000e+07 1.421932700000000000e+07
1.267628183299999982e+08 9.433152208900000155e+07 1.894557800000000000e+07 6.581514699000000209e+07
1.114943627600000054e+08 1.013102157600000054e+08 1.845947500000000000e+07 2.125080730300000012e+08
9.801727687000000477e+07 1.622974160000000000e+08 1.863345300000000000e+07 3.461026602000000328e+07
1.250416114000000209e+08 1.468256950000000000e+08 1.684524800000000000e+07 4.051039800000000000e+07
1.047862833700000048e+08 1.669344960000000000e+08 1.779552800000000000e+07 4.565613589999999851e+07
8.710640184000000358e+07 1.843268380000000000e+08 1.925145000000000000e+07 6.154641300000000000e+07
9.608799204999999702e+07 1.159544848100000024e+08 2.154892400000000000e+07 4.471411480000000447e+06
1.248903982999999970e+08 1.385134568000000119e+08 1.661106700000000000e+07 1.055826405000000000e+08
8.556561357999999821e+07 1.179989040770000070e+08 2.381689900000000000e+07 7.813372169999999460e+05
1.059892540199999958e+08 1.043822369870000035e+08 2.124238700000000000e+07 1.064923547699999996e+07
1.069304788299999833e+08 1.080033503400000036e+08 2.096447400000000000e+07 2.089013989999999991e+06
1.090352690129999965e+08 9.523806057989999652e+07 1.939599400000000000e+07 1.989563802680999935e+08
6.455468545700000226e+07 1.496564926699999869e+08 2.938421600000000000e+07 3.161697558999999892e+06
1.126539367210000008e+08 9.357222743230000138e+07 1.905501800000000000e+07 1.938235022596000135e+08
1.357387413199999928e+08 8.717931440999999642e+07 1.747772500000000000e+07 1.627082094399999976e+08
1.238618677999999821e+08 1.491206550000000000e+08 1.684899400000000000e+07 3.982986079999999702e+07
9.264282659999999404e+07 1.569810950000000000e+08 1.941425600000000000e+07 3.083045819000000134e+07
9.357912839000000060e+07 1.148032836299999952e+08 2.206765700000000000e+07 2.821783129999999888e+06
7.708684628000000119e+07 1.277862683920000046e+08 2.578005900000000000e+07 1.070061547000000020e+06
9.894750446999999881e+07 1.126987467399999946e+08 2.155605200000000000e+07 2.584963910000000149e+06
6.030789703999999911e+07 2.430654448799999952e+08 4.700078000000000000e+07 5.082680057000000030e+06
6.248524097999999672e+07 2.370535791599999964e+08 4.710882400000000000e+07 1.753881492000000086e+06
1.003070199200000018e+08 1.196997517999999970e+08 2.072019800000000000e+07 7.815934023299999535e+06
1.135057505499999821e+08 1.409141556999999881e+08 1.730616500000000000e+07 1.045652715000000000e+08
1.210351820000000000e+08 1.649262230000000000e+08 1.661307600000000000e+07 6.179098000000000000e+07
6.684285063000000268e+07 1.452673884220000207e+08 2.945802100000000000e+07 1.001163940999999992e+06
6.172812109000000358e+07 1.643754307800000012e+08 3.125745100000000000e+07 5.760373721999999136e+06
1.216720236700000167e+08 9.033135965000000596e+07 1.840449500000000000e+07 1.769353468409999907e+08
1.197797058860000074e+08 1.340355170000000000e+08 1.790719100000000000e+07 2.216070821999999881e+07
1.147959696800000072e+08 1.424776670000000000e+08 1.788259200000000000e+07 2.660482192900000140e+07
8.142478840999999642e+07 1.222058374870000035e+08 2.484069900000000000e+07 7.666380359999999637e+05
1.312934396319999993e+08 9.058855725000000000e+07 1.814172700000000000e+07 1.136950536069999933e+08
9.183615889000000060e+07 1.820422770000000000e+08 1.858826800000000000e+07 6.714809900000000000e+07
9.725305018999999762e+07 1.547004819000000060e+08 1.841504800000000000e+07 1.196973340999999940e+08
7.919782237000000477e+07 1.255357756400000006e+08 2.570679000000000000e+07 4.185545370000000112e+05
1.231339314549999982e+08 9.707617398700000346e+07 1.956415700000000000e+07 3.665945598300000280e+07
1.028303420900000036e+08 1.112758581200000048e+08 2.109615900000000000e+07 3.424016549999999814e+06
1.164006622349999845e+08 1.230672032000000030e+08 1.881626000000000000e+07 1.447138278070000000e+07
9.322493759000000358e+07 1.806250060000000000e+08 1.845790900000000000e+07 6.625756100000000000e+07
9.117500559999999404e+07 1.579323670999999940e+08 1.915217000000000000e+07 1.040086379000000060e+08
1.358238181700000167e+08 9.681100690000000596e+07 1.670901100000000000e+07 1.794096374000000060e+08
9.689679695999999344e+07 1.374289819000000060e+08 1.987193900000000000e+07 1.915713785300000012e+07
1.092760657000000030e+08 1.650532880000000000e+08 1.746443300000000000e+07 4.768748679999999702e+07
1.014766563400000036e+08 1.521751740000000000e+08 1.863857300000000000e+07 2.970694662500000000e+07
9.661840779999999702e+07 1.533585640000000000e+08 1.913212200000000000e+07 2.868389775000000000e+07
6.881219010999999940e+07 1.424736669480000138e+08 2.892503900000000000e+07 6.896869080000000540e+05
1.293213843100000024e+08 9.435828650000000000e+07 1.844301400000000000e+07 8.412989260999999940e+07
8.772700407999998331e+07 1.159930011889999956e+08 2.345796400000000000e+07 6.257158649999999907e+05
1.330456402800000012e+08 9.416184034999999404e+07 1.736828900000000000e+07 1.421839394499999881e+08
1.167282055190000236e+08 1.252299597999999970e+08 1.865918500000000000e+07 1.581609877539999969e+07
8.982556581999999285e+07 1.147906315929999948e+08 2.288079700000000000e+07 1.183738068000000203e+06
1.289518715100000203e+08 9.894178420000000298e+07 1.700938700000000000e+07 2.069236523000000119e+08
1.005460508599999994e+08 1.713671600000000000e+08 1.790401200000000000e+07 6.242757400000000000e+07
