1.283387868959999979e+08 9.410383922699999809e+07 1.884291800000000000e+07 6.765525916899999976e+07
1.177099320999999940e+08 1.084657187000000030e+08 1.979865600000000000e+07 4.962737080000000075e+06
8.770110146000002325e+07 1.163007576519999951e+08 2.342281400000000000e+07 6.444971629999999423e+05
1.203410179000000060e+08 1.166901684000000060e+08 1.892796400000000000e+07 1.090106700000000000e+07
1.075142064000000060e+08 9.749693490999999642e+07 1.968868900000000000e+07 1.419515246489999890e+08
1.032172701599999964e+08 1.593237310000000000e+08 1.805078600000000000e+07 4.439491560000000149e+07
1.164789014290000051e+08 1.236575605999999940e+08 1.877445000000000000e+07 1.481203726029999927e+07
1.186048884810000062e+08 1.013486778630000055e+08 2.058240400000000000e+07 2.375442791000000143e+05
1.363883323199999928e+08 9.466424020000000298e+07 1.679060700000000000e+07 1.779332330600000024e+08
1.128448105900000036e+08 9.786100903700000048e+07 1.981160500000000000e+07 7.751635430200000107e+07
1.192520051899999976e+08 1.426023230000000000e+08 1.756916500000000000e+07 2.702627143900000304e+07
1.201311249229999930e+08 1.008794441759999990e+08 2.046787700000000000e+07 2.684940803999999771e+05
1.225121725999999940e+08 1.182482735999999940e+08 1.868724700000000000e+07 1.216786940000000037e+07
1.064090358050000072e+08 9.662214456389999390e+07 1.967645800000000000e+07 2.016682845422999859e+08
1.021065402179999948e+08 9.945612564300000668e+07 2.022812000000000000e+07 1.985567763039999902e+08
6.985475520300000906e+07 1.358090818910000026e+08 2.790760800000000000e+07 1.832154042430000007e+07
6.603258808899998665e+07 1.430408714280000031e+08 2.931378000000000000e+07 2.966977263529999927e+07
8.335442904999999702e+07 1.207499310230000019e+08 2.443675400000000000e+07 5.523989700000000885e+05
1.011866537699999958e+08 1.621792840000000000e+08 1.831168300000000000e+07 3.570055129999999702e+07
1.309174360000000000e+08 8.965978030699999630e+07 1.810850300000000000e+07 1.256061170049999952e+08
8.156680382999999821e+07 1.187033706599999964e+08 2.438379300000000000e+07 2.872209643600000069e+07
1.031535340489999950e+08 1.174772450999999940e+08 2.049611700000000000e+07 7.734349884800000116e+06
1.114092545199999958e+08 1.290090764000000060e+08 1.886470800000000000e+07 1.780508037999999896e+07
9.978799048600000143e+07 1.084318135970000029e+08 2.204306300000000000e+07 3.027711599000000278e+05
1.226921707999999970e+08 1.103714594000000060e+08 1.925718900000000000e+07 7.079571400000000373e+06
8.956110756000001729e+07 1.151454041099999994e+08 2.287736700000000000e+07 1.333846834000000032e+06
7.656042844999998808e+07 1.337174019800000042e+08 2.471821600000000000e+07 5.989435795999999158e+06
1.245092262900000066e+08 9.080923139900000393e+07 1.838031700000000000e+07 1.429131124359999895e+08
1.184362408080000430e+08 1.261577472999999970e+08 1.846138700000000000e+07 1.675836479010000080e+07
6.780870803299999237e+07 1.426991066200000048e+08 2.802583600000000000e+07 3.403766822999999858e+06
1.114640589235000014e+08 9.589273808339999616e+07 1.911943600000000000e+07 1.612593780663900077e+08
9.403336756000000238e+07 1.575176850000000000e+08 1.923104400000000000e+07 3.103681767000000179e+07
1.190402510670000017e+08 1.015292874420000017e+08 2.046362900000000000e+07 3.342202544999999809e+05
1.242540468100000024e+08 9.984904879999999702e+07 1.986865700000000000e+07 1.098333391999999993e+07
1.288820264979999959e+08 9.297510918799999356e+07 1.864217900000000000e+07 8.139609756599999964e+07
1.133286927440000176e+08 9.733429076199999452e+07 1.862304400000000000e+07 1.811125093199999928e+08
1.230026447199999988e+08 1.032428691599999964e+08 1.987835700000000000e+07 2.308487189999999944e+06
1.017145095100000054e+08 1.079641965429999977e+08 2.167857200000000000e+07 6.681270629999999655e+05
9.339673573999999464e+07 1.118663311800000072e+08 2.263958600000000000e+07 5.130571439999999711e+05
1.208292845326000005e+08 9.055818415221999586e+07 1.840789600000000000e+07 1.836149840124700069e+08
5.828259292999999970e+07 2.606880445000000000e+08 4.639952400000000000e+07 1.594781264000000060e+07
1.030702994449999928e+08 1.041758713050000072e+08 2.114095700000000000e+07 3.212389036499999836e+07
9.432471337999999523e+07 1.567448035999999940e+08 1.870650500000000000e+07 1.208946830000000000e+08
1.095570877699999958e+08 1.319615722000000030e+08 1.815330700000000000e+07 7.426826232999999821e+07
1.231333780649999976e+08 9.693972436200000346e+07 1.965224400000000000e+07 3.526214701780000329e+07
7.267835933220000565e+07 1.304078585679199994e+08 2.686865900000000000e+07 3.386771773274999857e+07
7.515727627759999037e+07 1.266410170754899979e+08 2.609159700000000000e+07 3.507225328277000040e+07
1.211712752999999970e+08 1.632216150000000000e+08 1.661273000000000000e+07 6.125426500000000000e+07
1.116558270900000036e+08 1.395509820000000000e+08 1.831786500000000000e+07 2.356879058799999952e+07
8.542917263999998569e+07 1.182175097960000038e+08 2.410862600000000000e+07 4.539436589999999851e+05
9.403398292000000179e+07 1.342075740000000000e+08 2.043905100000000000e+07 1.608485930700000003e+07
1.223203872099999934e+08 1.407507593000000119e+08 1.673298300000000000e+07 1.080343710000000000e+08
1.100519497000000030e+08 1.706286360000000000e+08 1.722837700000000000e+07 6.378197100000000000e+07
9.911628273999999464e+07 1.247285349000000060e+08 2.043276100000000000e+07 1.127953675100000016e+07
1.250448009699999988e+08 1.378392961999999881e+08 1.661130500000000000e+07 1.046271095000000000e+08
1.293908633519999534e+08 9.158985818999999762e+07 1.743507400000000000e+07 1.904322061949999928e+08
1.353135678199999928e+08 8.699705990999999642e+07 1.742040800000000000e+07 1.723460577599999905e+08
1.271474009800000042e+08 1.314457499000000060e+08 1.664122300000000000e+07 9.569568000000000000e+07
1.270413733059999943e+08 9.556825688199999928e+07 1.915516100000000000e+07 4.982440449700000137e+07
6.609035378000003099e+07 1.464565090199999809e+08 2.852697900000000000e+07 4.006875044000000227e+06
9.862420721999999881e+07 1.429350330000000000e+08 1.941244800000000000e+07 2.259445807699999958e+07
7.232343622000001371e+07 1.508864977199999988e+08 2.476487900000000000e+07 2.482762291000000015e+07
1.367644538700000048e+08 8.707344745999999344e+07 1.746241400000000000e+07 1.615290634300000072e+08
1.350403533899999857e+08 8.930755529999999702e+07 1.728606500000000000e+07 1.666684669000000060e+08
1.358341021980000138e+08 8.732307190000000596e+07 1.760796200000000000e+07 1.527562409639999866e+08
1.072648928599999994e+08 1.502332700000000000e+08 1.817805100000000000e+07 2.984562669299999997e+07
7.541413648999999464e+07 1.978443880000000000e+08 2.186898700000000000e+07 4.802257300000000000e+07
1.178444879399999976e+08 9.160799155529999733e+07 1.860710100000000000e+07 1.903252397048999965e+08
1.316194930100000054e+08 8.719785129140000045e+07 1.771496700000000000e+07 1.794835644258899987e+08
6.942112413000001013e+07 1.394233968800000548e+08 2.814956300000000000e+07 1.433882347999999998e+06
1.243919255960000008e+08 9.761935920999999344e+07 1.960908900000000000e+07 2.789672362700000033e+07
1.231634735499999821e+08 1.363527350000000000e+08 1.746354400000000000e+07 2.918035110000000149e+07
1.084134006110000163e+08 1.046564503819999993e+08 2.106294900000000000e+07 4.840064999300000258e+06
1.153256510789999962e+08 9.874431749400000274e+07 2.009687500000000000e+07 4.472432055799999833e+07
1.206710993900000006e+08 1.057929527199999988e+08 1.977846100000000000e+07 3.753033339999999851e+06
1.324518201700000018e+08 9.060941084000000358e+07 1.808023800000000000e+07 1.140371351800000072e+08
1.357753240300000310e+08 9.405371420000000298e+07 1.683305400000000000e+07 1.803924153199999928e+08
7.867621613699999452e+07 1.221719823348000050e+08 2.493510300000000000e+07 4.852510049899999797e+07
9.535940232000002265e+07 1.112085043579999954e+08 2.228505800000000000e+07 7.071668009999999776e+05
1.036713398499999940e+08 1.592505450000000000e+08 1.819416500000000000e+07 3.412753303999999911e+07
9.335892433599999547e+07 1.173317680100000054e+08 2.184771900000000000e+07 4.412373811499999836e+06
1.102414701299999952e+08 1.024818992000000030e+08 1.913632000000000000e+07 1.203395455999999940e+08
6.426004399700000137e+07 1.500441713499999940e+08 2.936621100000000000e+07 3.643892856999999844e+06
6.042823454999999702e+07 2.423024380800000131e+08 4.701066500000000000e+07 4.791097708999999799e+06
9.630663594000004232e+07 1.695143110000000000e+08 1.860176200000000000e+07 3.856260229999999702e+07
6.251167634000000358e+07 1.607522421500000060e+08 3.133110900000000000e+07 3.923973422999999952e+06
1.089445843599999994e+08 1.102446304699999988e+08 2.049537500000000000e+07 4.252833000000000000e+06
9.113054926999999583e+07 1.821798170000000000e+08 1.866337000000000000e+07 6.679528000000000000e+07
9.361724268400004506e+07 1.210426147000000030e+08 2.151670400000000000e+07 6.638259661500000395e+06
1.237649174000000060e+08 1.460876130000000000e+08 1.687172000000000000e+07 4.395414879999999702e+07
1.225650131200000048e+08 9.599770209999999404e+07 1.804433600000000000e+07 1.474702976999999881e+08
1.232105430999999791e+08 1.514647560000000000e+08 1.676677700000000000e+07 4.455705800000000000e+07
8.580168306199999154e+07 1.140371660973999947e+08 2.320227800000000000e+07 6.888984094959999621e+07
1.055574740400000066e+08 1.401978424000000060e+08 1.878329500000000000e+07 2.351764166000000015e+07
6.252814589000000805e+07 1.969742925000000000e+08 2.674189800000000000e+07 3.449106389999999851e+07
1.143411765699999928e+08 1.012824107000000030e+08 1.881667000000000000e+07 1.172197975999999940e+08
1.250346620980000198e+08 9.124458738600000739e+07 1.785626600000000000e+07 1.896813057039999962e+08
1.255019214899999946e+08 1.235996267000000030e+08 1.731111200000000000e+07 6.771023939000000060e+07
1.023699386270000041e+08 1.031525051410000026e+08 2.099028200000000000e+07 5.528190850299999863e+07
1.237553143599999845e+08 1.020603627999999970e+08 1.727969100000000000e+07 2.149745631999999881e+08
1.091064838299999982e+08 1.473703726999999881e+08 1.751378300000000000e+07 1.134996290999999940e+08
1.178582591400000006e+08 1.009256800999999940e+08 1.782290700000000000e+07 2.109185970300000012e+08
9.999507771099999547e+07 1.202072772999999970e+08 2.065601000000000000e+07 8.602591539299998432e+06
1.105105057220000029e+08 9.452423377079999447e+07 1.925073300000000000e+07 1.967903938761000037e+08
1.169045159000000060e+08 1.677959970000000000e+08 1.682976900000000000e+07 6.302437400000000000e+07
1.095794024300000072e+08 1.036568130000000000e+08 1.854871300000000000e+07 2.173480426500000060e+08
1.041798222500000000e+08 1.628530870000000000e+08 1.800636500000000000e+07 3.784267700000000000e+07
9.450946596999999881e+07 1.797580150000000000e+08 1.834249600000000000e+07 6.652464600000000000e+07
8.943607553999999166e+07 1.551303501999999881e+08 1.956198700000000000e+07 9.292906862999999523e+07
8.621660422999998927e+07 1.854682050000000000e+08 1.941159700000000000e+07 6.103990600000000000e+07
9.315205491799999774e+07 1.070776848296999931e+08 2.161835400000000000e+07 1.057552776330000013e+08
7.908221896999998391e+07 1.249104838159999996e+08 2.529225400000000000e+07 9.928814470000000438e+05
9.207490601000000536e+07 1.493578334000000060e+08 1.931720000000000000e+07 9.309671690999999642e+07
7.296667542000000179e+07 1.350600756399999857e+08 2.769086300000000000e+07 4.185545370000000112e+05
1.090563650199999958e+08 9.909783502899999917e+07 2.014783300000000000e+07 8.026949285799999535e+07
1.321428115400000215e+08 8.723741330500000715e+07 1.775382000000000000e+07 1.680075595160000026e+08
1.033795355999999940e+08 1.119139871099999994e+08 2.096723200000000000e+07 3.959390729999999981e+06
6.322579185000000149e+07 2.030307580000000000e+08 2.622573800000000000e+07 3.893717010000000149e+07
1.144154786309999973e+08 9.284670102030000091e+07 1.890649600000000000e+07 1.919986192294999957e+08
6.172340317000000179e+07 1.635573328000000119e+08 3.007821500000000000e+07 8.677179349999999627e+06
1.228933789000000060e+08 1.279902797999999970e+08 1.803372100000000000e+07 1.878861650000000000e+07
7.712658243999999762e+07 1.285116033710000068e+08 2.638013700000000000e+07 3.916034209999999730e+05
1.274916956400000006e+08 8.842108945000000298e+07 1.799808800000000000e+07 1.766217747389999926e+08
9.935854287000000477e+07 1.762331400000000000e+08 1.795083200000000000e+07 6.539897100000000000e+07
8.751436462000001967e+07 1.264569109000000060e+08 2.205946300000000000e+07 8.556956466000000015e+06
1.262037572380000055e+08 9.342696709900000691e+07 1.888666500000000000e+07 7.891938284999999404e+07
8.952218788000001013e+07 1.828570270000000000e+08 1.886657600000000000e+07 6.535790700000000000e+07
7.510638923000001907e+07 1.301283638799999952e+08 2.618611200000000000e+07 1.539240678000000073e+06
7.562176632700000703e+07 1.312139242800000012e+08 2.539529900000000000e+07 3.644065433999999892e+06
1.070897009000000060e+08 1.377460825000000000e+08 1.876165400000000000e+07 2.252808769000000134e+07
