1.229908035000000000e+08 1.520590070000000000e+08 1.676806000000000000e+07 4.463749800000000000e+07
1.074153504599999934e+08 1.549203320000000000e+08 1.799124100000000000e+07 3.273130646999999881e+07
1.102734630799999982e+08 1.042615907549999952e+08 2.107697200000000000e+07 4.310327100000000210e+05
1.334961389599999934e+08 9.722671279999999702e+07 1.729513000000000000e+07 1.339487762099999934e+08
8.834001693200001121e+07 1.487279411999999881e+08 2.046071300000000000e+07 2.339858196000000089e+07
1.031035885370000005e+08 1.191021285999999940e+08 2.038375000000000000e+07 8.663631824999999255e+06
9.968297795999999344e+07 1.077472813700000048e+08 2.198779800000000000e+07 2.941818830000000075e+06
1.357364381599999964e+08 8.638606632999999821e+07 1.747637900000000000e+07 1.710594981579999924e+08
1.227006614000000209e+08 1.275394959000000060e+08 1.807218300000000000e+07 1.840155430000000075e+07
1.273529392600000054e+08 1.316585679000000060e+08 1.661615800000000000e+07 9.731574479999999702e+07
1.208882717000000179e+08 1.146699377000000030e+08 1.902187300000000000e+07 9.837281400000000373e+06
1.328053205499999821e+08 8.729387240000000596e+07 1.762973100000000000e+07 1.704198953799999952e+08
9.126529915500000119e+07 1.170828192399999946e+08 2.222914800000000000e+07 3.525023793000000063e+06
1.211743082999999970e+08 1.597019670000000000e+08 1.669564400000000000e+07 5.338981700000000000e+07
1.357138700170000196e+08 8.681905970499999821e+07 1.755828000000000000e+07 1.600798299259999990e+08
1.261456903059999943e+08 9.595907335799999535e+07 1.924832400000000000e+07 4.580286443500000238e+07
9.553690768999999762e+07 1.109115544889999926e+08 2.229148600000000000e+07 6.590243279999999795e+05
1.206461343680000007e+08 1.007514084710000008e+08 2.042433700000000000e+07 2.648841676999999909e+05
1.110851417999999970e+08 1.081354332300000042e+08 2.048063300000000000e+07 3.260435459999999963e+06
1.228358597099999934e+08 1.164330077999999970e+08 1.855682300000000000e+07 2.207371160000000149e+07
9.583059654000000656e+07 1.511297780000000000e+08 1.929231000000000000e+07 2.749625917000000179e+07
8.161597015000000596e+07 1.855577650000000000e+08 2.047379200000000000e+07 4.334075000000000000e+07
1.246554574000000060e+08 1.483614270000000000e+08 1.675922400000000000e+07 4.467976639999999851e+07
9.395595860999999940e+07 1.115564258100000024e+08 2.263755700000000000e+07 3.760027229999999981e+05
1.280774318700000346e+08 1.249891960999999940e+08 1.698933600000000000e+07 7.876843570000000298e+07
9.800648420700000226e+07 1.274304575999999940e+08 2.037164600000000000e+07 1.282397833799999952e+07
7.298352423900003731e+07 1.307842181154900044e+08 2.695386000000000000e+07 1.455117136793000065e+07
9.104422165000000596e+07 1.116756401459999979e+08 2.283771600000000000e+07 8.748686519999999553e+06
9.534186558759999275e+07 1.049137570045000017e+08 2.138741000000000000e+07 1.214582691429399997e+08
1.314743676899999976e+08 9.004573620000000298e+07 1.804164300000000000e+07 1.223122431899999976e+08
1.168200724919999987e+08 9.206505210609999299e+07 1.866661300000000000e+07 1.923494411121999919e+08
1.226000034300000072e+08 1.331345742000000030e+08 1.689747600000000000e+07 9.515081679999999702e+07
9.928008359999999404e+07 1.534082378000000119e+08 1.823558500000000000e+07 1.188484942000000030e+08
1.179962733499999940e+08 1.373884330000000000e+08 1.787049800000000000e+07 2.405825427100000158e+07
1.263139755900000036e+08 1.169320772000000030e+08 1.779334600000000000e+07 5.394486442000000179e+07
1.227080089669999927e+08 1.398127330000000000e+08 1.745526600000000000e+07 2.583078601599999890e+07
1.233103478900000006e+08 1.030459204800000042e+08 1.988323300000000000e+07 2.233748919999999925e+06
1.136377539000000060e+08 1.325464069000000060e+08 1.769958900000000000e+07 8.279229954999999702e+07
9.442209956800000370e+07 1.183717039800000042e+08 2.155762500000000000e+07 5.700707272200000472e+06
8.519430262999999523e+07 1.254628187900000066e+08 2.266349600000000000e+07 6.794652082999999635e+06
1.124422372610000074e+08 1.211044675000000000e+08 1.935077900000000000e+07 1.171327956900000013e+07
1.231813290280000418e+08 9.746006536900000274e+07 1.972708000000000000e+07 2.843958056689999998e+07
1.187578567999999970e+08 1.670318100000000000e+08 1.672850300000000000e+07 6.279401500000000000e+07
1.214964624300000072e+08 9.059947948000000417e+07 1.836338300000000000e+07 1.764986809900000095e+08
1.018476463499999940e+08 1.081103758519999981e+08 2.165319000000000000e+07 6.592996130000000121e+05
1.077865950999999940e+08 1.046491451299999952e+08 2.134909300000000000e+07 1.559754844000000041e+06
1.108153639360000044e+08 9.438359323450000584e+07 1.922168500000000000e+07 1.962030167105999887e+08
9.960197076899999380e+07 1.013639784179999977e+08 2.055367900000000000e+07 1.765390106173000038e+08
5.983282022000000626e+07 1.923058949000000060e+08 3.006696900000000000e+07 2.364513939999999851e+07
1.317000858299999982e+08 9.371189929999999702e+07 1.797981000000000000e+07 1.072477999000000060e+08
1.026889996369999945e+08 9.902379870200000703e+07 2.016768500000000000e+07 2.029844278817000091e+08
1.044388118499999940e+08 1.023526638499999940e+08 2.056467900000000000e+07 6.239501093599999696e+07
8.283391552000001073e+07 1.217477704930000007e+08 2.438197700000000000e+07 8.454373030000000726e+05
1.223572608499999940e+08 1.101807782999999970e+08 1.928424700000000000e+07 6.972342000000000000e+06
1.202581944399999976e+08 1.054120123199999928e+08 1.984981500000000000e+07 3.451123399999999907e+06
7.490824684000000358e+07 1.315244601920000017e+08 2.632865600000000000e+07 1.271329307000000030e+06
7.569286956999999285e+07 1.984323410000000000e+08 2.178421800000000000e+07 5.151067329999999702e+07
7.909958117999999225e+07 1.941140190000000000e+08 2.091542000000000000e+07 5.552623900000000000e+07
8.758524087000000477e+07 1.147487113700000048e+08 2.349378000000000000e+07 5.321113930000000633e+06
8.785807892099998891e+07 1.119284550185000002e+08 2.275249800000000000e+07 8.366506904279999435e+07
6.737036056000000238e+07 1.478559955300000012e+08 2.748333700000000000e+07 6.748559407999999821e+06
7.644475457999999821e+07 1.283204316720000058e+08 2.608606400000000000e+07 1.001343234000000055e+06
6.054413263000000268e+07 2.420740004799999893e+08 4.702004900000000000e+07 4.525895376000000164e+06
1.183893133599999994e+08 9.134350429140000045e+07 1.859759600000000000e+07 1.871178444258899987e+08
1.326801838630000055e+08 8.875903271600000560e+07 1.741565000000000000e+07 1.835793870169999897e+08
1.344701701700000167e+08 8.899887629999999702e+07 1.742638900000000000e+07 1.594876244000000060e+08
9.190492880900000036e+07 1.082000537231000066e+08 2.181901000000000000e+07 1.054782843948999941e+08
6.269224250500001013e+07 1.718673725999999940e+08 2.786788400000000000e+07 1.824453797000000253e+07
1.141332870610000044e+08 9.300281039910000563e+07 1.893172400000000000e+07 1.889132496390300095e+08
1.107033216949999928e+08 9.509722753200000525e+07 1.918831500000000000e+07 1.795688626967000067e+08
7.341175853830000758e+07 1.292466581614699960e+08 2.663429900000000000e+07 3.448754158303999901e+07
9.582718240000000596e+07 1.330252550999999940e+08 2.027607100000000000e+07 1.586746904600000009e+07
1.137199070939999968e+08 9.983447464399999380e+07 2.027066200000000000e+07 3.660220778700000048e+07
8.928447110999998450e+07 1.153532623299999982e+08 2.289365100000000000e+07 1.511875328999999911e+06
1.204516685980000049e+08 1.200708280999999940e+08 1.867663400000000000e+07 1.336386728600000031e+07
1.013521608799999952e+08 1.731683110000000000e+08 1.781371100000000000e+07 6.438822700000000000e+07
7.906360689000000060e+07 1.251077368799999952e+08 2.507232900000000000e+07 1.433882347999999998e+06
1.361133439000000060e+08 9.723140750000000000e+07 1.672915200000000000e+07 1.730089995000000000e+08
9.588859856999999285e+07 1.774660160000000000e+08 1.822703200000000000e+07 6.583786800000000000e+07
9.971481579000000656e+07 1.160099090999999940e+08 2.104645300000000000e+07 5.634942899999999441e+06
8.751784155999998748e+07 1.843197410000000000e+08 1.929004000000000000e+07 4.725411639999999851e+07
1.247180069399999827e+08 1.391965160999999940e+08 1.661216800000000000e+07 1.065173815000000000e+08
1.340587413599999994e+08 9.321859895999999344e+07 1.732437800000000000e+07 1.460235118799999952e+08
6.217367690300000459e+07 1.608629316699999869e+08 3.064206100000000000e+07 5.804115760999999940e+06
5.836837714000000060e+07 2.590445801999999881e+08 4.647677400000000000e+07 1.484204519999999925e+07
1.323935962199999988e+08 9.041108318999999762e+07 1.803869500000000000e+07 1.173989848700000048e+08
1.163990042900000066e+08 1.561215080000000000e+08 1.726361400000000000e+07 3.585889807000000030e+07
6.410523292999999970e+07 2.088421400000000000e+08 2.572907700000000000e+07 4.301883300000000000e+07
7.065868962499998510e+07 1.370450662300000191e+08 2.750270000000000000e+07 1.871874985000000102e+06
1.127287779699999988e+08 9.688246392499999702e+07 1.953399700000000000e+07 1.019569491930000037e+08
1.073444801700000167e+08 1.687655400000000000e+08 1.742516700000000000e+07 6.134108400000000000e+07
1.045839494899999946e+08 1.491761230000000000e+08 1.849753800000000000e+07 2.809822519999999925e+07
9.775365365199999511e+07 1.077910161630000025e+08 2.201701600000000000e+07 1.094402012800000049e+07
9.345066707199999690e+07 1.072123123068999946e+08 2.145291100000000000e+07 1.231009744240999967e+08
1.090293224500000030e+08 1.472952586999999881e+08 1.752026500000000000e+07 1.133508124000000060e+08
1.009237496099999994e+08 1.644044780000000000e+08 1.829177200000000000e+07 3.660195803999999911e+07
9.159231576999999583e+07 1.820673620000000000e+08 1.861291400000000000e+07 6.703198300000000000e+07
6.285751209000000358e+07 1.994669120000000000e+08 2.648177700000000000e+07 3.665998490000000596e+07
1.230809904150000066e+08 9.821557355599999428e+07 1.986174300000000000e+07 1.957531288120000064e+07
8.712109496899999678e+07 1.199849658199999928e+08 2.277146000000000000e+07 3.866436848000000231e+06
6.008309200999999791e+07 1.783399236999999881e+08 3.082538300000000000e+07 1.441557430000000075e+07
8.070278623000000417e+07 1.235382023499999940e+08 2.443918200000000000e+07 2.204079061300000176e+06
1.355089475300000310e+08 9.500703720000000298e+07 1.677142300000000000e+07 1.858360380200000107e+08
1.103572651700000018e+08 1.512333860000000000e+08 1.787236800000000000e+07 3.128541403999999911e+07
5.829178413000000268e+07 2.604950595999999940e+08 4.640836500000000000e+07 1.581684301999999955e+07
9.368914957999998331e+07 1.397916715000000000e+08 2.015556200000000000e+07 1.954786238899999857e+07
8.692505821000000834e+07 1.165884080550000072e+08 2.348211800000000000e+07 1.006564947000000044e+06
1.169312904759999961e+08 9.887881134000000358e+07 1.983570600000000000e+07 4.312838686999999732e+07
6.355394937300000340e+07 1.547585576699999869e+08 2.900909100000000000e+07 6.574633557000000030e+06
1.135699447999999970e+08 1.587661680000000000e+08 1.713839600000000000e+07 5.740242900000000000e+07
1.000353259699999839e+08 1.758113150000000000e+08 1.790039100000000000e+07 6.526098500000000000e+07
9.837428695170000196e+07 1.315225234972999990e+08 1.958000000000000000e+07 5.009571140049999952e+07
1.223948545600000024e+08 1.024035307999999970e+08 1.737206000000000000e+07 2.152266209000000060e+08
9.216855144699999690e+07 1.090947857549999952e+08 2.163040400000000000e+07 1.041747193378999978e+08
9.787260668000000715e+07 1.504271350000000000e+08 1.906828700000000000e+07 2.848211120000000298e+07
8.166001292000000179e+07 1.256347932199999988e+08 2.368400300000000000e+07 4.828781878999999724e+06
1.091472162000000030e+08 1.699605520000000000e+08 1.733767100000000000e+07 5.775986700000000000e+07
8.673531926000000536e+07 1.708061370000000000e+08 1.976267000000000000e+07 3.693407065000000596e+07
1.080093079140000045e+08 1.257165119000000060e+08 1.940169200000000000e+07 1.433338543799999915e+07
1.253023475840000212e+08 9.758533960259999335e+07 1.965570900000000000e+07 2.468483127499999851e+07
6.606517827700000256e+07 1.429494208073000014e+08 2.931169800000000000e+07 3.020749528990000114e+07
1.348471585800000131e+08 9.374720500000000000e+07 1.686369000000000000e+07 1.916566079199999869e+08
1.164042841400000006e+08 9.684020770999999344e+07 1.967370400000000000e+07 7.186176424199999869e+07
1.269903284599999934e+08 8.871718479000000656e+07 1.800133900000000000e+07 1.756565051540000141e+08
9.398618209999999404e+07 1.596608560000000000e+08 1.915440200000000000e+07 3.229811417999999970e+07
6.228282646000000834e+07 1.859705501999999881e+08 2.728868900000000000e+07 2.712869330000000075e+07
6.264673025000000000e+07 1.980724393000000119e+08 2.664391600000000000e+07 3.530016020000000298e+07
1.124416515900000036e+08 1.382372290000000000e+08 1.827770700000000000e+07 2.342046024799999967e+07
1.291242277900000066e+08 9.428001484999999404e+07 1.863937800000000000e+07 7.501234481999999285e+07
1.085127117670000046e+08 9.879586341500000656e+07 1.929041300000000000e+07 1.537916314814000130e+08
1.118515167419999987e+08 1.288845097999999970e+08 1.885170500000000000e+07 1.720518610700000077e+07
7.244822576999998093e+07 1.964779990000000000e+08 2.278549000000000000e+07 4.365767900000000000e+07
1.258771280799999982e+08 9.317517970000000298e+07 1.864801900000000000e+07 9.384442318000000715e+07
1.253728044699999988e+08 9.274319859999999404e+07 1.768932100000000000e+07 1.929638264639999866e+08
1.066218750400000066e+08 1.343582603000000119e+08 1.898950400000000000e+07 2.041139105000000075e+07
8.505716972999998927e+07 1.198435614699999988e+08 2.337574800000000000e+07 2.489663927000000142e+06
9.234742594900000095e+07 1.800508880000000000e+08 1.854396300000000000e+07 6.649673700000000000e+07
6.189191820000000298e+07 1.663919915000000000e+08 2.882598100000000000e+07 1.309416611999999918e+07
1.057074708949999958e+08 9.913208584769999981e+07 1.972577800000000000e+07 1.460935680640000105e+08
1.240940397800000012e+08 1.018794602000000030e+08 1.725946000000000000e+07 2.132896786999999881e+08
1.059099394699999988e+08 1.589982590000000000e+08 1.798275300000000000e+07 3.506434855000000447e+07
6.508098828300000727e+07 2.121797520000000000e+08 2.531170100000000000e+07 4.608183029999999702e+07
1.314735435400000066e+08 9.064851184999999404e+07 1.810122300000000000e+07 1.149911431099999994e+08
7.656470651000000536e+07 1.252500913700000048e+08 2.580985800000000000e+07 1.729012023000000045e+07
1.044043747300000191e+08 1.111534294200000018e+08 2.092076300000000000e+07 3.696435879999999888e+06
1.026143721700000018e+08 1.022493837999999970e+08 2.029228800000000000e+07 1.024847725100000054e+08
1.204984589060000032e+08 9.078620790860000253e+07 1.839209900000000000e+07 1.889568897035999894e+08
1.071173322000000179e+08 1.142652642000000030e+08 2.032696800000000000e+07 6.589875339999999851e+06
1.196578034999999553e+08 1.329183745000000000e+08 1.797174000000000000e+07 2.149560507499999925e+07
1.094732545600000024e+08 1.021883127399999946e+08 1.864972800000000000e+07 2.143739914099999964e+08
9.560335841200000048e+07 1.559590944000000060e+08 1.857139600000000000e+07 1.206277350000000000e+08
8.461329924800001085e+07 1.166755131328999996e+08 2.386133000000000000e+07 1.108899128979999945e+07
6.667463370000001788e+07 1.446960579699999988e+08 2.904526100000000000e+07 1.772581716999999946e+06
9.800725734700000286e+07 1.026046118869999945e+08 2.081992100000000000e+07 1.647133920433999896e+08
9.083405981999999285e+07 1.685490850000000000e+08 1.923635500000000000e+07 3.677592103999999911e+07
1.185142827600000054e+08 9.598282740000000596e+07 1.923774800000000000e+07 8.409870109700000286e+07
1.164739452349999845e+08 1.259096155000000000e+08 1.868659100000000000e+07 1.568783439320000075e+07
1.192981009000000060e+08 9.114832170000000298e+07 1.856442000000000000e+07 1.788530611209999919e+08
8.851356764000000060e+07 1.784634090000000000e+08 1.926535700000000000e+07 4.262460360000000149e+07
1.318826943050000072e+08 9.092771570999999344e+07 1.817920900000000000e+07 1.083573221500000060e+08
1.165372075999999940e+08 1.679500390000000000e+08 1.685008400000000000e+07 6.307327400000000000e+07
6.854733234600001574e+07 1.408557805400000215e+08 2.814899600000000000e+07 2.150755169200000353e+06
8.244155950000000000e+07 1.256313992099999934e+08 2.342830100000000000e+07 5.337067915000000037e+06
1.270033418199999779e+08 9.661241796999999881e+07 1.735936000000000000e+07 1.805272880200000107e+08
9.636439739000000060e+07 1.745355220000000000e+08 1.843221100000000000e+07 4.539215729999999702e+07
7.884061580999998748e+07 1.281142603499999940e+08 2.441262700000000000e+07 4.378091149000000209e+06
1.153233890699999928e+08 1.499487920000000000e+08 1.756249300000000000e+07 3.087882831700000167e+07
7.165117478000000119e+07 1.557666899000000060e+08 2.479016100000000000e+07 1.689602832000000030e+07
6.260605034000000358e+07 1.608535165399999917e+08 3.133783100000000000e+07 3.750730876000000164e+06
9.770945531000000238e+07 1.133460804699999988e+08 2.156666200000000000e+07 3.342915600000000093e+06
1.063976222639999986e+08 9.662877794830000401e+07 1.967680800000000000e+07 2.018233691468999982e+08
1.167124761599999964e+08 1.044540057000000030e+08 1.777369300000000000e+07 2.198917965999999940e+08
1.367967889000000060e+08 8.700423687999999523e+07 1.745885100000000000e+07 1.621924449699999988e+08
1.071577320499999970e+08 1.076640445000000000e+08 1.865776300000000000e+07 2.260153123300000131e+08
1.190729240160000026e+08 9.749038458799999952e+07 1.816437600000000000e+07 1.595467482890000045e+08
8.294455121900001168e+07 1.172246366274999976e+08 2.381575200000000000e+07 6.328742057320000231e+07
