1.1957929421999998E8 9.664734254E7 2.4681899E7 7.301382861E7
1.197714473E8 8.743313794E7 2.4216261E7 1.46248927066E8
1.2085398763000004E8 9.529202968E7 2.4003937E7 9.98837264E7
1.2183732467E8 9.39328953E7 2.2762645E7 2.0189826838E8
1.2501819258E8 9.34081635E7 2.2887985E7 1.5102200175E8
1.1441895675000004E8 1.077809941E8 2.5746559E7 1.494751041E7
1.0419193191000004E8 1.382129499E8 2.3583907E7 9.63099649E7
8.981418911E7 1.11401546948E8 3.1911022E7 689686.908
9.055334179E7 1.353238592E8 2.7523153E7 1.7590651208E7
8.9650384533E7 1.070590595799E8 3.0417567E7 1.075746302681E8
9.77646898E7 1.6837642E8 2.381842E7 6.118531E7
9.759105353E7 1.182481655E8 2.7592194E7 9556251.04
1.2435607729E8 9.023639685E7 2.288595E7 1.7790600578E8
9.220571275E7 1.464952585E8 2.5506721E7 9.697236987E7
1.1408628415E8 9.7081998381E7 2.7088404E7 1.521345659E7
8.299739316000001E7 1.66279495E8 2.7448182E7 3.409398877E7
1.1663670903000005E8 9.516415021E7 2.5894857E7 4.581079752E7
9.726399826E7 1.04235065673E8 2.9600219E7 1.6218956782E7
1.225095121E8 9.423222683E7 2.3488721E7 1.2217151548E8
1.1020704677000004E8 1.009834325E8 2.7634441E7 1282380.149
1.2313791896E8 8.70712818E7 2.3944948E7 1.3864609871E8
8.968078694E7 1.0808240034E8 3.090029E7 4.0824423148E7
8.14001136E7 1.399167363E8 3.0200564E7 1.714542976E7
7.282510592E7 1.915519432E8 4.142532E7 2.97784922E7
1.1010117968E8 1.3945678E8 2.3494455E7 2.6593745299E7
9.703360708E7 1.39855018E8 2.5630615E7 2.3047500298E7
1.2091961931000005E8 9.246474523E7 2.4105521E7 1.0667515104E8
8.5326892234E7 1.1187846902378E8 3.2296691E7 5.620685913452E7
8.428709615E7 1.2435122135E8 3.0907587E7 1.160886254E7
9.95195967E7 1.0787228133E8 2.8757249E7 2764388.28
8.684863067E7 1.1492416744E8 3.1883135E7 1812876.02
1.12987480161E8 9.3172789146E7 2.4639406E7 1.41911713994E8
9.189441889E7 1.1092448053E8 3.0634311E7 1447517.257
9.5425969119E7 1.013610429311E8 2.903125E7 1.48514318667E8
1.2060247019E8 9.437401217E7 2.4509996E7 8.503291501E7
7.654632222E7 1.76104219E8 3.0267485E7 3.72528008E7
1.215694918566E8 8.9694846941E7 2.3364452E7 1.64408033777E8
1.1546721443999998E8 9.685794636E7 2.400324E7 1.2486238137E8
1.09469157282E8 9.6996137242E7 2.7730178E7 2.4092240143E7
7.716259559E7 1.532776054E8 3.1490241E7 2.254533957E7
1.1711631759E8 9.09246933E7 2.4616848E7 1.1216168328E8
1.105033247E8 1.44490288E8 2.2869377E7 4.30269735E7
1.02789120486E8 1.131215025E8 2.7114513E7 7474865.719399999
1.1119325636E8 1.1519839789E8 2.4364152E7 5.030204274E7
1.10012154032E8 9.7893172163E7 2.8055543E7 9276696.228
7.650799002E7 1.66480027E8 3.0869269E7 3.10418504E7
1.0636631106999998E8 1.57238218E8 2.3158937E7 3.93807702E7
1.0840490247E8 1.405531949E8 2.2885674E7 1.049289502E8
7.488151027E7 1.595932952E8 4.3905272E7 9206267.9
8.744179353E7 1.79307879E8 2.5652588E7 5.01146953E7
7.304875666E7 1.948558437E8 4.010167E7 3.32046016E7
7.906636060000001E7 1.407122106E8 3.1480979E7 1.530644095E7
1.0330080315E8 9.900094438E7 2.7174363E7 6.969938481E7
1.1975132825E8 9.058773059E7 2.3438513E7 1.75053331954E8
9.758004828E7 1.0323518313E8 2.8699631E7 4.330259658E7
1.078127001E8 1.57378162E8 2.2869074E7 4.40898615E7
1.1175775830000004E8 9.93777126E7 2.6514882E7 2.84378209E7
8.134630916999999E7 1.17810612045E8 3.4360459E7 2.6987784337E7
9.73518239E7 1.254026088E8 2.6833567E7 1.3829450368E7
8.350158855000001E7 1.317933513E8 2.9961292E7 3.1563801158E7
8.219169538999999E7 1.80954203E8 2.7033696E7 4.41672925E7
1.1172461978E8 9.487597235E7 2.6090195E7 6.189425693E7
7.938438618E7 1.448436378E8 3.0753219E7 1.839633389E7
9.959755922E7 9.928858617E7 2.830407E7 8.8706505618E7
8.425535421999998E7 1.79764275E8 2.6474282E7 4.50797696E7
9.761507038E7 1.074134038E8 2.9479252E7 1418320.675
1.1517370570000002E8 1.25142026E8 2.3855026E7 2.81631983E7
1.1531664125E8 1.04668084E8 2.6502561E7 4361673.48
1.1873324207E8 9.557207807E7 2.4096999E7 1.0129425811E8
1.1036663854000002E8 1.120534612E8 2.5913455E7 8699719.4
7.732819328999999E7 1.370368129E8 3.5763206E7 8569443.22
1.13772248651E8 1.0827634813E8 2.520646E7 3.0005686916E7
1.1906689874E8 9.639823871E7 2.5078262E7 6.175343955E7
1.2081291381E8 8.58778144982E7 2.4007893E7 1.818623409705E8
9.328270581E7 1.372401895E8 2.6656129E7 2.0052412395E7
1.20720521877E8 9.002682889E7 2.4659572E7 9.9216640936E7
9.172521577E7 1.054499519049E8 2.9440724E7 1.178954002021E8
1.1887753738000004E8 9.609391261E7 2.4545041E7 8.061096285E7
9.39605816E7 1.08262880206E8 3.1076861E7 518099.849
9.200728077E7 1.55740248E8 2.567471E7 3.138208683E7
8.643359133000001E7 1.51032857E8 2.737301E7 2.594888207E7
1.0841418066E8 1.0226845524E8 2.7722636E7 1598486.19
1.1588493608E8 1.142005614E8 2.4075465E7 4.715125594E7
8.8789405E7 1.5473508E8 2.6432101E7 3.04042834E7
1.0648026760999998E8 1.303222999E8 2.4590854E7 2.025088198E7
7.857049596800001E7 1.3051653869E8 3.369499E7 1.1919535895E7
8.4678508671E7 1.1746532653E8 3.2447635E7 2127303.1361
1.1274048577E8 9.1912034946E7 2.4639302E7 1.8640060241E8
1.1469769794000004E8 9.0772950588E7 2.5264673E7 1.07523262832E8
1.1669880568000002E8 1.182770393E8 2.3394596E7 6.131220008E7
1.1056877879799998E8 1.233241554E8 2.4661095E7 1.6387338001E7
7.896125680000001E7 1.2730807327E8 3.4324129E7 5543293.557
1.0697484215999998E8 1.279809129E8 2.4632112E7 2.11573519E7
7.315002947E7 1.847953464E8 4.4118261E7 2.20620161E7
7.523224613999999E7 1.544190717E8 3.962424E7 1.231827279E7
1.2111305043999998E8 9.70981133E7 2.2669204E7 2.035139405E8
1.1193210100700004E8 1.28091489E8 2.4110654E7 1.96157299551E7
8.3595313351E7 1.1895595473E8 3.2850284E7 2114131.3831
9.349587339000002E7 1.0462847482E8 2.9935296E7 5.412016356E7
1.2244602088E8 9.61216485E7 2.3488627E7 1.1560812849E8
1.1277667599000004E8 9.64464667E7 2.5551775E7 6.66615586E7
1.18545577513E8 9.0266329434E7 2.5186241E7 9.0818478017E7
9.158114907E7 1.478230468E8 2.5587162E7 9.810779769E7
1.00279394805E8 1.172480676E8 2.7117784E7 9424749.0215
1.1881279098999998E8 8.98470129E7 2.409141E7 1.3575104151E8
1.0398946460000002E8 1.31844365E8 2.4909782E7 2.028735615E7
1.1689659262E8 9.4418757E7 2.5293257E7 6.58846198E7
1.2482253294000004E8 9.50421661E7 2.2902556E7 1.4352223532E8
1.0989614991E8 1.078990964E8 2.6522176E7 5896313.800000001
9.3987588841E7 1.031079855162E8 2.8841662E7 1.351083091341E8
1.2493350523E8 8.71030905E7 2.3462308E7 1.560723446E8
1.1395010427E8 1.026188696E8 2.6487887E7 1.14927164E7
9.2803254249E7 1.05368421907E8 2.8870773E7 1.294973297801E8
9.709995045999998E7 1.1135981967E8 2.8810191E7 4030225.04
9.488015465E7 1.46007803E8 2.561785E7 2.668708194E7
8.956597610999998E7 1.358777307E8 2.7739223E7 1.7532724347999997E7
1.0635201247E8 1.00961462422E8 2.8921331E7 357749.61600000004
9.1220255422E7 1.1538714208E8 2.9891793E7 4283756.3895
1.1772524626E8 1.21979271E8 2.2880114E7 7.33766086E7
9.5427132E7 1.72542541E8 2.4240145E7 5.2877064E7
7.686552046E7 1.448367432E8 4.1319285E7 4940763.578999999
1.0804330510999998E8 1.0043168863E8 2.8322539E7 542885.839
1.0388317502E8 1.240144351E8 2.5612566E7 1.5292726019E7
1.0290389006E8 1.01345571182E8 2.9235969E7 7652107.932
9.438577332E7 1.59536447E8 2.5026936E7 3.469350092E7
9.572711070600002E7 1.136529861E8 2.8794046E7 5113053.792400001
1.0188153214000002E8 1.04362238868E8 2.8932996E7 972856.466
8.124367166000001E7 1.483123832E8 2.9455111E7 2.152555163E7
7.779670500000001E7 1.3785936154E8 3.3006129E7 2.017368001E7
1.1544875600000004E8 1.36404654E8 2.2848537E7 4.1833943E7
1.0830036054E8 1.058238138E8 2.7088677E7 4090993.0
9.080179025E7 1.59637486E8 2.5689099E7 3.45669037E7
1.0383211454999998E8 1.57990475E8 2.3492407E7 3.85470034E7
1.0295048038000004E8 1.093076061E8 2.7665657E7 4820095.89
1.06711507284E8 9.5537193739E7 2.557235E7 1.82330299583E8
9.4018885609E7 1.163924776E8 2.8815652E7 6436306.103200001
1.066877409E8 1.35509509E8 2.4091184E7 2.5883153E7
8.30347358E7 1.89363567E8 2.6524127E7 6.0428547E7
1.1259681052E8 1.056309726E8 2.6519451E7 4836252.26
1.1346135673999998E8 1.185083329E8 2.3973207E7 4.519586381E7
1.1193564777000004E8 9.7938584925E7 2.820481E7 2141379.116
1.0561273156E8 1.002057199E8 2.748549E7 3.077293289E7
1.1686554921999998E8 9.36554672E7 2.5612788E7 5.965476012E7
9.34833833E7 1.78749832E8 2.4395623E7 6.4220789E7
1.16973726201E8 8.70190644323E7 2.4865774E7 1.824852722596E8
1.0391769626E8 1.45195769E8 2.402887E7 2.8747726E7
9.763074302E7 1.57097003E8 2.4539071E7 3.435256872E7
1.14628911961E8 9.4612748811E7 2.6187862E7 4.6394716528E7
7.935510917000002E7 1.2563752671E8 3.4379193E7 4589581.612
1.0764130332E8 9.7346712295E7 2.7072049E7 4.4619612649E7
1.0190064834E8 1.092352756E8 2.7916228E7 4438238.93
1.1208437787E8 1.103750632E8 2.5913444E7 7959197.2
7.848168391000001E7 1.545702621E8 3.0320411E7 2.43329843E7
1.1266697078000002E8 1.45832627E8 2.2892379E7 3.33782948E7
9.598751478E7 1.07932444794E8 3.0097093E7 624732.635
1.0922979759000002E8 9.815817881E7 2.4620764E7 1.8998580933E8
1.2202597124000002E8 8.99666548E7 2.4038697E7 1.1882605389E8
1.0950767746200004E8 1.32004295E8 2.407089E7 2.163868533E7
1.03738485655E8 1.200022988E8 2.6059094E7 1.2489318479E7
7.28674372E7 1.872607627E8 4.1868336E7 2.70596497E7
8.974665208000001E7 1.42638066E8 2.7094559E7 2.203165005E7
9.593277642000002E7 1.312375657E8 2.658979E7 1.7051754281E7
9.2458192747E7 1.262374031E8 2.7959037E7 1.2359625202E7
1.139142821E8 9.425268616E7 2.5870519E7 6.056755006E7
8.205934179000002E7 1.406037112E8 2.9852317E7 1.708659806E7
1.1718576874E8 1.184091051E8 2.3407406E7 5.95873333E7
1.1246734479E8 1.0190479328E8 2.7119304E7 2362996.33
1.123267729E8 1.211370239E8 2.470493E7 1.51354628E7
8.375744688000001E7 1.329033512E8 3.0027029E7 1.2842428908E7
1.0907160904E8 9.74066957E7 2.6154277E7 6.54806547E7
1.0717564764000002E8 1.37382806E8 2.3984635E7 2.4682021627E7
1.07697930666E8 9.8385375711E7 2.7598152E7 2.3752654534E7
8.714211866E7 1.246579516E8 2.9782364E7 9107346.018
8.327694822E7 1.18287383154E8 3.3609925E7 1237085.583
9.383316232000002E7 1.0993016083E8 3.0119589E7 1698703.648
8.039231783000001E7 1.63961227E8 2.8556893E7 3.147411924E7
9.413902935E7 1.39149196E8 2.6308874E7 2.1550504938E7
7.931267979000002E7 1.69390405E8 2.8711128E7 3.5060710900000006E7
9.071188133E7 1.0645328288E8 3.0233767E7 7.0048298537E7
8.193274830000001E7 1.2519213161E8 3.2187409E7 6088214.459
8.726637848000002E7 1.68140661E8 2.6107175E7 3.9013324900000006E7
1.1889144810999998E8 9.23431855E7 2.4558165E7 9.53114606E7
1.1202715033000004E8 1.322735234E8 2.2722135E7 9.05579244E7
1.12809997062E8 1.09592702E8 2.5269481E7 2.6607737451E7
9.187923372E7 1.427925756E8 2.6391461E7 2.88022287E7
1.0089932312E8 1.343151451E8 2.5201441E7 2.31263463E7
1.1474921091E8 1.181298461E8 2.467615E7 1.88864744E7
9.953347032000002E7 1.0338193317E8 2.9505256E7 8501606.118
1.09313909873E8 1.1420194027E8 2.5012785E7 3.6005893368E7
1.1790448597E8 9.323815754E7 2.3425231E7 1.9334007701E8
1.1682280146E8 9.73106441E7 2.6414912E7 2.527571044E7
1.1442184195E8 1.1090216896E8 2.4663977E7 3.855058348E7
8.921615974000002E7 1.1272447782E8 3.1322595E7 1446174.063
1.11322799734E8 8.99362609157E7 2.5728617E7 1.875369123969E8
9.5294223231E7 1.02595488544E8 2.8286193E7 1.441693906593E8
8.687806445300001E7 1.1001438691E8 3.1615639E7 8.15111528765E7
1.1535312810000002E8 1.2916595E8 2.3472739E7 3.22821827E7
1.1423930422E8 1.224201956E8 2.3411427E7 5.57580634E7
1.139137412E8 1.189312323E8 2.3914947E7 4.47708493E7
1.1699455348000002E8 1.230883759E8 2.2823857E7 7.51055495E7
7.721384591000001E7 1.85559426E8 2.9464957E7 4.44452365E7
8.262058825520001E7 1.153265753E8 3.3651663E7 3.8136714744E7
1.2644488963E8 8.967539564E7 2.2885823E7 1.7102070966E8
1.0773032323999998E8 1.182995462E8 2.5309674E7 1.97449415E7
1.10322044164E8 9.198773702378E7 2.5552755E7 1.4037939513452E8
1.1148159429999998E8 1.277905873E8 2.3214799E7 6.63957566E7
8.719568284E7 1.097517232599E8 3.1272857E7 8.63498276557E7
7.894196907E7 1.84029303E8 2.8295547E7 4.45614648E7
1.1208996168E8 9.3829195982E7 2.5930693E7 7.2796865949E7
1.14555895E8 1.3032532E8 2.3466756E7 3.10032237E7
1.1311599221E8 9.614119437E7 2.404952E7 1.7651288277E8
1.17774729234E8 8.67876399157E7 2.4588962E7 1.833002323969E8
1.0929244785E8 1.380998667E8 2.2838495E7 1.006651863E8
9.1694444809E7 1.048674459242E8 3.0056467E7 1.24642967293E8
1.04399367072E8 9.5720788094E7 2.6232394E7 1.791663833396E8
9.575181765E7 1.1060374834E8 2.9316889E7 3054328.6
1.0221093622E8 1.42696388E8 2.4432216E7 2.708650222E7
8.929884648E7 1.534438018E8 2.589725E7 1.015640498E8
1.2185377374E8 9.347875825E7 2.4086491E7 1.017565611E8
9.903805316E7 9.982257049E7 2.7686042E7 1.0623517025E8
1.09758301034E8 9.08244474237E7 2.5994077E7 1.889353029973E8
9.6159782364E7 1.007143237374E8 2.8802417E7 1.535099689167E8
8.073444182000002E7 1.76632313E8 2.77218E7 3.99563333E7
9.4108123757E7 1.219733266E8 2.8015467E7 1.0297671127E7
8.091177163000001E7 1.43826312E8 3.0048066E7 1.839054244E7
1.0641484434E8 1.170917557E8 2.586865E7 1.1406854396E7
8.301004859E7 1.317314269E8 3.0518909E7 1.1572446207E7
9.533609706E7 1.019239695899E8 2.8547588E7 1.243104405712E8
1.043125767E8 1.257673251E8 2.4996199E7 3.27958485E7
1.0440922836E8 1.0410180577E8 2.8277638E7 1654330.69
1.0765495327E8 1.105591067E8 2.6483255E7 7227859.1
8.135456519000001E7 1.2393863174E8 3.2853526E7 4851059.694
1.0469311385999998E8 1.00060330507E8 2.8103934E7 2.1087956748E7
8.518166667999999E7 1.71877585E8 2.6545631E7 3.89325822E7
1.0380060496000002E8 1.38340103E8 2.4422283E7 2.527647919E7
7.845884580000001E7 1.66976249E8 2.935175E7 3.261263619E7
8.114444741000003E7 1.525292106E8 2.8905516E7 5.713951034E7
8.465990705000001E7 1.261576427E8 3.0612316E7 8460393.124
1.1487887529999998E8 1.38940042E8 2.2905459E7 3.57227089E7
9.804413208E7 1.43075481E8 2.5197546E7 2.548731924E7
1.1038521282E8 1.52503198E8 2.2884331E7 3.63723022E7
1.1265402519999996E8 1.150061606E8 2.5315756E7 1.11396203E7
1.030510134E8 1.53899961E8 2.3455768E7 4.92989738E7
9.961269482E7 1.04709471529E8 3.008186E7 337834.172
1.1443940684E8 1.0094110456E8 2.71239E7 1884144.832
1.125444415E8 1.43229401E8 2.2708527E7 4.38416361E7
1.0824287329E8 1.46339239E8 2.3332811E7 3.124774034E7
9.414152171E7 1.04922606007E8 3.007444E7 3.5373166107E7
1.15747834157E8 9.4373768275E7 2.6053154E7 4.7154987003E7
1.145919178E8 9.7715917723E7 2.7685712E7 1819372.03
1.051740138E8 1.68472752E8 2.2822178E7 6.0769988E7
8.547267390999998E7 1.89190377E8 2.5881902E7 6.6318484E7
1.1347503589999998E8 1.205222994E8 2.4707301E7 1.47359669E7
9.141953737E7 1.72040451E8 2.5115587E7 4.37450888E7
9.716660002E7 1.04433296987E8 3.0167832E7 9795509.477
1.17217541042E8 9.380859136E7 2.5779009E7 5.3588533165E7
1.0599926365000002E8 9.988066825E7 2.5181744E7 1.8906759066E8
1.12632185347E8 1.35488153E8 2.3502271E7 2.4507982801E7
1.1240332488700002E8 9.6363103378E7 2.6828869E7 2.9688363339E7
1.0798331983900002E8 1.153556829E8 2.5833505E7 1.04557910248E7
8.898672872600001E7 1.222080344E8 2.9504491E7 8147133.991
1.003032686E8 1.77216517E8 2.3399636E7 6.6497983E7
8.460157149E7 1.43349408E8 2.8575544E7 2.016212075E7
1.1096308543E8 1.229987222E8 2.3575535E7 6.464195392E7
8.524801392000002E7 1.1345733161E8 3.3098874E7 1.2190650759E7
8.758005896E7 1.369991156E8 2.8208877E7 1.7389815154E7
9.546174236E7 1.04767097804E8 3.0144717E7 2.0756051314E7
1.0023306421E8 1.59729303E8 2.4004619E7 3.7558067E7
1.0190498407700002E8 9.753493891E7 2.6697701E7 1.746884004488E8
9.247441094E7 1.42696081E8 2.641369E7 2.31876871E7
8.567862417000002E7 1.55771815E8 2.7263695E7 2.865508143E7
8.857709521000001E7 1.86533741E8 2.5240419E7 6.716674E7
1.00247296091E8 1.137101456E8 2.7624009E7 6905214.257200001
1.033960546E8 1.14281794E8 2.6296082E7 2.60829472E7
1.0474810231E8 9.7338621573E7 2.7639063E7 6.1479566296E7
8.1425045359E7 1.2176739638E8 3.3484226E7 3131688.626
1.0928127124600002E8 1.189278819E8 2.526461E7 1.30635515035E7
8.353595551999998E7 1.26209031E8 3.1143051E7 7789053.904
1.153684991E8 9.7023852E7 2.7110384E7 1.2833309E7
1.12134559813E8 9.377298529E7 2.6569708E7 6.0363240295E7
1.2289336294799998E8 8.7383083082E7 2.4151255E7 1.29253548183E8
9.9726474452E7 9.79212379767E7 2.7891629E7 1.491984911474E8
1.05216106939E8 9.4011019694E7 2.6445687E7 1.851689239981E8
1.0219330862E8 1.49381018E8 2.4104602E7 3.083430061E7
1.2451850983E8 9.032312688E7 2.34452E7 1.375003852E8
7.724854871000001E7 1.41765824E8 3.2994064E7 1.46269788E7
1.10185729437E8 9.2951231403E7 2.5138543E7 1.653383581631E8
8.579245058E7 1.60612763E8 2.6925405E7 3.181440973E7
7.299448781E7 1.882940883E8 4.3823407E7 2.44198669E7
