1.145372951309999973e+08 9.772365333200000226e+07 2.755970900000000000e+07 3.499524629999999888e+06
1.124081257999999970e+08 1.211153477999999970e+08 2.470964300000000000e+07 1.503088500000000000e+07
1.056036759539999962e+08 9.813066406200000644e+07 2.795254500000000000e+07 3.656515493999999762e+07
1.096603315620000064e+08 1.206776779000000060e+08 2.502360300000000000e+07 1.443685665660000034e+07
1.024085651899999976e+08 1.500160250000000000e+08 2.404119100000000000e+07 3.132025792999999970e+07
1.195792942199999839e+08 9.664734254000000656e+07 2.468189900000000000e+07 7.301382860999999940e+07
1.197714472999999970e+08 8.743313793999999762e+07 2.421626100000000000e+07 1.462489270660000145e+08
1.213705679099999964e+08 9.042514670000000298e+07 2.434777300000000000e+07 1.061750602199999988e+08
1.145396396800000072e+08 1.009950597000000030e+08 2.711390800000000000e+07 1.873709000000000000e+06
1.208539876300000399e+08 9.529202968000000715e+07 2.400393700000000000e+07 9.988372640000000596e+07
8.907989434999999404e+07 1.603509800000000000e+08 2.609748200000000000e+07 3.306954987999999896e+07
1.218373246700000018e+08 9.393289529999999702e+07 2.276264500000000000e+07 2.018982683799999952e+08
1.250181925799999982e+08 9.340816350000000000e+07 2.288798500000000000e+07 1.510220017500000000e+08
1.096405019153999984e+08 9.178259096152999997e+07 2.603115000000000000e+07 1.437439698477869928e+08
1.158916457800000012e+08 1.146731112000000030e+08 2.401581100000000000e+07 4.801810742000000179e+07
8.563411169000001252e+07 1.155540606120000035e+08 3.289340400000000000e+07 9.116417489999999525e+05
1.144189567500000447e+08 1.077809940999999940e+08 2.574655900000000000e+07 1.494751041000000015e+07
8.285912736999998987e+07 1.187997890199999958e+08 3.360641700000000000e+07 1.531824835999999894e+06
7.655551664999999106e+07 1.427852078000000119e+08 3.694563500000000000e+07 9.916461029999999329e+06
1.041919319100000411e+08 1.382129499000000060e+08 2.358390700000000000e+07 9.630996490000000596e+07
1.237022369560000151e+08 9.005076493999999762e+07 2.349147300000000000e+07 1.383753642599999905e+08
9.982539634499999881e+07 9.766435563699999452e+07 2.790633700000000000e+07 1.799241658246999979e+08
1.056302222999999970e+08 1.682426270000000000e+08 2.276798200000000000e+07 6.092224100000000000e+07
1.165196771299999803e+08 8.723717397869999707e+07 2.492838200000000000e+07 1.831177677606999874e+08
1.260118999200000167e+08 9.006802055999998748e+07 2.282903300000000000e+07 1.743847985699999928e+08
8.981418910999999940e+07 1.114015469479999989e+08 3.191102200000000000e+07 6.896869080000000540e+05
7.874313217000001669e+07 1.306520190199999958e+08 3.345451500000000000e+07 1.266841680100000091e+07
1.120838070400000066e+08 1.022410087699999958e+08 2.710976800000000000e+07 2.523985209999999963e+06
1.038916005999999940e+08 1.744004400000000000e+08 2.294860600000000000e+07 6.584738300000000000e+07
1.142739849000000060e+08 1.380429590000000000e+08 2.289329400000000000e+07 3.859117729999999702e+07
9.507680481999999285e+07 1.084132124669999927e+08 3.012542600000000000e+07 1.016668172999999952e+06
9.055334179000000656e+07 1.353238591999999881e+08 2.752315300000000000e+07 1.759065120800000057e+07
1.125215738199999928e+08 1.056522782999999970e+08 2.651550300000000000e+07 4.933669029999999329e+06
1.109961250700000226e+08 1.354517321999999881e+08 2.272832900000000000e+07 9.225785329999999702e+07
7.929982104000000656e+07 1.256747155699999928e+08 3.436324800000000000e+07 5.869690373000000603e+06
8.049495471999998391e+07 1.509873171999999881e+08 2.953048500000000000e+07 2.301385005000000075e+07
8.965038453300000727e+07 1.070590595798999965e+08 3.041756700000000000e+07 1.075746302680999935e+08
9.776468979999999702e+07 1.683764200000000000e+08 2.381842000000000000e+07 6.118531000000000000e+07
1.127833895000000000e+08 1.152609155000000000e+08 2.528306100000000000e+07 1.126964869999999925e+07
9.759105353000000119e+07 1.182481655000000000e+08 2.759219400000000000e+07 9.556251039999999106e+06
1.176493935199999958e+08 1.219301515999999940e+08 2.281534500000000000e+07 7.732376279999999702e+07
1.243560772900000066e+08 9.023639684999999404e+07 2.288595000000000000e+07 1.779060057800000012e+08
1.023934788499999940e+08 1.030668166940000057e+08 2.950154400000000000e+07 4.254914400000000023e+05
9.220571275000000000e+07 1.464952585000000000e+08 2.550672100000000000e+07 9.697236987000000477e+07
8.180149731999999285e+07 1.425298566999999881e+08 2.974342200000000000e+07 1.860827105000000075e+07
1.086565360199999958e+08 1.006719480530000031e+08 2.803226200000000000e+07 7.072108880000000354e+05
1.140862841500000060e+08 9.708199838099999726e+07 2.708840400000000000e+07 1.521345658999999985e+07
1.118784562199999988e+08 1.487226220000000000e+08 2.289799500000000000e+07 3.365010485000000149e+07
8.299739316000001132e+07 1.662794950000000000e+08 2.744818200000000000e+07 3.409398877000000328e+07
1.166367090300000459e+08 9.516415020999999344e+07 2.589485700000000000e+07 4.581079752000000328e+07
1.139240665499999970e+08 1.157598474000000060e+08 2.444629200000000000e+07 3.365265089999999851e+07
9.726399826000000536e+07 1.042350656729999930e+08 2.960021900000000000e+07 1.621895678199999966e+07
1.225095120999999940e+08 9.423222682999999821e+07 2.348872100000000000e+07 1.221715154800000042e+08
1.102070467700000405e+08 1.009834325000000000e+08 2.763444100000000000e+07 1.282380148999999976e+06
1.231379189599999934e+08 8.707128179999999702e+07 2.394494800000000000e+07 1.386460987100000083e+08
8.968078693999999762e+07 1.080824003400000036e+08 3.090029000000000000e+07 4.082442314800000191e+07
8.140011359999999404e+07 1.399167363000000119e+08 3.020056400000000000e+07 1.714542976000000164e+07
1.081818075900000036e+08 1.081030772000000030e+08 2.676320800000000000e+07 5.594572110000000335e+06
1.093527820099999756e+08 1.347368590000000000e+08 2.386838700000000000e+07 2.370560442000000179e+07
1.147243298499999940e+08 1.233878880000000000e+08 2.304216800000000000e+07 7.045352873999999464e+07
7.282510592000000179e+07 1.915519431999999881e+08 4.142532000000000000e+07 2.977849219999999925e+07
1.120643269270000160e+08 1.298845100000000000e+08 2.395516900000000000e+07 2.079316920300000161e+07
1.160583071400000155e+08 9.588954550000000000e+07 2.600192100000000000e+07 4.130628567999999970e+07
1.101011796800000072e+08 1.394567800000000000e+08 2.349445500000000000e+07 2.659374529899999872e+07
9.703360707999999821e+07 1.398550180000000000e+08 2.563061500000000000e+07 2.304750029800000042e+07
1.014522599409999996e+08 1.192106407000000030e+08 2.663322300000000000e+07 1.107686616899999976e+07
1.209196193100000471e+08 9.246474523000000417e+07 2.410552100000000000e+07 1.066751510400000066e+08
1.053258829239999950e+08 9.984199699699999392e+07 2.875089800000000000e+07 1.063994410999999940e+07
1.138471985867000222e+08 8.899772540070000291e+07 2.531550300000000000e+07 1.632098523224749863e+08
1.055075819399999976e+08 9.893027395000000298e+07 2.541033700000000000e+07 1.859734283400000036e+08
8.532689223399999738e+07 1.118784690237800032e+08 3.229669100000000000e+07 5.620685913452000171e+07
1.073770333100000024e+08 1.178668979000000060e+08 2.531259400000000000e+07 2.301044130000000075e+07
1.032650359300000072e+08 1.033971983009999990e+08 2.879757000000000000e+07 7.724039610000000102e+05
8.428709615000000596e+07 1.243512213499999940e+08 3.090758700000000000e+07 1.160886253999999911e+07
1.079287137329999954e+08 9.191815881730000675e+07 2.632693500000000000e+07 1.905988588370000124e+08
9.951959670000000298e+07 1.078722813299999982e+08 2.875724900000000000e+07 2.764388279999999795e+06
8.740873993999999762e+07 1.414941534000000060e+08 2.774740100000000000e+07 2.320768060000000149e+07
1.229304624699999988e+08 8.945332729999999702e+07 2.372608600000000000e+07 1.326523035999999940e+08
8.684863067000000179e+07 1.149241674399999976e+08 3.188313500000000000e+07 1.812876020000000019e+06
1.129874801609999985e+08 9.317278914599999785e+07 2.463940600000000000e+07 1.419117139939999878e+08
1.175860671700000167e+08 1.182270642000000030e+08 2.329795200000000000e+07 6.414769697999999672e+07
9.189441889000000060e+07 1.109244805300000012e+08 3.063431100000000000e+07 1.447517256999999983e+06
1.003998585000000000e+08 1.006633969699999988e+08 2.665005300000000000e+07 1.718355462770000100e+08
9.542596911900000274e+07 1.013610429310999960e+08 2.903125000000000000e+07 1.485143186669999957e+08
1.106223519599999934e+08 1.059522632000000030e+08 2.669765500000000000e+07 4.845837379999999888e+06
1.206024701899999976e+08 9.437401217000000179e+07 2.450999600000000000e+07 8.503291501000000536e+07
9.355857618000000715e+07 1.105262641500000060e+08 3.005630600000000000e+07 2.080656118000000017e+06
9.756058753100001812e+07 1.056123952810000032e+08 2.938756800000000000e+07 1.079954804900000058e+07
8.438424131999999285e+07 1.453212788000000119e+08 2.847117500000000000e+07 2.139349294000000134e+07
9.283091379999999702e+07 1.826544690000000000e+08 2.449282200000000000e+07 6.711065400000000000e+07
1.082651325600000024e+08 1.102668140000000000e+08 2.642969700000000000e+07 7.144245399999999441e+06
7.654632221999999881e+07 1.761042190000000000e+08 3.026748500000000000e+07 3.725280079999999702e+07
1.179775916500000209e+08 9.370657579999999702e+07 2.522544900000000000e+07 6.835191781000000238e+07
1.125501865409999788e+08 1.360074500000000000e+08 2.346496400000000000e+07 2.501125294999999925e+07
1.215694918566000015e+08 8.969484694099999964e+07 2.336445200000000000e+07 1.644080337770000100e+08
1.064647370300000161e+08 1.199770855000000000e+08 2.554620300000000000e+07 1.333605608100000024e+07
1.154672144399999827e+08 9.685794635999999940e+07 2.400324000000000000e+07 1.248623813700000048e+08
1.094691572820000052e+08 9.699613724199999869e+07 2.773017800000000000e+07 2.409224014299999923e+07
1.129116469000000060e+08 9.279114129700000584e+07 2.649973000000000000e+07 7.128532309900000691e+07
1.094254969099999964e+08 1.142940284000000060e+08 2.574130600000000000e+07 1.016803080000000075e+07
1.253305286609999835e+08 8.733342222900000215e+07 2.334109300000000000e+07 1.604072225530000031e+08
1.078088131749999970e+08 1.158750405000000000e+08 2.577170400000000000e+07 1.109275708000000007e+07
7.716259559000000358e+07 1.532776054000000060e+08 3.149024100000000000e+07 2.254533957000000030e+07
1.171163175900000036e+08 9.092469329999999702e+07 2.461684800000000000e+07 1.121616832800000012e+08
7.886973300000000000e+07 1.878420260000000000e+08 2.829536200000000000e+07 4.848232970000000298e+07
8.131533472099998593e+07 1.220720048199999928e+08 3.346939000000000000e+07 3.308443828999999911e+06
1.149700715000000000e+08 1.300412930000000000e+08 2.347005900000000000e+07 3.090108419999999925e+07
1.105033247000000030e+08 1.444902880000000000e+08 2.286937700000000000e+07 4.302697350000000000e+07
1.035556213279999942e+08 9.483289997470000386e+07 2.719479600000000000e+07 1.944439221777000129e+08
1.052002302779999971e+08 1.164723262000000030e+08 2.618802100000000000e+07 1.049466552500000037e+07
7.312972029000000656e+07 1.851952979000000060e+08 4.408473900000000000e+07 2.234439439999999851e+07
8.791972489230000973e+07 1.153301278400000036e+08 3.123524800000000000e+07 2.444040047640000004e+06
8.601650179300001264e+07 1.226730532000000030e+08 3.054239900000000000e+07 6.964595747000000440e+06
1.158864986229999959e+08 9.370758788099999726e+07 2.600452600000000000e+07 5.208251740760000050e+07
1.027891204860000014e+08 1.131215025000000000e+08 2.711451300000000000e+07 7.474865719399998896e+06
1.072558140600000173e+08 1.373311420000000000e+08 2.396190800000000000e+07 2.491231219000000134e+07
7.715632916899999976e+07 1.490213551100000143e+08 4.427271800000000000e+07 3.121535901999999769e+06
1.111932563599999994e+08 1.151983978900000006e+08 2.436415200000000000e+07 5.030204274000000209e+07
1.100121540320000052e+08 9.789317216300000250e+07 2.805554300000000000e+07 9.276696228000000119e+06
1.104023217099999934e+08 1.529686540000000000e+08 2.284329900000000000e+07 3.746589100000000000e+07
7.650799001999999583e+07 1.664800270000000000e+08 3.086926900000000000e+07 3.104185039999999851e+07
1.083583950039999932e+08 1.221682807000000030e+08 2.506144000000000000e+07 1.501468224139999971e+07
1.063663110699999779e+08 1.572382180000000000e+08 2.315893700000000000e+07 3.938077020000000298e+07
1.109237750859999955e+08 9.015903564370000362e+07 2.579659800000000000e+07 1.876875993375999928e+08
1.118414109399999976e+08 1.111806624000000060e+08 2.583782900000000000e+07 8.439701699999999255e+06
1.084049024699999988e+08 1.405531949000000060e+08 2.288567400000000000e+07 1.049289502000000030e+08
7.488151026999999583e+07 1.595932951999999881e+08 4.390527200000000000e+07 9.206267900000000373e+06
9.130225115500001609e+07 1.193855412999999970e+08 2.916649200000000000e+07 7.353239118999999017e+06
8.744179353000000119e+07 1.793078790000000000e+08 2.565258800000000000e+07 5.011469529999999702e+07
7.304875665999999642e+07 1.948558436999999881e+08 4.010167000000000000e+07 3.320460160000000149e+07
7.354018510000000894e+07 1.732198434000000060e+08 4.295168700000000000e+07 1.772976598000000045e+07
1.067924707900000066e+08 1.338204170000000000e+08 2.428512400000000000e+07 2.236225537299999967e+07
7.906636060000000894e+07 1.407122105999999940e+08 3.148097900000000000e+07 1.530644094999999925e+07
7.904755929999999702e+07 1.706976520000000000e+08 2.879442900000000000e+07 3.535174550000000000e+07
1.033008031500000060e+08 9.900094437999999523e+07 2.717436300000000000e+07 6.969938481000000238e+07
1.083280671700000167e+08 1.024020852300000042e+08 2.769165900000000000e+07 1.748255340000000084e+06
1.197513282500000000e+08 9.058773059000000358e+07 2.343851300000000000e+07 1.750533319539999962e+08
1.143470740499999970e+08 1.095056989099999964e+08 2.491232700000000000e+07 3.446994012999999523e+07
9.758004828000000119e+07 1.032351831299999952e+08 2.869963100000000000e+07 4.330259657999999821e+07
1.078127000999999940e+08 1.573781620000000000e+08 2.286907400000000000e+07 4.408986150000000000e+07
1.164279668700000048e+08 1.237587667000000030e+08 2.275893000000000000e+07 7.918482870000000298e+07
1.117577583000000417e+08 9.937771259999999404e+07 2.651488200000000000e+07 2.843782089999999851e+07
1.030368451700000018e+08 1.054094557999999970e+08 2.832181600000000000e+07 2.250005550000000279e+06
8.134630916999998689e+07 1.178106120450000018e+08 3.436045900000000000e+07 2.698778433700000122e+07
9.735182390000000596e+07 1.254026087999999970e+08 2.683356700000000000e+07 1.382945036800000072e+07
1.130988032000000030e+08 1.281000270000000000e+08 2.403343100000000000e+07 1.974342200000000000e+07
7.894522066000001132e+07 1.271748084699999988e+08 3.430684300000000000e+07 7.356667773000000045e+06
1.170200062500000000e+08 1.216569700000000000e+08 2.292672900000000000e+07 7.339887450000000000e+07
8.350158855000001192e+07 1.317933512999999970e+08 2.996129200000000000e+07 3.156380115799999982e+07
8.860597918999999762e+07 1.249129125000000000e+08 2.924085900000000000e+07 9.912467132999999449e+06
1.064079673900000155e+08 1.019029502909999937e+08 2.832182900000000000e+07 7.101743760000000475e+05
8.219169538999998569e+07 1.809542030000000000e+08 2.703369600000000000e+07 4.416729250000000000e+07
1.117246197800000012e+08 9.487597234999999404e+07 2.609019500000000000e+07 6.189425692999999970e+07
7.938438618000000715e+07 1.448436378000000119e+08 3.075321900000000000e+07 1.839633389000000060e+07
1.084730718599999845e+08 1.456578150000000000e+08 2.327585500000000000e+07 3.248981260000000149e+07
8.041373573999999464e+07 1.266137514000000060e+08 3.292108100000000000e+07 6.232744236999999732e+06
1.049336098900000155e+08 1.011363813700000048e+08 2.914837500000000000e+07 2.162581330000000075e+06
9.959755921999999881e+07 9.928858617000000179e+07 2.830407000000000000e+07 8.870650561800000072e+07
8.425535421999998391e+07 1.797642750000000000e+08 2.647428200000000000e+07 4.507976960000000149e+07
