1.128634532999999970e+08 1.149314530000000000e+08 2.531276300000000000e+07 1.108114969999999925e+07
1.234662947199999988e+08 8.743838434999999404e+07 2.388739700000000000e+07 1.371212557899999917e+08
9.761507037999999523e+07 1.074134037999999970e+08 2.947925200000000000e+07 1.418320675000000047e+06
1.151737057000000179e+08 1.251420260000000000e+08 2.385502600000000000e+07 2.816319830000000075e+07
1.153166412500000000e+08 1.046680840000000000e+08 2.650256100000000000e+07 4.361673480000000447e+06
1.046585826139999926e+08 9.405282951800000668e+07 2.697424600000000000e+07 1.943600845503000021e+08
1.144499367600000203e+08 1.011643924800000042e+08 2.708874400000000000e+07 1.994879389999999898e+06
1.137859130400000215e+08 9.773921992499999702e+07 2.761258500000000000e+07 3.958745515999999829e+06
1.187332420699999928e+08 9.557207806999999285e+07 2.409699900000000000e+07 1.012942581099999994e+08
1.103666385400000215e+08 1.120534612000000030e+08 2.591345500000000000e+07 8.699719400000000373e+06
7.732819328999999166e+07 1.370368129000000060e+08 3.576320600000000000e+07 8.569443220000000671e+06
1.137722486509999931e+08 1.082763481299999952e+08 2.520646000000000000e+07 3.000568691600000113e+07
1.190668987399999946e+08 9.639823870999999344e+07 2.507826200000000000e+07 6.175343954999999702e+07
1.243150423799999952e+08 9.059615634999999404e+07 2.280392300000000000e+07 1.870829962500000000e+08
1.094349011899999976e+08 1.013264633499999940e+08 2.769337200000000000e+07 1.360268256999999983e+06
1.208129138100000024e+08 8.587781449819999933e+07 2.400789300000000000e+07 1.818623409704999924e+08
9.328270581000000238e+07 1.372401895000000000e+08 2.665612900000000000e+07 2.005241239499999955e+07
1.105282771700000018e+08 1.388741690000000000e+08 2.344208100000000000e+07 2.719164473999999836e+07
8.037193712000000477e+07 1.269161119699999988e+08 3.288992000000000000e+07 6.409890635999999940e+06
8.854763982600000501e+07 1.160718519000000060e+08 3.077976300000000000e+07 3.346372877900000196e+06
8.933076911000001431e+07 1.118172099500000030e+08 3.208863400000000000e+07 6.456054099999999162e+05
9.696317343000002205e+07 1.482299380000000000e+08 2.508254600000000000e+07 2.839362747000000253e+07
1.138136085999999940e+08 1.204919940000000000e+08 2.469654500000000000e+07 1.473075490000000037e+07
1.260226153799999952e+08 9.219586729999999702e+07 2.272865300000000000e+07 1.665730623499999940e+08
1.207205218770000041e+08 9.002682889000000060e+07 2.465957200000000000e+07 9.921664093600000441e+07
1.128442395400000066e+08 1.024206017199999988e+08 2.700960100000000000e+07 2.611550979999999981e+06
9.172521576999999583e+07 1.054499519048999995e+08 2.944072400000000000e+07 1.178954002020999938e+08
1.126997362820000052e+08 1.357163690000000000e+08 2.349098600000000000e+07 2.455025070930000022e+07
1.188775373800000399e+08 9.609391260999999940e+07 2.454504100000000000e+07 8.061096284999999404e+07
9.396058159999999404e+07 1.082628802060000002e+08 3.107686100000000000e+07 5.180998489999999874e+05
1.119458511299999952e+08 1.463037960000000000e+08 2.286976100000000000e+07 3.504390500000000000e+07
1.149655902000000179e+08 1.400142290000000000e+08 2.277269000000000000e+07 3.936295750000000000e+07
9.200728076999999583e+07 1.557402480000000000e+08 2.567471000000000000e+07 3.138208682999999821e+07
8.643359133000001311e+07 1.510328570000000000e+08 2.737301000000000000e+07 2.594888207000000030e+07
8.142941902000001073e+07 1.204868713199999928e+08 3.454020200000000000e+07 1.685319977999999886e+06
1.190453760160000026e+08 8.647159403509999812e+07 2.428062500000000000e+07 1.832423627948000133e+08
1.134224938320000172e+08 9.612464480799999833e+07 2.678131800000000000e+07 2.827352605059999973e+07
1.016454310999999940e+08 1.762682650000000000e+08 2.322555300000000000e+07 6.637182200000000000e+07
1.084141806599999964e+08 1.022684552399999946e+08 2.772263600000000000e+07 1.598486189999999944e+06
7.821282574600000679e+07 1.368737687299999893e+08 3.944162500000000000e+07 3.331547296000000089e+06
1.058436862199999988e+08 1.488909490000000000e+08 2.357199500000000000e+07 3.167063226999999955e+07
1.158849360799999982e+08 1.142005614000000060e+08 2.407546500000000000e+07 4.715125593999999762e+07
1.226092199299999774e+08 8.912751800000000000e+07 2.398188800000000000e+07 1.244714642000000030e+08
1.072621129370000064e+08 1.253725487000000030e+08 2.490280900000000000e+07 1.701401973699999973e+07
8.878940500000000000e+07 1.547350800000000000e+08 2.643210100000000000e+07 3.040428339999999851e+07
1.194142362800000012e+08 8.664066106000000238e+07 2.459909700000000000e+07 1.525841352150000036e+08
1.014003349399999976e+08 1.470662730000000000e+08 2.434561500000000000e+07 2.914922982999999821e+07
1.146367356600000411e+08 1.173957080000000000e+08 2.359136700000000000e+07 6.139949059000000358e+07
1.064802676099999845e+08 1.303222999000000060e+08 2.459085400000000000e+07 2.025088198000000045e+07
1.042771088500000238e+08 1.042887365300000012e+08 2.825010100000000000e+07 1.841379250000000000e+06
7.857049596800000966e+07 1.305165386899999976e+08 3.369499000000000000e+07 1.191953589499999955e+07
1.102118020999999940e+08 1.561133660000000000e+08 2.263688900000000000e+07 4.498004979999999702e+07
8.467850867100000381e+07 1.174653265300000012e+08 3.244763500000000000e+07 2.127303136099999771e+06
1.127404857699999958e+08 9.191203494599999487e+07 2.463930200000000000e+07 1.864006024099999964e+08
1.262722187399999946e+08 9.092171459999999404e+07 2.273861200000000000e+07 1.744362638499999940e+08
1.146976979400000423e+08 9.077295058799999952e+07 2.526467300000000000e+07 1.075232628320000023e+08
1.166988056800000221e+08 1.182770392999999970e+08 2.339459600000000000e+07 6.131220007999999821e+07
1.243007834329999983e+08 8.946064626000000536e+07 2.349295700000000000e+07 1.401741828490000069e+08
1.105687787979999781e+08 1.233241554000000060e+08 2.466109500000000000e+07 1.638733800100000016e+07
8.769098477000001073e+07 1.144311594229999930e+08 3.228535800000000000e+07 5.694213139999998966e+05
1.232551102600000054e+08 8.741584279999999702e+07 2.365866300000000000e+07 1.493732264199999869e+08
1.071274374710000008e+08 9.241772174779999256e+07 2.647626200000000000e+07 1.915672938817000091e+08
1.124851818400000036e+08 1.057370422000000030e+08 2.650680600000000000e+07 4.979866629999999888e+06
7.896125680000001192e+07 1.273080732699999958e+08 3.432412900000000000e+07 5.543293557000000030e+06
1.069748421599999815e+08 1.279809129000000060e+08 2.463211200000000000e+07 2.115735189999999851e+07
7.315002946999999881e+07 1.847953464000000060e+08 4.411826100000000000e+07 2.206201610000000149e+07
7.523224613999998569e+07 1.544190716999999881e+08 3.962424000000000000e+07 1.231827278999999911e+07
8.344797305000001192e+07 1.181626639599999934e+08 3.435055800000000000e+07 6.611922180000001099e+05
1.211130504399999827e+08 9.709811329999999702e+07 2.266920400000000000e+07 2.035139405000000000e+08
1.119321010070000440e+08 1.280914890000000000e+08 2.411065400000000000e+07 1.961572995509999990e+07
7.516717659999999404e+07 1.621017525000000000e+08 4.542790400000000000e+07 8.033875839999998920e+06
8.359531335099999607e+07 1.189559547300000042e+08 3.285028400000000000e+07 2.114131383100000210e+06
1.223697314699999988e+08 8.697936051600000262e+07 2.416978000000000000e+07 1.347453728860000074e+08
1.232422769200000167e+08 9.330072706000000238e+07 2.349310500000000000e+07 1.242526281599999964e+08
9.605525234000000358e+07 1.078856961180000007e+08 2.989955100000000000e+07 1.107999722999999998e+06
9.349587339000001550e+07 1.046284748199999928e+08 2.993529600000000000e+07 5.412016356000000238e+07
1.154328913100000024e+08 1.266794532999999970e+08 2.262947000000000000e+07 8.539558709999999404e+07
1.224460208799999952e+08 9.612164850000000000e+07 2.348862700000000000e+07 1.156081284899999946e+08
1.127766759900000393e+08 9.644646670000000298e+07 2.555177500000000000e+07 6.666155860000000149e+07
1.253294171400000006e+08 9.281099570000000298e+07 2.256958300000000000e+07 1.814003410099999905e+08
1.206857884599999934e+08 9.224029381999999285e+07 2.306920600000000000e+07 1.967082288799999952e+08
1.096063557900000215e+08 1.350778000000000000e+08 2.382815800000000000e+07 2.372405101199999824e+07
1.127735560419999808e+08 9.752627244300000370e+07 2.807669600000000000e+07 3.233052986000000034e+06
1.185455775129999965e+08 9.026632943400000036e+07 2.518624100000000000e+07 9.081847801700000465e+07
9.158114906999999285e+07 1.478230468000000119e+08 2.558716200000000000e+07 9.810779768999999762e+07
1.155716093030000180e+08 9.320570765000000596e+07 2.644552000000000000e+07 5.155273668500000238e+07
1.033232922999999970e+08 1.720481150000000000e+08 2.302032400000000000e+07 6.486066500000000000e+07
1.221450985950000435e+08 9.131439625000000000e+07 2.406926000000000000e+07 1.107813617759999931e+08
1.002793948050000072e+08 1.172480675999999940e+08 2.711778400000000000e+07 9.424749021500000730e+06
1.188127909899999797e+08 8.984701290000000596e+07 2.409141000000000000e+07 1.357510415099999905e+08
1.039894646000000238e+08 1.318443650000000000e+08 2.490978200000000000e+07 2.028735614999999851e+07
1.129162459000000209e+08 1.398528610000000000e+08 2.283522200000000000e+07 4.208980650000000000e+07
1.168965926200000048e+08 9.441875700000000000e+07 2.529325700000000000e+07 6.588461979999999702e+07
1.248225329400000423e+08 9.504216609999999404e+07 2.290255600000000000e+07 1.435222353199999928e+08
1.172069787689999938e+08 9.377389201999999583e+07 2.576078000000000000e+07 5.425082272299999744e+07
1.098961499099999964e+08 1.078990964000000060e+08 2.652217600000000000e+07 5.896313800000000745e+06
1.116698566899999976e+08 1.107273752999999970e+08 2.591249800000000000e+07 8.120779500000000000e+06
9.398758884100000560e+07 1.031079855162000060e+08 2.884166200000000000e+07 1.351083091340999901e+08
1.249335052300000042e+08 8.710309050000000000e+07 2.346230800000000000e+07 1.560723445999999940e+08
1.139501042699999958e+08 1.026188695999999940e+08 2.648788700000000000e+07 1.149271640000000037e+07
9.280325424899999797e+07 1.053684219070000052e+08 2.887077300000000000e+07 1.294973297801000029e+08
1.070917690499999970e+08 1.401367980000000000e+08 2.382136100000000000e+07 2.643993603200000152e+07
9.709995045999997854e+07 1.113598196700000018e+08 2.881019100000000000e+07 4.030225040000000037e+06
9.488015465000000596e+07 1.460078030000000000e+08 2.561785000000000000e+07 2.668708194000000134e+07
1.102765062176000029e+08 9.121546207548999786e+07 2.584097200000000000e+07 1.529036052827700078e+08
1.123738220999999940e+08 1.432733320000000000e+08 2.271290700000000000e+07 4.436960989999999851e+07
8.956597610999998450e+07 1.358777306999999881e+08 2.773922300000000000e+07 1.753272434799999744e+07
8.832310222999998927e+07 1.128824096860000044e+08 3.194658200000000000e+07 9.522712619999999879e+05
1.063520124699999988e+08 1.009614624220000058e+08 2.892133100000000000e+07 3.577496160000000382e+05
9.283637715999999642e+07 1.101562381089999974e+08 3.048811700000000000e+07 1.265189193000000203e+06
1.149937943305999935e+08 9.683086248499999940e+07 2.698879300000000000e+07 1.651436576439999975e+07
1.074209637300000042e+08 1.070582659000000060e+08 2.703251600000000000e+07 4.818970980000000447e+06
1.096658538340000063e+08 9.087826042370000482e+07 2.601030300000000000e+07 1.890307629972999990e+08
1.113051384449999928e+08 9.035989197089999914e+07 2.539049900000000000e+07 1.877069041006999910e+08
9.122025542200000584e+07 1.153871420799999982e+08 2.989179300000000000e+07 4.283756389499999583e+06
7.644140462000000477e+07 1.770059710000000000e+08 3.037263800000000000e+07 3.759982729999999702e+07
1.177252462600000054e+08 1.219792710000000000e+08 2.288011400000000000e+07 7.337660859999999404e+07
1.075843881099999994e+08 1.120490162999999970e+08 2.629942500000000000e+07 8.185177299999999814e+06
8.357510852999998629e+07 1.665610020000000000e+08 2.722009100000000000e+07 3.511807310000000149e+07
9.542713200000000000e+07 1.725425410000000000e+08 2.424014500000000000e+07 5.287706400000000000e+07
9.141673887000000477e+07 1.107630794619999975e+08 3.100674400000000000e+07 8.766638410000000149e+05
1.136099507399999946e+08 1.118937855699999928e+08 2.460593900000000000e+07 3.990105792000000179e+07
8.420444842699998617e+07 1.132085259880000055e+08 3.274619100000000000e+07 5.914826784339000285e+07
7.686552045999999344e+07 1.448367431999999881e+08 4.131928500000000000e+07 4.940763578999998979e+06
1.086113520999999940e+08 1.639330550000000000e+08 2.247757500000000000e+07 5.931890000000000000e+07
1.100464036459999979e+08 1.193728139000000060e+08 2.511089500000000000e+07 1.360074220350000076e+07
8.625136509999999404e+07 1.164132032999999970e+08 3.191262500000000000e+07 2.006444381000000052e+06
1.021494943620000035e+08 9.699301570700000226e+07 2.673665200000000000e+07 1.751569499253000021e+08
1.080433051099999845e+08 1.004316886299999952e+08 2.832253900000000000e+07 5.428858390000000363e+05
9.810702508499999344e+07 1.255319505999999940e+08 2.666303100000000000e+07 1.410437585400000028e+07
1.038831750199999958e+08 1.240144350999999940e+08 2.561256600000000000e+07 1.529272601899999939e+07
1.029038900600000024e+08 1.013455711819999963e+08 2.923596900000000000e+07 7.652107932000000030e+06
9.438577331999999285e+07 1.595364470000000000e+08 2.502693600000000000e+07 3.469350092000000179e+07
9.572711070600001514e+07 1.136529860999999940e+08 2.879404600000000000e+07 5.113053792400000617e+06
1.018815321400000155e+08 1.043622388680000007e+08 2.893299600000000000e+07 9.728564660000000149e+05
8.124367166000001132e+07 1.483123831999999881e+08 2.945511100000000000e+07 2.152555162999999896e+07
7.779670500000001490e+07 1.378593615399999917e+08 3.300612900000000000e+07 2.017368001000000164e+07
8.309419388199999928e+07 1.801231490000000000e+08 2.669012400000000000e+07 4.794153279999999702e+07
