1.205104128129999936e+08 9.201975008900000155e+07 2.362843300000000000e+07 1.341952764500000030e+08
1.184134410310000181e+08 9.479560907199999690e+07 2.512830700000000000e+07 6.629933292499999702e+07
9.881559781999999285e+07 1.084739785499999970e+08 2.885917100000000000e+07 2.721096680000000168e+06
9.763814062000000477e+07 1.075394359300000072e+08 2.944315200000000000e+07 1.498463608000000007e+06
1.138861400999999940e+08 1.275030170000000000e+08 2.404988600000000000e+07 1.938034519999999925e+07
1.152086964329999834e+08 9.791034641179999709e+07 2.771472800000000000e+07 1.456210842000000121e+05
1.154487560000000447e+08 1.364046540000000000e+08 2.284853700000000000e+07 4.183394300000000000e+07
1.156653798110000044e+08 9.361898290800000727e+07 2.610515100000000000e+07 5.154119148799999803e+07
1.122745083625999838e+08 1.288884370000000000e+08 2.401825900000000000e+07 2.018542791019999981e+07
1.251893314900000244e+08 8.984189725000000000e+07 2.286160300000000000e+07 1.781361442800000012e+08
9.095881865000000596e+07 1.128981167600000054e+08 3.046720500000000000e+07 2.511788240000000224e+06
1.153788490799999982e+08 1.152231607000000030e+08 2.418105100000000000e+07 4.150846977000000328e+07
8.164749447000001371e+07 1.293489957000000030e+08 3.159670800000000000e+07 8.841684540999999270e+06
1.083003605400000066e+08 1.058238137999999970e+08 2.708867700000000000e+07 4.090993000000000000e+06
1.088344343780000061e+08 1.262810832000000030e+08 2.461359200000000000e+07 1.785682239499999955e+07
1.136234637000000030e+08 1.146859715999999940e+08 2.530270300000000000e+07 1.094594219999999925e+07
1.139156145000000000e+08 1.204273134000000060e+08 2.469370400000000000e+07 1.476255800000000000e+07
1.192643817600000054e+08 9.610659653000000119e+07 2.499880500000000000e+07 6.488357153999999911e+07
9.080179025000000000e+07 1.596374860000000000e+08 2.568909900000000000e+07 3.456690370000000298e+07
1.161776818400000036e+08 1.061607691599999964e+08 2.545314800000000000e+07 2.515707612999999896e+07
1.086569322419999987e+08 1.253403235999999940e+08 2.472155500000000000e+07 1.719427353999999911e+07
1.038321145499999821e+08 1.579904750000000000e+08 2.349240700000000000e+07 3.854700339999999851e+07
1.258726912900000215e+08 9.167315879999999702e+07 2.284998000000000000e+07 1.610222081699999869e+08
1.029504803800000399e+08 1.093076060999999940e+08 2.766565700000000000e+07 4.820095889999999665e+06
1.201381393699999601e+08 8.800833999500000477e+07 2.370193300000000000e+07 1.861542872509999871e+08
8.385147610000002384e+07 1.847333230000000000e+08 2.640222900000000000e+07 5.139025950000000000e+07
1.067115072839999944e+08 9.553719373899999261e+07 2.557235000000000000e+07 1.823302995830000043e+08
1.226383270740000010e+08 9.112982981999999285e+07 2.332743900000000000e+07 1.448807764000000060e+08
1.206519283299999982e+08 9.070321779999999702e+07 2.445786000000000000e+07 1.023667893100000024e+08
1.253442361099999994e+08 8.541441759999999404e+07 2.349343000000000000e+07 1.699237014600000083e+08
9.401888560899999738e+07 1.163924775999999940e+08 2.881565200000000000e+07 6.436306103200000711e+06
1.246810857000000030e+08 8.960022909000000358e+07 2.343451300000000000e+07 1.414955755000000000e+08
1.066877409000000060e+08 1.355095090000000000e+08 2.409118400000000000e+07 2.588315300000000000e+07
1.154742932900000215e+08 9.740711570000000298e+07 2.638060000000000000e+07 2.760908373999999836e+07
1.094344783900000006e+08 9.213557037800000608e+07 2.546276400000000000e+07 1.842435187903000116e+08
8.159329339999999106e+07 1.901884070000000000e+08 2.700672100000000000e+07 5.768178100000000000e+07
1.129052732769999802e+08 9.671925991799999774e+07 2.707100300000000000e+07 2.076612534380000085e+07
9.408990260400000215e+07 1.025768369819000065e+08 2.940780000000000000e+07 1.399887982685000002e+08
1.245671368900000006e+08 9.475810320000000298e+07 2.285304900000000000e+07 1.481488071399999857e+08
8.303473579999999702e+07 1.893635670000000000e+08 2.652412700000000000e+07 6.042854700000000000e+07
1.125968105199999958e+08 1.056309725999999940e+08 2.651945100000000000e+07 4.836252259999999776e+06
1.083655763499999940e+08 1.008022503009999990e+08 2.815792200000000000e+07 4.518472619999999879e+05
1.105968614039999992e+08 9.633398181599999964e+07 2.747057700000000000e+07 2.780499225899999961e+07
1.134613567399999797e+08 1.185083329000000060e+08 2.397320700000000000e+07 4.519586381000000238e+07
1.119356477700000405e+08 9.793858492499999702e+07 2.820481000000000000e+07 2.141379115999999922e+06
1.204990344300000221e+08 8.630743817000000179e+07 2.419499300000000000e+07 1.584744276730000079e+08
1.049600146720000207e+08 1.175780979000000060e+08 2.609366400000000000e+07 1.124550269700000063e+07
1.189457320150000155e+08 9.159377329999999702e+07 2.508037700000000000e+07 8.103796268199999630e+07
1.123233025999999940e+08 1.157124097999999970e+08 2.526018500000000000e+07 1.158424930000000075e+07
7.515300993999999762e+07 1.551927780999999940e+08 3.984488000000000000e+07 1.242207292999999970e+07
1.072136827199999988e+08 1.303845600000000000e+08 2.449390200000000000e+07 2.015886505099999905e+07
1.065049006840000004e+08 1.008929723799999952e+08 2.893608900000000000e+07 3.219096974000000046e+05
1.133612971000000238e+08 1.356033890000000000e+08 2.345940500000000000e+07 2.457803419999999925e+07
1.197662287049999982e+08 9.033659809299999475e+07 2.485865600000000000e+07 9.348724570900000632e+07
1.261864320199999958e+08 8.979445806999999285e+07 2.288326600000000000e+07 1.710300909199999869e+08
1.037849863900000006e+08 1.028240894399999976e+08 2.885500600000000000e+07 5.440231589999999851e+05
1.056127315600000024e+08 1.002057199000000060e+08 2.748549000000000000e+07 3.077293289000000060e+07
1.214349847399999946e+08 8.653634310999999940e+07 2.412729100000000000e+07 1.483964637680000067e+08
1.168655492199999839e+08 9.365546720000000298e+07 2.561278800000000000e+07 5.965476011999999732e+07
9.348338329999999702e+07 1.787498320000000000e+08 2.439562300000000000e+07 6.422078900000000000e+07
1.101818615900000036e+08 1.011901683799999952e+08 2.763880300000000000e+07 1.196382391999999993e+06
8.072529095999999344e+07 1.782427910000000000e+08 2.766044900000000000e+07 4.102100139999999851e+07
1.230693216500000060e+08 9.554273159999999404e+07 2.308758300000000000e+07 1.356202388600000143e+08
1.169737262010000050e+08 8.701906443230000138e+07 2.486577400000000000e+07 1.824852722596000135e+08
1.063880630510000437e+08 1.206223825999999940e+08 2.549535500000000000e+07 1.371584821299999952e+07
1.066829931700000018e+08 1.019463792000000030e+08 2.483976900000000000e+07 1.942675941500000060e+08
8.149776061000001431e+07 1.209917401899999976e+08 3.379351900000000000e+07 2.496844060699999798e+06
1.039176962600000054e+08 1.451957690000000000e+08 2.402887000000000000e+07 2.874772600000000000e+07
1.007766365999999940e+08 1.004421520199999958e+08 2.656057800000000000e+07 1.737580059289999902e+08
8.496609757000000775e+07 1.132609151299999952e+08 3.303827600000000000e+07 1.792811964400000125e+07
1.010333224599999934e+08 1.045234664019999951e+08 2.930034500000000000e+07 4.701002210000000196e+05
9.763074301999999583e+07 1.570970030000000000e+08 2.453907100000000000e+07 3.435256871999999881e+07
1.146289119609999955e+08 9.461274881100000441e+07 2.618786200000000000e+07 4.639471652799999714e+07
1.239435546899999976e+08 9.170318873999999464e+07 2.349509000000000000e+07 1.297162275000000000e+08
7.780899140000000596e+07 1.358975775000000000e+08 3.344584100000000000e+07 1.097008685999999940e+07
7.935510917000001669e+07 1.256375267099999934e+08 3.437919300000000000e+07 4.589581611999999732e+06
1.127884507219999582e+08 1.366708690000000000e+08 2.341255000000000000e+07 2.535714503000000119e+07
1.076413033199999928e+08 9.734671229500000179e+07 2.707204900000000000e+07 4.461961264899999648e+07
1.102385162699999958e+08 1.399483000000000000e+08 2.345300100000000000e+07 2.691390174300000072e+07
1.019006483400000036e+08 1.092352755999999940e+08 2.791622800000000000e+07 4.438238929999999702e+06
1.120843778700000048e+08 1.103750632000000030e+08 2.591344400000000000e+07 7.959197200000000186e+06
8.132789233000001311e+07 1.245661151400000006e+08 3.272465200000000000e+07 5.272955995000000112e+06
7.848168391000001132e+07 1.545702620999999940e+08 3.032041100000000000e+07 2.433298430000000075e+07
1.126669707800000161e+08 1.458326270000000000e+08 2.289237900000000000e+07 3.337829480000000075e+07
9.598751478000000119e+07 1.079324447939999998e+08 3.009709300000000000e+07 6.247326350000000093e+05
8.401823836200001836e+07 1.188561406899999976e+08 3.251605600000000000e+07 2.494727573200000450e+06
9.252288769200000167e+07 1.040583492805999964e+08 2.980828000000000000e+07 1.298454373893000036e+08
1.017445074000000060e+08 1.762057160000000000e+08 2.321295700000000000e+07 6.635852000000000000e+07
1.092297975900000185e+08 9.815817881000000238e+07 2.462076400000000000e+07 1.899858093300000131e+08
1.220259712400000244e+08 8.996665479999999702e+07 2.403869700000000000e+07 1.188260538900000006e+08
1.079338981400000155e+08 1.027997033199999928e+08 2.767116400000000000e+07 2.048334825999999885e+06
1.135620450300000012e+08 1.253296967000000030e+08 2.294624600000000000e+07 7.872190832999999821e+07
1.161598244800000042e+08 1.237787737999999970e+08 2.277911600000000000e+07 7.893026829999999702e+07
1.143987502999999821e+08 1.390444770000000000e+08 2.284652200000000000e+07 3.863547250000000000e+07
1.095076774620000422e+08 1.320042950000000000e+08 2.407089000000000000e+07 2.163868532999999821e+07
1.037384856550000012e+08 1.200022987999999970e+08 2.605909400000000000e+07 1.248931847900000028e+07
9.515850620000000298e+07 1.754488470000000000e+08 2.417705400000000000e+07 5.935487000000000000e+07
7.645522322999998927e+07 1.794018580000000000e+08 3.032687400000000000e+07 3.900696610000000149e+07
7.286743720000000298e+07 1.872607626999999881e+08 4.186833600000000000e+07 2.705964969999999925e+07
8.974665208000001311e+07 1.426380660000000000e+08 2.709455900000000000e+07 2.203165005000000075e+07
8.719684950000000000e+07 1.148738494229999930e+08 3.246607700000000000e+07 5.694213139999998966e+05
1.149837448400000185e+08 9.737089165999999642e+07 2.687564600000000000e+07 1.711389626000000164e+07
9.593277642000001669e+07 1.312375657000000030e+08 2.658979000000000000e+07 1.705175428099999949e+07
9.245819274699999392e+07 1.262374030999999940e+08 2.795903700000000000e+07 1.235962520199999958e+07
1.126125612269999981e+08 9.585664243700000644e+07 2.664371900000000000e+07 3.600880711100000143e+07
1.139142820999999940e+08 9.425268615999999642e+07 2.587051900000000000e+07 6.056755006000000238e+07
1.195253891019999981e+08 9.399900181000000238e+07 2.492673400000000000e+07 7.398895305599999428e+07
8.205934179000002146e+07 1.406037111999999881e+08 2.985231700000000000e+07 1.708659805999999866e+07
8.869904354999998212e+07 1.600933230000000000e+08 2.619887200000000000e+07 3.276544317999999970e+07
1.136231067249999940e+08 9.723986962800000608e+07 2.759496700000000000e+07 7.191977870999999344e+06
1.171857687399999946e+08 1.184091050999999940e+08 2.340740600000000000e+07 5.958733329999999702e+07
1.162184766200000048e+08 1.186137250000000000e+08 2.334899300000000000e+07 6.347395286999999732e+07
1.124673447900000066e+08 1.019047932800000012e+08 2.711930400000000000e+07 2.362996330000000075e+06
7.696763731099998951e+07 1.495449216500000060e+08 4.425786100000000000e+07 3.416963731000000145e+06
1.069211474669999927e+08 1.114590627999999970e+08 2.646725800000000000e+07 7.907615026999999769e+06
9.825835252500000596e+07 9.893771831790000200e+07 2.825495700000000000e+07 1.697012027786000073e+08
1.141177618699999601e+08 1.011830093700000048e+08 2.710186500000000000e+07 2.028091530000000028e+06
7.855986709000000358e+07 1.291268974699999988e+08 3.422452300000000000e+07 9.525911173000000417e+06
1.098101480000000447e+08 1.496111880000000000e+08 2.278071500000000000e+07 4.383891410000000149e+07
1.185616455300000012e+08 9.006963242000000179e+07 2.441841000000000000e+07 1.181700090100000054e+08
1.123267729000000060e+08 1.211370239000000060e+08 2.470493000000000000e+07 1.513546280000000075e+07
1.058306181599999964e+08 1.331206020000000000e+08 2.449347400000000000e+07 2.164984918200000003e+07
1.029053358500000238e+08 9.797281893000000715e+07 2.802030400000000000e+07 6.938107036399999261e+07
8.910701473000000417e+07 1.124445679880000055e+08 3.178263900000000000e+07 6.836644740000000456e+05
8.792296747999998927e+07 1.387973364000000060e+08 2.792316400000000000e+07 1.882088771999999881e+07
8.138128557699999213e+07 1.227517097800000012e+08 3.315845200000000000e+07 3.987019976999999955e+06
7.291063309000000358e+07 1.957298624000000060e+08 4.069432700000000000e+07 3.286493039999999851e+07
8.375744688000001013e+07 1.329033512000000030e+08 3.002702900000000000e+07 1.284242890799999982e+07
1.058642719900000244e+08 1.024933380330000073e+08 2.830410300000000000e+07 9.412416450000000186e+05
9.935649510999999940e+07 1.049197057169999927e+08 2.983506200000000000e+07 5.043256969999999856e+05
9.118861856999999285e+07 1.109724737070000023e+08 3.098884300000000000e+07 1.050961897000000114e+06
1.141168168419999778e+08 8.843496177079999447e+07 2.528382800000000000e+07 1.853376638761000037e+08
1.235237470699999928e+08 8.622675282999999821e+07 2.388527000000000000e+07 1.475299309749999940e+08
9.093357073800000548e+07 1.158797043299999982e+08 2.986077100000000000e+07 4.709195440599999391e+06
1.090716090400000066e+08 9.740669570000000298e+07 2.615427700000000000e+07 6.548065470000000298e+07
8.715822633400000632e+07 1.158952217300000042e+08 3.142408200000000000e+07 2.559846412899999879e+06
8.417283581999999285e+07 1.780544680000000000e+08 2.657547300000000000e+07 4.308623939999999851e+07
9.122266720000000298e+07 1.841774490000000000e+08 2.476186200000000000e+07 6.698580000000000000e+07
1.071756476400000155e+08 1.373828060000000000e+08 2.398463500000000000e+07 2.468202162700000033e+07
1.100588180199999958e+08 1.422556385999999940e+08 2.264005100000000000e+07 1.101830222000000030e+08
1.209429147099999934e+08 9.720588470000000298e+07 2.268485100000000000e+07 2.063392855000000000e+08
7.644405793000000715e+07 1.446045619000000060e+08 3.538597800000000000e+07 1.296672259999999963e+07
1.076979306659999937e+08 9.838537571099999547e+07 2.759815200000000000e+07 2.375265453400000185e+07
8.714211865999999642e+07 1.246579515999999940e+08 2.978236400000000000e+07 9.107346017999999225e+06
8.327694821999999881e+07 1.182873831539999992e+08 3.360992500000000000e+07 1.237085583000000101e+06
1.019422668100000471e+08 1.133079765999999940e+08 2.728820300000000000e+07 7.245938703599999659e+06
1.072034757999999970e+08 1.662277750000000000e+08 2.260564300000000000e+07 5.962983700000000000e+07
8.617155754000000656e+07 1.884297660000000000e+08 2.572722100000000000e+07 6.679579900000000000e+07
9.383316232000002265e+07 1.099301608299999982e+08 3.011958900000000000e+07 1.698703648000000045e+06
8.039231783000001311e+07 1.639612270000000000e+08 2.855689300000000000e+07 3.147411923999999836e+07
9.413902934999999404e+07 1.391491960000000000e+08 2.630887400000000000e+07 2.155050493800000101e+07
7.931267979000002146e+07 1.693904050000000000e+08 2.871112800000000000e+07 3.506071090000000596e+07
7.643010901999999583e+07 1.551753258000000119e+08 3.205294100000000000e+07 2.338182210000000149e+07
8.187173287999999523e+07 1.733810500000000000e+08 2.727106900000000000e+07 5.129924989999999851e+07
1.207680242199999988e+08 9.381996995000000298e+07 2.444739400000000000e+07 8.897001968999999762e+07
9.071188132999999821e+07 1.064532828799999952e+08 3.023376700000000000e+07 7.004829853700000048e+07
8.193274830000001192e+07 1.251921316099999994e+08 3.218740900000000000e+07 6.088214458999999799e+06
1.231987901234999597e+08 8.447255029086999595e+07 2.411123900000000000e+07 1.778483223148399889e+08
8.726637848000001907e+07 1.681406610000000000e+08 2.610717500000000000e+07 3.901332490000000596e+07
1.188914481099999845e+08 9.234318550000000000e+07 2.455816500000000000e+07 9.531146059999999404e+07
1.120271503300000429e+08 1.322735234000000060e+08 2.272213500000000000e+07 9.055792440000000596e+07
1.128099970620000064e+08 1.095927020000000000e+08 2.526948100000000000e+07 2.660773745100000128e+07
