9.187923371999999881e+07 1.427925755999999940e+08 2.639146100000000000e+07 2.880222869999999925e+07
1.142619582399999946e+08 9.080662890999999642e+07 2.510935200000000000e+07 1.182726937339999974e+08
9.586286632999999821e+07 1.074418938750000000e+08 3.044233900000000000e+07 3.519539000000000233e+05
1.008993231200000048e+08 1.343151450999999940e+08 2.520144100000000000e+07 2.312634630000000075e+07
1.147492109099999964e+08 1.181298460999999940e+08 2.467615000000000000e+07 1.888647439999999851e+07
1.148658656800000072e+08 9.789544915600000322e+07 2.758631200000000000e+07 2.038055699000000022e+06
1.125531134000000060e+08 1.457509580000000000e+08 2.260883500000000000e+07 4.520866460000000149e+07
1.235682831000000238e+08 9.416171820000000298e+07 2.280658800000000000e+07 1.582765425300000012e+08
9.953347032000002265e+07 1.033819331700000018e+08 2.950525600000000000e+07 8.501606118000000715e+06
1.093139098729999959e+08 1.142019402699999958e+08 2.501278500000000000e+07 3.600589336800000072e+07
1.115469974000000060e+08 1.169999850999999940e+08 2.519700600000000000e+07 1.222648640000000037e+07
1.179044859699999988e+08 9.323815754000000656e+07 2.342523100000000000e+07 1.933400770099999905e+08
1.168228014599999934e+08 9.731064409999999404e+07 2.641491200000000000e+07 2.527571044000000134e+07
1.147337577010000050e+08 9.684576000100000203e+07 2.699790800000000000e+07 1.670640800000000000e+07
1.166192554500000030e+08 1.142161985999999940e+08 2.405635700000000000e+07 4.676763572999999672e+07
1.134683204200000018e+08 1.051322407999999970e+08 2.652426600000000000e+07 4.597175810000000522e+06
1.020586573700000048e+08 1.043884423429999948e+08 2.889285600000000000e+07 9.439733519999999553e+05
1.144218419500000030e+08 1.109021689599999934e+08 2.466397700000000000e+07 3.855058347999999672e+07
8.921615974000002444e+07 1.127244778199999928e+08 3.132259500000000000e+07 1.446174063000000082e+06
1.113227997339999974e+08 8.993626091570000350e+07 2.572861700000000000e+07 1.875369123968999982e+08
1.157608828499999940e+08 1.060433916800000072e+08 2.571832200000000000e+07 1.873387082000000030e+07
9.529422323100000620e+07 1.025954885439999998e+08 2.828619300000000000e+07 1.441693906592999995e+08
8.687806445300000906e+07 1.100143869099999964e+08 3.161563900000000000e+07 8.151115287649999559e+07
1.206633811560000032e+08 9.307247521999999881e+07 2.451905200000000000e+07 8.947035426500000060e+07
1.153531281000000238e+08 1.291659500000000000e+08 2.347273900000000000e+07 3.228218269999999925e+07
1.142393042199999988e+08 1.224201955999999940e+08 2.341142700000000000e+07 5.575806339999999851e+07
1.087647275349999964e+08 1.213595967999999970e+08 2.508383500000000000e+07 1.457478949320000038e+07
1.138653002999999970e+08 1.146716460999999940e+08 2.529232300000000000e+07 1.097874880000000075e+07
1.222231498990000039e+08 9.081427609999999404e+07 2.384103800000000000e+07 1.222078926669999957e+08
1.130990165000000000e+08 1.440992620000000000e+08 2.288211300000000000e+07 3.392686750000000000e+07
1.126614448800000399e+08 1.018960300400000066e+08 2.711032200000000000e+07 2.277839990000000224e+06
1.207470663190000057e+08 8.888132993299999833e+07 2.451262100000000000e+07 1.120498796560000032e+08
1.085087058800000399e+08 1.058363425000000000e+08 2.703720200000000000e+07 4.229121570000000298e+06
1.139137412000000030e+08 1.189312322999999970e+08 2.391494700000000000e+07 4.477084929999999702e+07
1.221843206599999964e+08 8.498603331299999356e+07 2.430589300000000000e+07 1.681144060539999902e+08
1.130752824000000060e+08 1.280166140000000000e+08 2.404489000000000000e+07 1.963537969999999925e+07
1.120890837900000215e+08 1.104370157000000030e+08 2.590257600000000000e+07 8.029028400000000373e+06
1.169945534800000191e+08 1.230883759000000060e+08 2.282385700000000000e+07 7.510554950000000000e+07
1.124930923840000033e+08 1.359706990000000000e+08 2.348290100000000000e+07 2.474589757149999961e+07
7.721384591000001132e+07 1.855594260000000000e+08 2.946495700000000000e+07 4.444523650000000000e+07
1.118062385000000000e+08 1.065001595000000000e+08 2.646522800000000000e+07 5.402141750000000000e+06
8.262058825520001352e+07 1.153265752999999970e+08 3.365166300000000000e+07 3.813671474400000274e+07
1.077030964000000060e+08 1.638507920000000000e+08 2.255150900000000000e+07 6.212077300000000000e+07
7.900486581999999285e+07 1.456392723860000074e+08 4.436264500000000000e+07 1.253512510000000009e+06
1.264448896299999952e+08 8.967539564000000060e+07 2.288582300000000000e+07 1.710207096599999964e+08
1.077303232399999797e+08 1.182995462000000030e+08 2.530967400000000000e+07 1.974494150000000000e+07
1.143140157700000405e+08 1.115424622999999970e+08 2.503500500000000000e+07 2.510012505000000075e+07
9.113529026000000536e+07 1.109679643340000063e+08 3.098285100000000000e+07 1.209822027000000002e+06
1.244275690100000054e+08 8.990740775999999046e+07 2.287430800000000000e+07 1.846494760200000107e+08
9.301335326999999583e+07 1.096990405259999931e+08 3.065709100000000000e+07 7.921507249999999767e+05
1.103220441640000045e+08 9.198773702378000319e+07 2.555275500000000000e+07 1.403793951345199943e+08
1.222398704099999964e+08 9.609080570000000298e+07 2.330100600000000000e+07 1.249129960000000000e+08
9.007155708000001311e+07 1.067397502766000032e+08 3.016464500000000000e+07 1.092887342392999977e+08
9.267065726000000536e+07 1.579176170000000000e+08 2.543375600000000000e+07 3.296950636000000313e+07
9.896168870000000298e+07 1.062255503910000026e+08 2.942873300000000000e+07 8.855576830000000773e+05
1.114815942999999821e+08 1.277905872999999970e+08 2.321479900000000000e+07 6.639575660000000149e+07
1.073137454839999974e+08 9.230036698190000653e+07 2.644159600000000000e+07 1.912461982685000002e+08
1.181139476158999950e+08 9.466492130969999731e+07 2.505432100000000000e+07 6.966510229279999435e+07
7.708690488000001013e+07 1.393792945999999940e+08 3.764905000000000000e+07 7.117601520000000484e+06
8.719568284000000358e+07 1.097517232599000037e+08 3.127285700000000000e+07 8.634982765569999814e+07
1.247288875799999982e+08 8.684031400000000000e+07 2.348422100000000000e+07 1.578270430200000107e+08
7.894196906999999285e+07 1.840293030000000000e+08 2.829554700000000000e+07 4.456146479999999702e+07
1.120899616800000072e+08 9.382919598199999332e+07 2.593069300000000000e+07 7.279686594900000095e+07
1.157449038586000204e+08 9.474402406319999695e+07 2.405150800000000000e+07 1.316175458516999930e+08
1.205917904599999934e+08 9.472388040000000596e+07 2.448328900000000000e+07 8.474597793999999762e+07
1.214755729999999553e+08 9.324944125000000000e+07 2.348011100000000000e+07 1.300532154699999988e+08
1.145558950000000000e+08 1.303253200000000000e+08 2.346675600000000000e+07 3.100322369999999925e+07
1.131159922099999934e+08 9.614119437000000477e+07 2.404952000000000000e+07 1.765128827700000107e+08
1.177747292339999974e+08 8.678763991570000350e+07 2.458896200000000000e+07 1.833002323968999982e+08
1.138204726099999994e+08 1.012716793199999928e+08 2.710712800000000000e+07 2.058213040000000037e+06
8.950436239999999106e+07 1.116745367989999950e+08 3.211318600000000000e+07 6.095068510000000242e+05
1.092924478499999940e+08 1.380998666999999881e+08 2.283849500000000000e+07 1.006651862999999970e+08
1.113486339800000042e+08 1.497828390000000000e+08 2.289946400000000000e+07 3.430606889999999851e+07
9.169444480900000036e+07 1.048674459241999984e+08 3.005646700000000000e+07 1.246429672929999977e+08
8.967601871999999881e+07 1.489288720000000000e+08 2.663201800000000000e+07 2.609842551999999955e+07
9.784973135999999940e+07 1.065015501700000018e+08 2.975036500000000000e+07 6.527609270000000251e+05
1.217543129680999815e+08 8.520799920620000362e+07 2.404827500000000000e+07 1.766420674723519981e+08
1.043993670719999969e+08 9.572078809399999678e+07 2.623239400000000000e+07 1.791663833395999968e+08
9.575181765000000596e+07 1.106037483400000036e+08 2.931688900000000000e+07 3.054328600000000093e+06
1.160398666459999830e+08 9.219412960600000620e+07 2.591014700000000000e+07 6.780679994200000167e+07
8.436754191000001132e+07 1.458244285999999940e+08 2.839022800000000000e+07 2.288491800000000000e+07
8.553193073300001025e+07 1.891636800000000000e+08 2.586856400000000000e+07 6.642097600000000000e+07
8.869272759100002050e+07 1.079907480652000010e+08 3.098385000000000000e+07 9.899412900830000639e+07
1.022109362199999988e+08 1.426963880000000000e+08 2.443221600000000000e+07 2.708650221999999881e+07
9.168011382500001788e+07 1.073555741509999931e+08 2.905291100000000000e+07 1.214362567520000041e+08
8.929884648000000417e+07 1.534438018000000119e+08 2.589725000000000000e+07 1.015640497999999970e+08
7.725137334700000286e+07 1.613016155699999928e+08 4.851868400000000000e+07 2.980908066000000108e+06
7.635983951999999583e+07 1.782442060000000000e+08 3.048227800000000000e+07 3.808606260000000149e+07
8.311187999000000954e+07 1.186519852800000012e+08 3.343785900000000000e+07 1.553540730999999912e+06
1.246315737900000215e+08 8.984449121999999881e+07 2.333823900000000000e+07 1.450896829300000072e+08
1.062471608799999952e+08 1.010613607549999952e+08 2.881342800000000000e+07 4.310327100000000210e+05
1.077604339900000393e+08 1.007888406519999951e+08 2.825012800000000000e+07 6.444971629999999423e+05
7.497509161000001431e+07 1.715846016999999881e+08 4.824605200000000000e+07 8.803276460000000894e+06
1.218537737399999946e+08 9.347875825000000000e+07 2.408649100000000000e+07 1.017565610999999940e+08
1.200562559599999934e+08 9.015019190000000596e+07 2.361301300000000000e+07 1.542674963000000119e+08
1.187023902000000030e+08 9.015789312999999523e+07 2.494987500000000000e+07 9.642395579099999368e+07
9.063294470000000298e+07 1.758976160000000000e+08 2.509887200000000000e+07 4.879962720000000298e+07
9.903805315999999642e+07 9.982257048999999464e+07 2.768604200000000000e+07 1.062351702500000000e+08
7.449955914000000060e+07 1.672224920000000000e+08 4.521433600000000000e+07 1.103581258000000007e+07
1.097583010339999944e+08 9.082444742370000482e+07 2.599407700000000000e+07 1.889353029972999990e+08
7.286371495000000298e+07 1.874342801999999881e+08 4.185501700000000000e+07 2.716113530000000075e+07
9.615978236399999261e+07 1.007143237373999953e+08 2.880241700000000000e+07 1.535099689167000055e+08
1.208922102600000203e+08 9.674167490000000596e+07 2.270942900000000000e+07 2.052285391999999881e+08
8.073444182000002265e+07 1.766323130000000000e+08 2.772180000000000000e+07 3.995633329999999702e+07
9.410812375699999928e+07 1.219733265999999940e+08 2.801546700000000000e+07 1.029767112700000033e+07
1.104213176989999563e+08 1.243899814000000060e+08 2.457979700000000000e+07 1.706654607100000232e+07
1.195949974950000048e+08 8.738899891899999976e+07 2.392062100000000000e+07 1.850011063212000132e+08
8.091177163000001013e+07 1.438263120000000000e+08 3.004806600000000000e+07 1.839054244000000134e+07
1.242385246200000197e+08 9.538769359999999404e+07 2.287617400000000000e+07 1.450216598899999857e+08
1.064148443400000036e+08 1.170917557000000030e+08 2.586865000000000000e+07 1.140685439599999972e+07
7.907817693999998271e+07 1.265856462699999958e+08 3.432954400000000000e+07 6.754840372999999672e+06
1.202930451280000061e+08 9.248452166099999845e+07 2.385533000000000000e+07 1.198882984200000018e+08
1.103128873499999940e+08 1.010343977500000000e+08 2.761697700000000000e+07 1.250922112000000197e+06
1.078996739300000072e+08 1.389221290000000000e+08 2.378272100000000000e+07 2.587932697300000116e+07
8.301004859000000358e+07 1.317314269000000060e+08 3.051890900000000000e+07 1.157244620700000040e+07
9.533609706000000238e+07 1.019239695899000019e+08 2.854758800000000000e+07 1.243104405711999983e+08
1.043125767000000030e+08 1.257673250999999940e+08 2.499619900000000000e+07 3.279584850000000000e+07
1.044092283599999994e+08 1.041018057699999958e+08 2.827763800000000000e+07 1.654330689999999944e+06
8.366146973999999464e+07 1.149579613700000048e+08 3.361846400000000000e+07 1.469206723000000045e+07
1.036270065000000000e+08 1.478059680000000000e+08 2.394826500000000000e+07 3.029342772000000253e+07
1.076549532699999958e+08 1.105591067000000030e+08 2.648325500000000000e+07 7.227859099999999627e+06
9.205113046699999273e+07 1.157507027000000030e+08 2.954779000000000000e+07 4.949921611600000411e+06
1.013433889000000060e+08 1.548021500000000000e+08 2.376309800000000000e+07 4.352433829999999702e+07
8.135456519000001252e+07 1.239386317399999946e+08 3.285352600000000000e+07 4.851059694000000134e+06
7.769861087000000477e+07 1.455087728000000119e+08 3.193454700000000000e+07 1.795825037000000104e+07
1.092216213100000024e+08 1.435372970000000000e+08 2.333893000000000000e+07 2.984168832000000030e+07
8.987446575239998102e+07 1.141861546800000072e+08 3.062660400000000000e+07 2.753706080880000256e+06
1.046931138599999845e+08 1.000603305069999993e+08 2.810393400000000000e+07 2.108795674799999967e+07
8.518166667999999225e+07 1.718775850000000000e+08 2.654563100000000000e+07 3.893258220000000298e+07
1.095682787769999802e+08 9.648817856999999285e+07 2.684244200000000000e+07 4.295807832599999756e+07
1.038006049600000232e+08 1.383401030000000000e+08 2.442228300000000000e+07 2.527647919000000134e+07
7.845884580000001192e+07 1.669762490000000000e+08 2.935175000000000000e+07 3.261263619000000134e+07
8.114444741000002623e+07 1.525292105999999940e+08 2.890551600000000000e+07 5.713951034000000358e+07
8.465990705000001192e+07 1.261576427000000030e+08 3.061231600000000000e+07 8.460393123999999836e+06
8.253410099000000954e+07 1.279141389000000060e+08 3.132621400000000000e+07 8.581829747999999672e+06
8.125016875000000000e+07 1.207689719300000072e+08 3.453309300000000000e+07 1.838433523000000045e+06
7.729963926999999583e+07 1.431152526999999881e+08 3.268521900000000000e+07 1.569006791999999993e+07
7.371052871999999881e+07 1.709275645999999940e+08 4.318619300000000000e+07 1.620043213000000082e+07
7.300612144400000572e+07 1.953023283000000119e+08 4.028128800000000000e+07 3.319418239999999851e+07
1.148788752999999821e+08 1.389400420000000000e+08 2.290545900000000000e+07 3.572270889999999851e+07
9.804413207999999821e+07 1.430754810000000000e+08 2.519754600000000000e+07 2.548731923999999836e+07
1.103852128199999928e+08 1.525031980000000000e+08 2.288433100000000000e+07 3.637230220000000298e+07
1.100083922409999967e+08 1.325418760000000000e+08 2.396452600000000000e+07 2.216130941200000048e+07
1.006784427600000054e+08 9.700190549869999290e+07 2.766321400000000000e+07 1.797479696471999884e+08
8.718452363379999995e+07 1.148573387900000066e+08 3.169522000000000000e+07 1.981811462325999979e+06
1.209519491200000048e+08 9.630723009999999404e+07 2.389381100000000000e+07 1.006923671400000006e+08
