8.972118890000002086e+07 1.118726931130000055e+08 3.175681800000000000e+07 5.389020330000000540e+05
1.126540251999999583e+08 1.150061605999999940e+08 2.531575600000000000e+07 1.113962030000000075e+07
9.686591509999999404e+07 1.072746531130000055e+08 2.997715600000000000e+07 5.389020330000000540e+05
1.187627372239999771e+08 9.180558722699999809e+07 2.523558500000000000e+07 7.576154047100000083e+07
1.030510134000000060e+08 1.538999610000000000e+08 2.345576800000000000e+07 4.929897379999999702e+07
1.262051897889999598e+08 8.739205745000000298e+07 2.316592400000000000e+07 1.693687916529999971e+08
1.119953414070000052e+08 1.282576340000000000e+08 2.409953900000000000e+07 1.964093455510000139e+07
1.105202036000000238e+08 1.531767290000000000e+08 2.268057100000000000e+07 4.282320270000000298e+07
1.235738949250000417e+08 8.672471043400000036e+07 2.400900700000000000e+07 1.377446007139999866e+08
1.169013507000000179e+08 1.164101285000000000e+08 2.352762400000000000e+07 6.062897975999999791e+07
1.151199803100000173e+08 1.047715154899999946e+08 2.617365000000000000e+07 1.149135055000000075e+07
1.211045300900000036e+08 8.992310606999999285e+07 2.441778500000000000e+07 1.070740671400000006e+08
9.961269481999999285e+07 1.047094715289999992e+08 3.008186000000000000e+07 3.378341720000000205e+05
1.264192999500000030e+08 9.021876898999999464e+07 2.283559800000000000e+07 1.708722220800000131e+08
1.144394068400000036e+08 1.009411045600000024e+08 2.712390000000000000e+07 1.884144831999999937e+06
8.348413725999999046e+07 1.180360316669999957e+08 3.432108900000000000e+07 6.916395000000000000e+05
1.106001962000000030e+08 1.083419507000000030e+08 2.635589000000000000e+07 6.399615750000000000e+06
1.200566153599999845e+08 9.312193956999999285e+07 2.456156500000000000e+07 8.872419338799999654e+07
1.116697865600000024e+08 1.492399540000000000e+08 2.289088100000000000e+07 3.408145470000000298e+07
1.144438865999999940e+08 1.388106770000000000e+08 2.288459200000000000e+07 3.734028750000000000e+07
1.127048480000000000e+08 1.212767034000000060e+08 2.467074100000000000e+07 1.521200019999999925e+07
1.134987698100000024e+08 9.311676855799999833e+07 2.570953700000000000e+07 7.595544484499999881e+07
8.541307084000001848e+07 1.165474599660000056e+08 3.291985800000000000e+07 8.105597759999999544e+05
1.139191381400000006e+08 1.049631382999999970e+08 2.651857300000000000e+07 4.560543990000000224e+06
1.150577150799999833e+08 1.069100526599999964e+08 2.538659200000000000e+07 2.617283476000000164e+07
1.125444415000000000e+08 1.432294010000000000e+08 2.270852700000000000e+07 4.384163610000000149e+07
8.606659368999999762e+07 1.886168530000000000e+08 2.574997000000000000e+07 6.676321700000000000e+07
1.082428732900000066e+08 1.463392390000000000e+08 2.333281100000000000e+07 3.124774033999999985e+07
8.027957250000001490e+07 1.893990190000000000e+08 2.756343200000000000e+07 5.306794770000000298e+07
9.414152170999999344e+07 1.049226060069999993e+08 3.007444000000000000e+07 3.537316610700000077e+07
1.157478341570000052e+08 9.437376827500000596e+07 2.605315400000000000e+07 4.715498700299999863e+07
1.145919177999999970e+08 9.771591772300000489e+07 2.768571200000000000e+07 1.819372030000000028e+06
1.051740137999999970e+08 1.684727520000000000e+08 2.282217800000000000e+07 6.076998800000000000e+07
1.243646725999999940e+08 9.562838490000000596e+07 2.282061200000000000e+07 1.471553602700000107e+08
9.309385859999999404e+07 1.112108790699999928e+08 3.010328400000000000e+07 2.130120390000000130e+06
1.165923225060000420e+08 8.726937628880000114e+07 2.482222900000000000e+07 1.839265779241000116e+08
1.075325650600000024e+08 1.058651559000000060e+08 2.721471700000000000e+07 3.961881140000000130e+06
8.547267390999998152e+07 1.891903770000000000e+08 2.588190200000000000e+07 6.631848400000000000e+07
1.159447707000000030e+08 1.362880920000000000e+08 2.283238600000000000e+07 4.204574920000000298e+07
1.207409582000000179e+08 9.678641190000000596e+07 2.272679500000000000e+07 2.049454725999999940e+08
7.728517002799999714e+07 1.486886611899999976e+08 4.428287300000000000e+07 2.932709700999999885e+06
1.134750358999999762e+08 1.205222994000000060e+08 2.470730100000000000e+07 1.473596690000000037e+07
8.249201727099998295e+07 1.206845852900000066e+08 3.299998300000000000e+07 2.922424927999999840e+06
8.981032023999999464e+07 1.581390410000000000e+08 2.604277700000000000e+07 3.193943614999999851e+07
9.141953737000000477e+07 1.720404510000000000e+08 2.511558700000000000e+07 4.374508879999999702e+07
9.716660001999999583e+07 1.044332969870000035e+08 3.016783200000000000e+07 9.795509476999999955e+06
1.251990333199999928e+08 9.359043150000000000e+07 2.288082200000000000e+07 1.501884475900000036e+08
8.748640890000000596e+07 1.152241127900000066e+08 3.151933100000000000e+07 2.004951219000000041e+06
1.172175410419999957e+08 9.380859135999999940e+07 2.577900900000000000e+07 5.358853316499999911e+07
9.555473979399999976e+07 1.012461965180000067e+08 2.899248600000000000e+07 1.494242545503000021e+08
8.785503572300000489e+07 1.160750579599999934e+08 3.107455300000000000e+07 2.987363497700000182e+06
1.172885925900000185e+08 9.538006959999999404e+07 2.577047100000000000e+07 4.724331384000000358e+07
1.059992636500000209e+08 9.988066825000000000e+07 2.518174400000000000e+07 1.890675906599999964e+08
1.157079867999999970e+08 1.206082207999999970e+08 2.311759300000000000e+07 7.069647546000000834e+07
1.115635941099999994e+08 1.027380566800000072e+08 2.711098800000000000e+07 2.635624410000000149e+06
1.215780967500000000e+08 9.380076601999999583e+07 2.406908800000000000e+07 1.015763327800000012e+08
1.076644589619999975e+08 1.255634217000000030e+08 2.483526300000000000e+07 1.714525111700000241e+07
1.182677292800000012e+08 9.444556650000000000e+07 2.522790300000000000e+07 6.473920550000000000e+07
1.126321853470000029e+08 1.354881530000000000e+08 2.350227100000000000e+07 2.450798280099999905e+07
1.236207178410000056e+08 9.046321415000000596e+07 2.368244400000000000e+07 1.278060308320000023e+08
1.252152153299999833e+08 9.067791615999999642e+07 2.277341600000000000e+07 1.788022846699999869e+08
1.124033248870000243e+08 9.636310337800000608e+07 2.682886900000000000e+07 2.968836333900000155e+07
7.408124064000001550e+07 1.712994210000000000e+08 4.501743100000000000e+07 1.347667478999999911e+07
1.151736129099999964e+08 1.097464474899999946e+08 2.475493700000000000e+07 3.736593678999999911e+07
1.018977080999999940e+08 1.044479409430000037e+08 2.892072600000000000e+07 9.496353860000000568e+05
1.079833198390000165e+08 1.153556829000000060e+08 2.583350500000000000e+07 1.045579102480000071e+07
9.764845834793999791e+07 1.120639704000000060e+08 2.854120800000000000e+07 4.736534388617999852e+06
1.057281433799999952e+08 1.586006520000000000e+08 2.319102100000000000e+07 4.063828520000000298e+07
1.069419392699999958e+08 1.304298865999999940e+08 2.436993100000000000e+07 2.554824730000000075e+07
8.898672872600001097e+07 1.222080344000000060e+08 2.950449100000000000e+07 8.147133991000000387e+06
1.212467980000000000e+08 9.455639271999999881e+07 2.406145900000000000e+07 9.960357857999999821e+07
1.071719633412999958e+08 1.125978272999999970e+08 2.630342000000000000e+07 8.425462970130000263e+06
1.003032685999999940e+08 1.772165170000000000e+08 2.339963600000000000e+07 6.649798300000000000e+07
7.838736923000000417e+07 1.315224870699999928e+08 3.365872600000000000e+07 1.273543939900000021e+07
1.223141967399999946e+08 9.439462323999999464e+07 2.346325200000000000e+07 1.231593214200000018e+08
8.460157148999999464e+07 1.433494080000000000e+08 2.857554400000000000e+07 2.016212075000000000e+07
1.151880177000000179e+08 1.307875790000000000e+08 2.335324100000000000e+07 3.330805300000000000e+07
1.062012284200000018e+08 1.021192850990000069e+08 2.833343200000000000e+07 7.339981929999999702e+05
1.228490483499999940e+08 8.974998520000000298e+07 2.371536100000000000e+07 1.317033037000000030e+08
7.495003261999998987e+07 1.636431139000000060e+08 4.538009600000000000e+07 8.909436769999999553e+06
8.471106107600000501e+07 1.125991680302000046e+08 3.242977700000000000e+07 6.446847939130000025e+07
7.920827218999999762e+07 1.260387064699999988e+08 3.434981300000000000e+07 6.216351372999999672e+06
1.109630854300000072e+08 1.229987222000000030e+08 2.357553500000000000e+07 6.464195392000000179e+07
8.524801392000001669e+07 1.134573316099999994e+08 3.309887400000000000e+07 1.219065075899999961e+07
8.758005895999999344e+07 1.369991155999999940e+08 2.820887700000000000e+07 1.738981515399999917e+07
9.133810267000000179e+07 1.105206813359999955e+08 3.127521300000000000e+07 5.977932119999999413e+05
9.086846941699999571e+07 1.059072889572000057e+08 2.991312900000000000e+07 1.157243310992999971e+08
9.546174235999999940e+07 1.047670978040000051e+08 3.014471700000000000e+07 2.075605131399999931e+07
1.105615852929999977e+08 1.297075180000000000e+08 2.411855300000000000e+07 2.044229315399999917e+07
1.209847021250000447e+08 8.533227070100000501e+07 2.421446200000000000e+07 1.800455726434000134e+08
9.939471276000000536e+07 1.056092790999999940e+08 2.941786200000000000e+07 8.090138639999999432e+05
1.002330642099999934e+08 1.597293030000000000e+08 2.400461900000000000e+07 3.755806700000000000e+07
7.914738471000000834e+07 1.454715480979999900e+08 4.436495400000000000e+07 1.165855857000000076e+06
1.019049840770000219e+08 9.753493890999999642e+07 2.669770100000000000e+07 1.746884004487999976e+08
9.247441093999999762e+07 1.426960810000000000e+08 2.641369000000000000e+07 2.318768710000000149e+07
8.567862417000001669e+07 1.557718150000000000e+08 2.726369500000000000e+07 2.865508142999999970e+07
8.857709521000000834e+07 1.865337410000000000e+08 2.524041900000000000e+07 6.716674000000000000e+07
1.198181304060000032e+08 9.360583687000000477e+07 2.390754400000000000e+07 1.139920685010000020e+08
1.002472960910000056e+08 1.137101455999999940e+08 2.762400900000000000e+07 6.905214257200000808e+06
1.033960545999999940e+08 1.142817940000000000e+08 2.629608200000000000e+07 2.608294719999999925e+07
1.047481023100000024e+08 9.733862157299999893e+07 2.763906300000000000e+07 6.147956629599999636e+07
8.142504535899999738e+07 1.217673963799999952e+08 3.348422600000000000e+07 3.131688626000000164e+06
1.154719254600000232e+08 1.327075602999999970e+08 2.234478500000000000e+07 1.007169995000000000e+08
9.224917840000000596e+07 1.832057670000000000e+08 2.458828000000000000e+07 6.704908300000000000e+07
8.853271762000000477e+07 1.081651443642999977e+08 3.103198500000000000e+07 9.759170670829999447e+07
9.035359828000000119e+07 1.335012870000000000e+08 2.774301100000000000e+07 1.637711862199999951e+07
1.170080677699999958e+08 9.638816740000000596e+07 2.621287600000000000e+07 3.278667210000000149e+07
1.078193836200000346e+08 1.395188800000000000e+08 2.367032000000000000e+07 2.855849969999999925e+07
9.177580075000000000e+07 1.122488259000000060e+08 3.037656300000000000e+07 2.156277250000000000e+06
1.092812712460000217e+08 1.189278819000000060e+08 2.526461000000000000e+07 1.306355150349999964e+07
1.071480306319999993e+08 1.006432918050000072e+08 2.891196600000000000e+07 2.372618224000000046e+05
1.045622651749999970e+08 1.193132557999999970e+08 2.597024100000000000e+07 1.233767915100000054e+07
7.285375521999999881e+07 1.879871335999999940e+08 4.181731200000000000e+07 2.748542980000000075e+07
7.330136730999998748e+07 1.819087188000000119e+08 4.431805300000000000e+07 2.016981382999999821e+07
8.353595551999998093e+07 1.262090310000000000e+08 3.114305100000000000e+07 7.789053904000000097e+06
1.153684990999999940e+08 9.702385200000000000e+07 2.711038400000000000e+07 1.283330900000000000e+07
1.198707697000000030e+08 9.544682432999999821e+07 2.471189300000000000e+07 7.548226331999999285e+07
1.174609107039999962e+08 8.845763922900000215e+07 2.417548100000000000e+07 1.859554114469999969e+08
1.121345598129999936e+08 9.377298529000000656e+07 2.656970800000000000e+07 6.036324029500000179e+07
9.596490231000000238e+07 1.069272185310000032e+08 3.070498400000000000e+07 4.363525100000000093e+05
1.114883257199999988e+08 9.296562538099999726e+07 2.606822600000000000e+07 8.650419137899999321e+07
1.228933629479999840e+08 8.738308308200000226e+07 2.415125500000000000e+07 1.292535481829999983e+08
9.437287400000000000e+07 1.815678390000000000e+08 2.424882300000000000e+07 6.705384700000000000e+07
9.972647445200000703e+07 9.792123797669999301e+07 2.789162900000000000e+07 1.491984911473999918e+08
1.250990985699999928e+08 8.723533740000000596e+07 2.319414700000000000e+07 1.742911985000000000e+08
9.657949559000003338e+07 1.301791780000000000e+08 2.654493600000000000e+07 1.658872760500000045e+07
1.052161069389999956e+08 9.401101969400000572e+07 2.644568700000000000e+07 1.851689239981000125e+08
8.373931590000000596e+07 1.896127840000000000e+08 2.631145500000000000e+07 6.382625800000000000e+07
1.021933086200000048e+08 1.493810180000000000e+08 2.410460200000000000e+07 3.083430060999999940e+07
1.245185098299999982e+08 9.032312687999999523e+07 2.344520000000000000e+07 1.375003851999999881e+08
1.120904725000000000e+08 1.109674669000000060e+08 2.583996700000000000e+07 8.332733799999999814e+06
1.153709491599999964e+08 9.218572990000000596e+07 2.484785400000000000e+07 1.047045761200000048e+08
8.714376987060000002e+07 1.110724640326000005e+08 3.086687900000000000e+07 8.857911991359999776e+07
1.057193214500000030e+08 1.003740101459999979e+08 2.894672800000000000e+07 3.761824720000000205e+06
7.724854871000000834e+07 1.417658240000000000e+08 3.299406400000000000e+07 1.462697880000000075e+07
9.436842875699999928e+07 1.222347195000000000e+08 2.791914900000000000e+07 1.055148816599999927e+07
1.105711770100000203e+08 1.011626886099999994e+08 2.757904600000000000e+07 1.257855306000000099e+06
1.101857294370000064e+08 9.295123140299999714e+07 2.513854300000000000e+07 1.653383581631000042e+08
8.579245057999999821e+07 1.606127630000000000e+08 2.692540500000000000e+07 3.181440973000000045e+07
8.152725390000000596e+07 1.901659590000000000e+08 2.703249800000000000e+07 5.706002800000000000e+07
1.216768929399999976e+08 8.937953065999999642e+07 2.325264100000000000e+07 1.911199276500000060e+08
1.102227011180000007e+08 9.753836244900000095e+07 2.796621800000000000e+07 1.252444340899999999e+07
7.299448781000000238e+07 1.882940883000000119e+08 4.382340700000000000e+07 2.441986689999999851e+07
1.125676408100000024e+08 9.789411720999999344e+07 2.805750200000000000e+07 1.807284537999999942e+06
