1.2629793682E8 9.6026298E7 1.6260764E7 1.6224794E7
1.0217249442E8 1.0484846137E8 1.7849949E7 1614383.03
1.2245476878E8 1.395913287E8 1.3750486E7 1.098861042E8
1.2539266562E8 1.10450322E8 1.5028347E7 4.0141703E7
1.2447364215E8 9.046098209E7 1.5195341E7 1.188996949E8
1.3732916697E8 9.045372083E7 1.3857443E7 1.7780361699E8
8.561849277000038E7 1.49969779E8 1.6864963E7 2.4524894720000003E7
8.545693275E7 1.1540975213E8 1.9165457E7 1156842.3930000002
1.3375371445E8 9.382341169E7 1.4401685E7 1.2004306176E8
1.24610514278E8 1.32246253E8 1.4457007E7 2.29383984657E7
6.395514346E7 2.00344402E8 2.02227E7 4.35648864E7
9.663336562E7 1.169762407E8 1.7309035E7 6778252.38
1.05495826037E8 1.278964439E8 1.5888968E7 1.6329045987000002E7
1.378500147E8 8.3917571582E7 1.4317773E7 1.70145082835E8
1.0313550746E8 1.169224685E8 1.6704564E7 8487332.6
9.0711219014E7 1.69967553E8 1.5604039E7 3.889737779E7
1.11309065762E8 1.281270803E8 1.5456301E7 1.777313294E7
1.1697755923E8 1.00735384826E8 1.6862692E7 802429.181
1.3576957885E8 9.203920128E7 1.3810363E7 1.9727152803E8
9.723808081E7 1.68732152E8 1.5026673E7 4.45570705E7
1.1107215579E8 1.058245812E8 1.6857105E7 2986748.23
5.4315007190000005E7 2.371534092E8 3.8540877E7 1429786.523
1.29777000501E8 9.0785460715E7 1.5291028E7 8.0843336892E7
1.2564447254E8 1.44272283E8 1.3849463E7 3.87310035E7
1.231593705E8 1.0230856903E8 1.6248714E7 3039638.28
1.1068392828E8 1.374274714E8 1.4445412E7 9.5480454E7
1.2318983832E8 1.53310679E8 1.3804784E7 4.11954571E7
1.2573433938E8 9.0269831822E7 1.5222971E7 1.10566903909E8
9.93494181E7 1.43864088E8 1.5664236E7 2.4992763645000003E7
1.268696296E8 1.41365453E8 1.3816354E7 4.36660934E7
1.182147803328E8 9.008790586911E7 1.5179054E7 1.848468867043E8
1.2032701046E8 8.902090043E7 1.5181427E7 1.76348941806E8
8.112448527E7 1.19442396913E8 1.9832997E7 1287359.161
6.402407993000001E7 1.507766015E8 2.2197794E7 9492610.7
5.63454286E7 1.6479742853E8 2.5678408E7 6156659.778
5.223632192E7 2.4186101145E8 3.8480564E7 4002827.048
1.039406344E8 1.0133523289E8 1.6976592E7 4.805297693E7
1.0937581096E8 9.7566865225E7 1.6565592E7 6.9529883417E7
8.9862328965E7 1.11672376073E8 1.8798373E7 591826.636
1.3376149707000002E8 9.54843632E7 1.3778497E7 1.9612699522E8
7.320783026999998E7 1.46052594E8 1.9628071E7 1.464698349E7
8.9286934324E7 1.3563443034E8 1.6677555E7 5.4752698804000005E7
1.1209802655E8 1.55860028E8 1.4195492E7 5.3292688E7
1.1491017527E8 1.53132706E8 1.4299434E7 3.4312162940000005E7
1.21092326599E8 8.86664512436E7 1.5054878E7 1.8697334332837E8
1.2916909474E8 8.7379331298E7 1.4794757E7 1.49049865097E8
6.107336913E7 2.11711316E8 2.0912155E7 4.59622837E7
9.7753502785E7 1.04809238124E8 1.7750289E7 2.5606695815E7
7.666665491E7 1.24298669297E8 2.1021296E7 544104.4160000001
8.767941713800001E7 1.1191675894E8 1.902453E7 5849530.42
1.0101687538E8 1.448048796E8 1.4909756E7 1.037047902E8
1.1722856225E8 1.356871005E8 1.4073811E7 9.98826646E7
6.948341533E7 1.67449709E8 1.9622041E7 2.7714691E7
5.937307285E7 2.01954053E8 2.1587008E7 3.85217167E7
1.0069523471E8 1.0245301328E8 1.7150949E7 5.265453411E7
9.182363519E7 1.10406901702E8 1.8641656E7 437289.237
5.936995825000001E7 1.5188140801000002E8 2.4088295E7 4778613.569999999
7.447396629E7 1.2674687224E8 2.1058104E7 1410593.966
1.0637082168E8 1.04108919107E8 1.7466171E7 687129.306
8.519944597399999E7 1.117211322789E8 1.8810573E7 8.050442583641E7
1.3079865837E8 8.999699573E7 1.5065969E7 9.59617849E7
6.642097178099999E7 1.3786002567E8 2.2806514E7 1881312.973
1.069124505E8 1.68891085E8 1.4328735E7 5.8433468E7
7.9335636689E7 1.178694254902E8 1.9834676E7 6.29151528189E7
1.037602429732E8 9.6062354601E7 1.6274719E7 2.062451746542E8
9.11089185688E7 1.164952377E8 1.8001677E7 4600921.42512
5.800315611E7 1.800196719E8 2.2747723E7 2.287323147E7
1.2718118756E8 1.1817989162E8 1.4361176E7 5.993573879E7
7.860607766800001E7 1.2364181427E8 1.989243E7 3147533.677
1.14001825248E8 9.8609748449E7 1.6749568E7 2.5775204409E7
1.2913387446E8 1.240252378E8 1.3855543E7 8.116635942E7
1.356758884E8 8.68223644E7 1.4429825E7 1.4513721003E8
1.16456930941E8 1.64920456E8 1.3853505E7 6.3066558E7
5.431412175E7 1.967921925E8 2.5436757E7 2.4051093E7
9.543109389000002E7 1.39899051E8 1.6173654E7 2.138650019E7
8.949439013E7 1.419946789E8 1.6696202E7 2.1037919883E7
6.823362428860001E7 1.3177106720623E8 2.2394956E7 3.3539444472364E7
1.2555336895E8 1.1203212077E8 1.5028446E7 3.490119737E7
1.1182653271E8 9.66904734E7 1.5548818E7 1.416079317E8
9.794244027E7 1.07207906368E8 1.8083635E7 444574.586
7.296318933999999E7 1.98524348E8 1.800963E7 5.34008858E7
7.0758168538E7 1.3194121781E8 2.1652712E7 2204893.3061
8.945098362E7 1.12621517583E8 1.8660324E7 1196470.96
8.562878752999999E7 1.70095608E8 1.6177535E7 3.753323253E7
1.0768833481E8 9.781596327E7 1.5545859E7 2.13183123943E8
7.843937952E7 1.1889783421E8 2.0255969E7 2.3340414838E7
9.395799438E7 1.77479017E8 1.5013135E7 6.6667151E7
1.22864690572E8 9.787941684766E7 1.6681232E7 1727694.94988
7.28563954E7 1.2551187137E8 2.1357716E7 2.293385623E7
1.0602621342E8 9.9745862053E7 1.6756249E7 5.8489296593E7
6.260697799E7 1.757429056E8 2.1355444E7 2.464545564E7
6.328520241E7 1.4947604412E8 2.2518375E7 1.2456649989E7
1.2117306967E8 1.61784753E8 1.3689917E7 5.8469494E7
5.8221676675E7 1.56755822E8 2.5239574E7 3527909.415
5.807443675999999E7 1.661630828E8 2.3411127E7 1.372203137E7
8.475585524999999E7 1.297219243E8 1.8000611E7 1.107933535E7
1.3101735768E8 9.10325738E7 1.5057519E7 9.05152188E7
6.0603690302E7 1.4794342854000002E8 2.4191526E7 2511709.9151
1.1405540696E8 1.0293540989E8 1.687791E7 1639739.843
1.1759359418E8 1.078310807E8 1.619086E7 5831570.95
8.880687556E7 1.76416389E8 1.5658854E7 4.248528833E7
1.14852724344E8 9.07308969286E7 1.5436645E7 1.9290476998941E8
1.23142167113E8 1.213158316E8 1.5044835E7 1.55771620278E7
1.2064512879E8 1.143048111E8 1.5566975E7 1.07563803E7
8.44306128E7 1.251255547E8 1.8365318E7 7827873.919
1.0323159952E8 1.069754432E8 1.7457652E7 1923527.619
6.21553552E7 1.4569192427E8 2.3510037E7 4226777.533
1.2109191996E8 1.39939397E8 1.43329E7 2.769801401E7
1.0581265241000004E8 1.70330531E8 1.4361142E7 6.1235361E7
7.809354055999999E7 1.574288022E8 1.7969949E7 2.524988122E7
6.1664323007E7 1.4292539774E8 2.4141861E7 2.506785028663E7
7.273457458000001E7 1.3511964667E8 2.0495448E7 6820759.514
1.25251755453E8 9.58167566869E7 1.6219444E7 2.05709396255E7
9.589515589E7 1.0440473908E8 1.7312666E7 7.463356607E7
6.861235819E7 1.34743788887E8 2.2614301E7 953957.208
9.206805159E7 1.3639553857E8 1.6249752E7 6.293713235E7
7.072997221E7 2.00610437E8 1.8489575E7 5.07801873E7
9.6698548553E7 1.01279026835E8 1.7073724E7 1.577167292439E8
1.1234782603000002E8 9.953796648E7 1.5000114E7 2.1098763963E8
1.09325857743E8 9.9085181269E7 1.5562259E7 1.51204967835E8
1.0713385076E8 1.00768996E8 1.6877651E7 3.842661502E7
9.96261178E7 1.65950037E8 1.497525E7 3.925848713E7
5.850899957E7 1.573946877E8 2.3872721E7 8094898.09
9.484832162E7 1.05974169635E8 1.789414E7 3.1340006972E7
8.446542930000001E7 1.421024364E8 1.7382445E7 1.90820011E7
9.793121825E7 1.65847542E8 1.4908636E7 5.5393704E7
8.931966773E7 1.271482136E8 1.7476729E7 1.1389507097E7
9.08971371E7 1.50639105E8 1.6189235E7 2.682810567E7
7.513673858999999E7 1.25739047744E8 2.1111817E7 1010844.314
6.987189517000002E7 1.97035524E8 1.8720345E7 4.61748204E7
1.2190145191E8 9.695093417E7 1.4411555E7 2.0491122312E8
1.2365068618000002E8 1.06323056E8 1.5671185E7 1.8011304E7
5.538870936000007E7 1.995606572E8 2.4080825E7 2.92301251E7
1.31077401799E8 8.8530585248E7 1.4305336E7 1.84588209266E8
1.0524077881E8 1.012730984E8 1.6190417E7 1.041790809E8
1.2698779896199998E8 9.1738071357E7 1.4411261E7 1.79347089806E8
1.3060985871E8 9.77986891E7 1.386387E7 2.122368366E8
8.787993105E7 1.532522788E8 1.6129146E7 8.912382458E7
9.4033893034E7 1.081974507537E8 1.8340772E7 4638635.967300001
4.983625950000001E7 2.610296662E8 3.7964704E7 1.56867581E7
7.637866967799999E7 1.215494604473E8 2.0385744E7 5.78462614358E7
1.1379156416E8 9.406009804E7 1.5682139E7 1.2796510715E8
1.1232302727820002E8 1.014701427049E8 1.6828274E7 1.49812124118E7
7.929485071000001E7 1.21013629161E8 2.034982E7 868550.425
7.294709072E7 1.49411237E8 1.9515936E7 1.671994436E7
6.587187716000001E7 1.4241073725E8 2.2204218E7 5716428.671
5.9248932215E7 1.729724621E8 2.2603264E7 1.952865415E7
6.484883312E7 1.92256972E8 2.0159145E7 3.71516216E7
1.2717931209E8 9.43677168E7 1.5645608E7 5.02591887E7
8.012439057800001E7 1.168477553276E8 1.9778446E7 4.761377218639E7
6.399417670000001E7 1.3863013137E8 2.3473585E7 3.260112123E7
1.20265433433E8 1.26932015E8 1.4939563E7 1.8686346193400003E7
1.1694402711E8 9.69200673E7 1.5295787E7 1.219439063E8
5.4287138639000006E7 1.845205311E8 2.706862E7 1.203126009E7
1.03245853884E8 9.8506707411E7 1.6164524E7 1.673668693305E8
8.741005338000001E7 1.81127077E8 1.5624713E7 5.5848445E7
1.0766156967E8 9.583759971E7 1.6035456E7 1.3959741694E8
5.610001386E7 1.738242394E8 2.443137E7 1.482402559E7
1.124597736243E8 9.272849125021E7 1.5561369E7 1.7389362904955E8
1.0387423807E8 1.365169435E8 1.5598633E7 2.1861269130000003E7
6.829600591999999E7 1.3711387427E8 2.1808797E7 5388053.473
1.15879211267E8 9.06554547969E7 1.5332034E7 1.8952101938752E8
8.794992084E7 1.0936882741E8 1.8388003E7 6.1064485217E7
1.0393588907E8 1.012389053E8 1.6759019E7 6.392316317E7
7.79008505E7 1.352776703E8 1.9088423E7 1.0967369561E7
1.0769836672E8 9.760539182E7 1.6353942E7 9.1118913921E7
9.419148725E7 1.56590616E8 1.5646404E7 3.166763161E7
1.1226098914E8 1.0107331137E8 1.7230275E7 1930867.73
7.733149806E7 1.2863600371E8 1.9746055E7 5727355.773
1.3528174732999998E8 8.93900854E7 1.4377837E7 1.367104585E8
9.473657254E7 1.283177695E8 1.6795745E7 1.3825856739E7
1.3252507066E8 8.57329062E7 1.444712E7 1.7870495055E8
8.131159889999999E7 1.80871393E8 1.6657224E7 4.19594222E7
1.02262112417E8 9.721695441E7 1.636931E7 2.003105679216E8
7.222238302000001E7 1.84596087E8 1.8413084E7 3.85648236E7
9.5246794045E7 1.521384669E8 1.5208493E7 1.174540154E8
1.2288075792000002E8 9.2050895073E7 1.5506548E7 9.2936998327E7
1.1718634769E8 9.576241976E7 1.4820974E7 1.9942828139E8
1.1644563247E8 9.3139894159E7 1.5044054E7 2.00788183568E8
9.743154601000002E7 1.356700585E8 1.6180956E7 1.9251674470000003E7
8.6687989229E7 1.343927136E8 1.7444732E7 1.4866651418E7
9.238378969000004E7 1.48553215E8 1.6109703E7 2.606023241E7
9.958517076E7 1.1116433513E8 1.7440435E7 3867922.09
1.31582623408E8 8.7286860515E7 1.4361555E7 1.86408956038E8
8.039376526E7 1.2554520758E8 1.9228931E7 5668929.323
1.2326945876E8 1.101978823E8 1.5664673E7 8470580.7
1.2731515875200002E8 9.4342974559E7 1.5905163E7 3.66661825543E7
1.0236995409E8 1.032735684E8 1.670435E7 6.98698185E7
6.744227741000001E7 2.05176173E8 1.9251479E7 4.86693791E7
1.3739279127E8 9.25697071E7 1.3835062E7 1.674645711E8
8.282441066E7 1.309298912E8 1.8287754E7 1.0873353545E7
7.034931622999999E7 1.467362221E8 2.0367498E7 1.298025143E7
5.014583371E7 2.557229621E8 3.8156217E7 1.22101923E7
1.1053898794E8 1.42754251E8 1.488574E7 2.6949638324E7
6.664217088E7 1.4568839405E8 2.1579534E7 1.4835169101999998E7
8.684832066000001E7 1.3955213902E8 1.683862E7 6.836145027E7
1.2092770065E8 9.734008415E7 1.4458343E7 2.0677502048E8
9.25894413E7 1.60458543E8 1.5673755E7 3.365118055E7
1.2072138432E8 9.28892082E7 1.4961187E7 1.54613995E8
8.763340771999998E7 1.64300919E8 1.6081111E7 3.442726327E7
8.307731849000001E7 1.339355816E8 1.8048E7 1.3130296551E7
9.888531307E7 1.389789783E8 1.5424302E7 7.132521235E7
1.0888957109E8 1.059209497E8 1.5049342E7 2.304275395E8
1.2751773144E8 8.957474396599999E7 1.4460898E7 1.91920556465E8
9.906733432E7 1.00175617414E8 1.6642554E7 1.771313970264E8
8.336370789999998E7 1.1868859785E8 1.9173591E7 2711454.9268
1.3414643808E8 9.61019106E7 1.3772213E7 1.866641046E8
1.2230334515800002E8 9.4008024769E7 1.5866385E7 5.9562181849E7
1.03105553213E8 1.044255565967E8 1.7461404E7 1.18274135463E7
8.956280314E7 1.55791727E8 1.6137428E7 2.982105981E7
6.242571708E7 1.581637863E8 2.2261498E7 1.309159518E7
8.064411758E7 1.530075031E8 1.7623217E7 2.403617422E7
7.685896153E7 1.93711242E8 1.7253047E7 5.6689252E7
8.148534898E7 1.18920369646E8 1.9914545E7 861220.07
1.2039472969E8 1.050632579E8 1.6215893E7 4377966.62
1.3739510449E8 9.44675847E7 1.3810545E7 1.6192988869E8
1.092532886E8 1.0142904611E8 1.7215739E7 9933454.339000002
1.1446231173E8 9.585209095E7 1.5029176E7 2.0461991221E8
7.085675547E7 1.3808426948E8 2.0817137E7 7458073.529
7.164059311E7 1.74731613E8 1.8825865E7 3.192094562E7
9.87736427911E7 1.0049879309726E8 1.6910768E7 1.2060353880429E8
1.3315932034E8 8.7332427701E7 1.4762328E7 1.26063501748E8
1.1030094776E8 1.149261574E8 1.6251562E7 8934744.8
1.2815065860999998E8 9.63361921E7 1.4264832E7 1.5894839023E8
1.2394986792000002E8 1.0140882313E8 1.62764E7 2629544.57
1.3178573518999998E8 9.024263558E7 1.5045063E7 9.334434735E7
1.1040867209860002E8 9.271984820623E7 1.5768713E7 1.86173657472364E8
1.1862838372E8 1.158584606E8 1.5609174E7 1.13050603E7
9.3571590011E7 1.04206476756E8 1.7436813E7 1.170248708837E8
1.2461904722000004E8 1.47757759E8 1.3862967E7 3.60885475E7
1.0796830365E8 1.097694151E8 1.6795748E7 4936624.45
8.9852527392E7 1.184929564E8 1.7991935E7 5749811.0096
1.07195027814E8 1.01124783169E8 1.7079452E7 2.5866737073E7
9.768122724E7 1.51990539E8 1.5494248E7 2.981046106E7
1.1715653402E8 1.48927535E8 1.4278239E7 3.2143695134E7
8.6073166199E7 1.108651473138E8 1.8659624E7 8.6536054441E7
1.0838011393E8 9.921410422E7 1.5389722E7 2.088962787E8
9.043596782E7 1.08369471987E8 1.8299585E7 3.3818923275E7
9.161804767E7 1.06972040062E8 1.7987777E7 5.2605458923E7
1.1352910346E8 1.108902418E8 1.6274197E7 6969722.5
1.1257144756E8 1.021131066E8 1.4896743E7 2.0420165602E8
1.06518777978E8 9.44393931329E7 1.6028603E7 2.016205732898E8
7.459148161E7 1.24381036475E8 2.0734734E7 3.4916055728E7
1.20478747233E8 9.5893659274E7 1.6232771E7 3.6947238454E7
1.0396009085E8 1.53794193E8 1.4961531E7 3.248469398E7
7.502337556000002E7 1.9393102E8 1.7631774E7 4.6783614E7
5.86749624E7 1.97152332E8 2.1959779E7 3.4879134E7
8.764176102100001E7 1.224499956E8 1.8034908E7 7356149.231
7.440082594999999E7 1.3078549905E8 2.0397661E7 4967618.981
1.1012246894E8 1.58976584E8 1.4437589E7 3.7901426E7
1.12611340678E8 9.7372273056E7 1.6589862E7 5.2005318035E7
8.9226242514E7 1.078294254287E8 1.8188411E7 1.086373786051E8
1.22231742325E8 1.35762649E8 1.4435286E7 2.4867221534E7
9.3373726783E7 1.203652512E8 1.7409263E7 8296813.0965
8.751937446030003E7 1.1551727754E8 1.8644566E7 2559588.05493
1.0234164103000002E8 9.847797855E7 1.6616843E7 1.21699349451E8
6.429140224999999E7 1.4131862059E8 2.3405393E7 1724517.764
1.0739356373E8 1.33840091E8 1.5467441E7 2.059614892E7
1.1487759635300002E8 1.198850721E8 1.5625491E7 1.33065443391E7
9.758862509E7 1.0649881415E8 1.645442E7 1.7123334566E8
7.509394823000002E7 1.5099775168E8 1.8835737E7 4.16086498E7
8.9261773514E7 1.10593607748E8 1.784659E7 1.10815865875E8
9.365781209E7 1.1183503687E8 1.8059818E7 2482474.7
8.335599482E7 1.8446053E8 1.623761E7 4.72881565E7
1.0404778201E8 9.736126537E7 1.6360286E7 1.3564277623E8
7.179642246E7 1.3281757779E8 2.1007186E7 4498409.248
1.21158864047E8 9.7248684482E7 1.6519257E7 1.4610144802E7
9.705488223000002E7 1.03893488071E8 1.7427736E7 5.514705765E7
1.2591651703E8 8.702768671E7 1.4846854E7 1.80844188453E8
1.0398933891E8 1.0438320109E8 1.5868606E7 1.42323270667E8
7.496972772999999E7 1.569049466E8 1.8677168E7 2.305392026E7
1.20295901921E8 9.4364028064E7 1.590875E7 6.4556553869E7
8.350674425E7 1.480897602E8 1.7260043E7 2.36491316E7
1.18382392703E8 9.481463029E7 1.6132196E7 6.3092112295E7
8.310583406899999E7 1.1482288811549E8 1.9499145E7 1.464553736793E7
1.14451798323E8 9.915760031E7 1.4981256E7 1.7557561005E8
1.2317464346E8 9.07841266E7 1.5015914E7 1.4303228791E8
7.931411163E7 1.89771524E8 1.6849954E7 4.86865945E7
1.0116047084E8 1.38780068E8 1.5670055E7 2.56481628E7
1.33877247174E8 8.737764743E7 1.4732181E7 1.24572191886E8
1.0774634066E8 1.0251668541E8 1.5342967E7 1.9114493172E8
9.0161760458E7 1.258426622E8 1.7447236E7 1.0842572759E7
1.2704542582999998E8 1.353267613E8 1.359347E7 1.048230609E8
6.566410488999999E7 1.3621164137E8 2.3105164E7 1.944040023E7
1.1444063004E8 1.318288945E8 1.506118E7 2.131836003E7
1.0212569468E8 1.61303583E8 1.4896501E7 3.673853834E7
1.0698628091E8 1.325624922E8 1.5022229E7 6.878222233E7
1.0230358504E8 1.036192298E8 1.5867953E7 2.0845774191E8
7.300798738E7 1.28428443807E8 2.1556136E7 1050961.897
1.10192320839E8 9.4024907067E7 1.5568668E7 2.0466395352E8
6.169945972759999E7 1.4276332707549E8 2.4111993E7 3.067585228277E7
