1.290059128700000197e+08 1.260363237000000030e+08 1.376296200000000000e+07 8.573415523000000417e+07
1.262979368199999928e+08 9.602629800000000000e+07 1.626076400000000000e+07 1.622479400000000000e+07
1.144523749399999976e+08 1.129213930000000000e+08 1.607590900000000000e+07 8.475009300000000745e+06
1.242683782269999832e+08 9.781615278569999337e+07 1.666745700000000000e+07 1.786826747000000032e+05
1.021724944200000018e+08 1.048484613700000048e+08 1.784994900000000000e+07 1.614383030000000028e+06
9.982051718999999762e+07 1.111861730900000036e+08 1.741747000000000000e+07 3.901743459999999963e+06
1.224547687800000012e+08 1.395913286999999881e+08 1.375048600000000000e+07 1.098861042000000030e+08
9.597418664000001550e+07 1.080582547310000062e+08 1.827129400000000000e+07 4.033969820000000182e+05
1.236328696299999952e+08 1.202202107000000030e+08 1.507047000000000000e+07 1.507222090000000037e+07
1.054163879249999970e+08 9.504655377490000427e+07 1.611917100000000000e+07 2.050859008790000081e+08
1.253926656200000048e+08 1.104503220000000000e+08 1.502834700000000000e+07 4.014170300000000000e+07
1.244736421500000060e+08 9.046098209000000358e+07 1.519534100000000000e+07 1.188996949000000060e+08
1.054463977999999821e+08 1.048427981529999971e+08 1.747398400000000000e+07 9.205655230000000447e+05
1.373291669699999988e+08 9.045372082999999821e+07 1.385744300000000000e+07 1.778036169900000095e+08
1.189265213722999990e+08 1.182034985000000000e+08 1.546360200000000000e+07 1.281168733421999961e+07
8.561849277000038326e+07 1.499697790000000000e+08 1.686496300000000000e+07 2.452489472000000253e+07
8.545693275000000000e+07 1.154097521299999952e+08 1.916545700000000000e+07 1.156842393000000156e+06
1.072857957979999930e+08 9.403368517679999769e+07 1.595661500000000000e+07 2.018637545780000091e+08
1.337537144500000030e+08 9.382341168999999762e+07 1.440168500000000000e+07 1.200430617600000054e+08
1.246105142779999971e+08 1.322462530000000000e+08 1.445700700000000000e+07 2.293839846570000052e+07
7.282345388000001013e+07 1.293618803809999973e+08 2.176512800000000000e+07 6.116867360000000335e+05
6.395514346000000089e+07 2.003444020000000000e+08 2.022270000000000000e+07 4.356488639999999851e+07
9.663336562000000477e+07 1.169762407000000030e+08 1.730903500000000000e+07 6.778252379999999888e+06
6.545577384000000358e+07 1.401365078019999862e+08 2.336243900000000000e+07 1.017403432000000030e+06
1.226336170300000161e+08 1.109606127000000030e+08 1.565910200000000000e+07 8.733479500000000000e+06
1.211623187300000191e+08 1.485813790000000000e+08 1.407263100000000000e+07 3.265712089299999923e+07
1.054958260370000005e+08 1.278964439000000060e+08 1.588896800000000000e+07 1.632904598700000159e+07
1.378500146999999881e+08 8.391757158200000226e+07 1.431777300000000000e+07 1.701450828350000083e+08
1.031355074599999934e+08 1.169224685000000000e+08 1.670456400000000000e+07 8.487332599999999627e+06
6.171142324000000209e+07 1.427368613700000048e+08 2.411100000000000000e+07 3.092605323000000045e+07
1.280866992800000161e+08 9.529225079999999702e+07 1.548677800000000000e+07 5.394579620000000298e+07
1.349905522300000191e+08 8.557035000000000000e+07 1.434478800000000000e+07 1.695863097299999893e+08
6.261352422999999672e+07 1.449594549680000246e+08 2.422495600000000000e+07 9.024555359999999637e+05
6.413552221000000089e+07 1.417110996200000048e+08 2.358491300000000000e+07 1.344557699000000022e+06
1.018258628069999963e+08 1.355505410000000000e+08 1.582006800000000000e+07 2.026293437799999863e+07
1.132125227500000000e+08 1.044057640799999982e+08 1.681877400000000000e+07 2.377443090000000317e+06
1.002492918219999969e+08 1.264862545000000000e+08 1.637902300000000000e+07 1.425184785199999996e+07
9.071121901399999857e+07 1.699675530000000000e+08 1.560403900000000000e+07 3.889737778999999911e+07
1.100654310240000039e+08 9.268834312279999256e+07 1.574714000000000000e+07 1.989023987976999879e+08
1.230652129500000030e+08 1.225885085999999940e+08 1.493213200000000000e+07 1.915799580000000075e+07
1.217396809800000042e+08 1.449013710000000000e+08 1.401417300000000000e+07 3.964996679999999702e+07
7.100074435999999940e+07 1.319172505579999983e+08 2.230213000000000000e+07 5.195540270000000019e+05
9.416194228399999440e+07 1.304534337999999970e+08 1.674738700000000000e+07 1.494907608100000024e+07
1.083789157900000066e+08 1.537910150000000000e+08 1.466934200000000000e+07 3.342036717999999970e+07
5.955678686500000209e+07 1.512599063300000131e+08 2.444912900000000000e+07 3.348939766000000294e+06
1.194516370000000000e+08 1.641195370000000000e+08 1.372986100000000000e+07 6.293491300000000000e+07
1.113090657619999945e+08 1.281270802999999970e+08 1.545630100000000000e+07 1.777313294000000134e+07
1.169775592300000042e+08 1.007353848260000050e+08 1.686269200000000000e+07 8.024291809999999823e+05
8.304522615999999642e+07 1.851533650000000000e+08 1.628773700000000000e+07 4.688696639999999851e+07
8.527049407999999821e+07 1.320553157999999970e+08 1.778846900000000000e+07 1.272162208599999920e+07
1.357695788499999940e+08 9.203920128000000119e+07 1.381036300000000000e+07 1.972715280300000012e+08
9.379586859900000691e+07 1.269337290000000000e+08 1.696282600000000000e+07 1.279592301400000043e+07
5.900967460000000149e+07 1.533279952599999905e+08 2.408057800000000000e+07 5.581882489000000060e+06
1.274155805699999928e+08 9.488867320000000298e+07 1.550467500000000000e+07 5.596852979999999702e+07
8.469211058000001311e+07 1.446171879000000060e+08 1.723695700000000000e+07 2.068142388000000268e+07
1.263478251459999979e+08 9.375087837899999321e+07 1.583161800000000000e+07 4.547337490730000287e+07
9.723808081000000238e+07 1.687321520000000000e+08 1.502667300000000000e+07 4.455707050000000000e+07
1.110721557900000066e+08 1.058245812000000030e+08 1.685710500000000000e+07 2.986748229999999981e+06
5.431500719000000507e+07 2.371534091999999881e+08 3.854087700000000000e+07 1.429786523000000045e+06
1.297770005010000020e+08 9.078546071500000358e+07 1.529102800000000000e+07 8.084333689200000465e+07
1.256444725400000066e+08 1.442722830000000000e+08 1.384946300000000000e+07 3.873100350000000000e+07
1.145799470999999940e+08 9.610242781999999285e+07 1.500235900000000000e+07 2.076394341200000048e+08
1.231593705000000000e+08 1.023085690300000012e+08 1.624871400000000000e+07 3.039638279999999795e+06
1.106839282800000012e+08 1.374274714000000060e+08 1.444541200000000000e+07 9.548045400000000000e+07
8.765266792999999225e+07 1.649301440000000000e+08 1.605471100000000000e+07 3.502040366000000387e+07
1.027363726500000060e+08 1.666824280000000000e+08 1.470001900000000000e+07 4.500799300000000000e+07
1.254923364926999956e+08 8.713590592841100693e+07 1.485880700000000000e+07 1.830391881355870068e+08
1.206537021800000072e+08 1.144492774000000060e+08 1.555824200000000000e+07 1.084324559999999963e+07
7.269928777999998629e+07 1.880272100000000000e+08 1.822839200000000000e+07 4.105400270000000298e+07
6.887306621999999881e+07 1.348487698140000105e+08 2.265370900000000000e+07 7.148796770000000251e+05
1.216147267700000405e+08 9.350030912999999523e+07 1.577657900000000000e+07 7.197871279099999368e+07
1.231898383199999928e+08 1.533106790000000000e+08 1.380478400000000000e+07 4.119545710000000149e+07
9.593411732999999821e+07 1.476102590000000000e+08 1.580841600000000000e+07 2.645810266699999943e+07
1.257343393799999952e+08 9.026983182199999690e+07 1.522297100000000000e+07 1.105669039089999944e+08
7.511853984000000358e+07 1.257591185259999931e+08 2.111349300000000000e+07 1.016962111000000034e+06
9.934941809999999404e+07 1.438640880000000000e+08 1.566423600000000000e+07 2.499276364500000328e+07
9.800125504000000656e+07 1.075130064409999996e+08 1.801691000000000000e+07 6.358347899999999208e+05
1.268696295999999940e+08 1.413654530000000000e+08 1.381635400000000000e+07 4.366609339999999851e+07
7.180815262999999523e+07 1.304882947300000042e+08 2.157069000000000000e+07 1.598601710999999894e+06
1.182147803328000009e+08 9.008790586911000311e+07 1.517905400000000000e+07 1.848468867042999864e+08
1.203270104599999934e+08 8.902090043000000715e+07 1.518142700000000000e+07 1.763489418059999943e+08
1.168580378379999995e+08 8.998526626759999990e+07 1.531721000000000000e+07 1.909541391437799931e+08
9.515282228000000119e+07 1.571405540000000000e+08 1.554390900000000000e+07 3.226448251000000164e+07
8.112448526999999583e+07 1.194423969130000025e+08 1.983299700000000000e+07 1.287359161000000080e+06
5.498694188000000268e+07 1.956044855000000000e+08 2.443568500000000000e+07 2.628600489999999851e+07
1.182526876700000018e+08 1.103101862999999970e+08 1.597276900000000000e+07 7.651467400000000373e+06
6.402407993000000715e+07 1.507766015000000000e+08 2.219779400000000000e+07 9.492610699999999255e+06
5.634542860000000149e+07 1.647974285300000012e+08 2.567840800000000000e+07 6.156659777999999933e+06
1.378461879900000095e+08 9.394965920000000298e+07 1.373996300000000000e+07 1.709210443100000024e+08
1.269266186599999964e+08 1.358052886999999881e+08 1.359354300000000000e+07 1.054637117999999970e+08
7.853183557999999821e+07 1.223283456219999939e+08 2.070517700000000000e+07 4.445742040000000270e+05
5.223632192000000179e+07 2.418610114499999881e+08 3.848056400000000000e+07 4.002827047999999952e+06
7.965275541000001132e+07 1.902812190000000000e+08 1.676030400000000000e+07 5.813578300000000000e+07
1.115742264300000221e+08 1.011600631700000018e+08 1.724471900000000000e+07 2.830271918000000063e+06
1.298101915300000012e+08 1.243652185000000000e+08 1.379581900000000000e+07 8.395444693999999762e+07
1.039406344000000060e+08 1.013352328900000006e+08 1.697659200000000000e+07 4.805297692999999970e+07
1.093758109599999934e+08 9.756686522499999404e+07 1.656559200000000000e+07 6.952988341699999571e+07
9.312961451999999583e+07 1.780383590000000000e+08 1.506810000000000000e+07 6.681064700000000000e+07
1.097165485600000173e+08 1.683641670000000000e+08 1.415386200000000000e+07 6.394106500000000000e+07
7.250921345000000298e+07 1.262328013700000048e+08 2.149927200000000000e+07 1.778113623000000045e+07
5.828809881000000238e+07 1.561113340000000000e+08 2.494655400000000000e+07 4.166503172999999952e+06
8.891633507300001383e+07 1.222309637000000030e+08 1.786282800000000000e+07 7.726554262000000104e+06
1.284840973499999940e+08 1.162669990999999940e+08 1.432916800000000000e+07 6.477938375999999791e+07
8.915820690000000596e+07 1.132658086200000048e+08 1.862971900000000000e+07 1.509330935999999987e+06
8.986232896500000358e+07 1.116723760729999989e+08 1.879837300000000000e+07 5.918266360000000568e+05
5.461586596000000089e+07 1.940861265999999940e+08 2.492249200000000000e+07 2.422282500000000000e+07
1.337614970700000226e+08 9.548436320000000298e+07 1.377849700000000000e+07 1.961269952199999988e+08
9.021221281999999285e+07 1.075519061200000048e+08 1.797277700000000000e+07 7.539444232999999821e+07
8.798377201999999583e+07 1.813527860000000000e+08 1.553936100000000000e+07 5.930961400000000000e+07
7.320783026999998093e+07 1.460525940000000000e+08 1.962807100000000000e+07 1.464698349000000022e+07
1.363318863100000024e+08 8.618393779999999702e+07 1.437769000000000000e+07 1.514213420200000107e+08
1.153253352800000012e+08 1.386310180000000000e+08 1.472984000000000000e+07 2.543300340300000086e+07
8.928693432400000095e+07 1.356344303400000036e+08 1.667755500000000000e+07 5.475269880400000513e+07
8.565456517000000179e+07 1.832585410000000000e+08 1.584248100000000000e+07 5.915515800000000000e+07
1.142398654099999964e+08 9.899239759999999404e+07 1.640868600000000000e+07 3.921554417000000179e+07
1.120980265499999970e+08 1.558600280000000000e+08 1.419549200000000000e+07 5.329268800000000000e+07
7.755740648000000417e+07 1.232807599089999944e+08 2.048006700000000000e+07 1.273258773999999976e+06
8.937461834000000358e+07 1.298495862999999970e+08 1.732186000000000000e+07 1.303249316300000064e+07
9.338898512000000477e+07 1.127028509200000018e+08 1.801219400000000000e+07 2.981544319999999832e+06
1.294843368090000153e+08 9.210417790000000596e+07 1.548172500000000000e+07 6.403674681199999899e+07
1.157992541420000046e+08 9.565537802300000191e+07 1.629305100000000000e+07 6.307706141200000048e+07
1.149101752699999958e+08 1.531327060000000000e+08 1.429943400000000000e+07 3.431216294000000507e+07
1.338382797800000161e+08 8.697952373999999464e+07 1.468110800000000000e+07 1.313439114669999927e+08
1.254040998599999994e+08 9.558598489000000060e+07 1.611633000000000000e+07 2.563938274599999934e+07
1.210923265990000069e+08 8.866645124359999597e+07 1.505487800000000000e+07 1.869733433283700049e+08
1.012667907800000012e+08 1.637502540000000000e+08 1.473730300000000000e+07 5.161468500000000000e+07
7.825851470000000298e+07 1.281737748499999940e+08 1.953667800000000000e+07 6.097645571999999695e+06
8.072651165999999642e+07 1.162213398574000001e+08 1.964852200000000000e+07 5.179024238610000163e+07
8.282664125000000000e+07 1.175301625219999999e+08 1.982457300000000000e+07 6.125762920000000158e+05
1.291690947399999946e+08 8.737933129799999297e+07 1.479475700000000000e+07 1.490498650970000029e+08
6.663586425999999791e+07 1.484757379699999988e+08 2.138457000000000000e+07 1.829139753000000119e+07
1.207393844500000030e+08 1.004062225999999940e+08 1.435418600000000000e+07 2.173366115999999940e+08
6.107336913000000268e+07 2.117113160000000000e+08 2.091215500000000000e+07 4.596228370000000298e+07
1.102139290900000036e+08 9.780022590000000596e+07 1.528658000000000000e+07 2.119301191599999964e+08
9.775350278499999642e+07 1.048092381239999980e+08 1.775028900000000000e+07 2.560669581500000134e+07
8.669933748000000417e+07 1.200961557300000042e+08 1.834993300000000000e+07 5.554536705999999307e+06
7.507809943999999762e+07 1.224940121555400044e+08 2.084224900000000000e+07 3.628538478041999787e+07
1.033004418219999969e+08 9.638704528900000453e+07 1.630279000000000000e+07 2.075687816430999935e+08
7.666665490999999642e+07 1.242986692970000058e+08 2.102129600000000000e+07 5.441044160000000848e+05
8.217786862999999523e+07 1.328835500000000000e+08 1.830273700000000000e+07 1.179426246099999920e+07
8.767941713800001144e+07 1.119167589399999976e+08 1.902453000000000000e+07 5.849530419999999925e+06
1.126943890030000061e+08 1.192092342999999970e+08 1.582441500000000000e+07 1.223528313770000078e+07
8.064352143999999762e+07 1.169006457719999999e+08 1.991133500000000000e+07 1.775369824100000039e+07
9.153837290000000596e+07 1.106396713690000027e+08 1.861832900000000000e+07 5.348352179999999935e+05
1.010168753799999952e+08 1.448048795999999940e+08 1.490975600000000000e+07 1.037047902000000030e+08
1.172285622500000000e+08 1.356871005000000000e+08 1.407381100000000000e+07 9.988266459999999404e+07
1.313819689179999977e+08 8.929771657099999487e+07 1.505575000000000000e+07 9.924218112399999797e+07
1.279242174819999933e+08 9.365491760199999809e+07 1.577119400000000000e+07 4.502661095300000161e+07
1.114469528009999990e+08 9.208852444599999487e+07 1.564983800000000000e+07 1.970714539436999857e+08
7.331898096999999881e+07 1.948332260000000000e+08 1.795257700000000000e+07 5.173793179999999702e+07
4.969197188000000268e+07 2.668151001999999881e+08 3.772242800000000000e+07 1.973316060000000149e+07
6.948341532999999821e+07 1.674497090000000000e+08 1.962204100000000000e+07 2.771469100000000000e+07
5.937307285000000149e+07 2.019540530000000000e+08 2.158700800000000000e+07 3.852171670000000298e+07
1.353659304409999847e+08 9.083396102599999309e+07 1.418553900000000000e+07 1.466029547790000141e+08
1.076034259500000030e+08 1.009446024000000060e+08 1.674707100000000000e+07 4.305698113000000268e+07
1.006952347099999934e+08 1.024530132800000012e+08 1.715094900000000000e+07 5.265453410999999940e+07
9.370592206000000238e+07 1.080942200999999940e+08 1.755710200000000000e+07 5.406109629999999702e+07
1.325476998830000013e+08 8.642810961400000751e+07 1.437065600000000000e+07 1.846640436658999920e+08
1.239989118499999940e+08 9.973823490000000596e+07 1.418141500000000000e+07 2.090410663000000119e+08
