1.258690384399999976e+08 1.464500040000000000e+08 1.376592500000000000e+07 4.141112460000000149e+07
1.270612308270000070e+08 9.343952359000000358e+07 1.568494300000000000e+07 5.233686495000000298e+07
8.410394923000000417e+07 1.145742713700000048e+08 1.949485200000000000e+07 7.846893430000000633e+06
8.671739918000000715e+07 1.140915677600000054e+08 1.920682700000000000e+07 5.308481539999999804e+05
9.182363518999999762e+07 1.104069017020000070e+08 1.864165600000000000e+07 4.372892370000000228e+05
1.089717100600000024e+08 1.100493717999999970e+08 1.668309400000000000e+07 5.468394620000000112e+06
5.936995825000000745e+07 1.518814080100000203e+08 2.408829500000000000e+07 4.778613569999999367e+06
1.239655813599999994e+08 1.339763740000000000e+08 1.441674900000000000e+07 2.391224693400000036e+07
1.144729979130000025e+08 1.229379837999999970e+08 1.549480300000000000e+07 1.513075608579999954e+07
1.214985988400000036e+08 1.383482590000000000e+08 1.437976700000000000e+07 2.631983102100000158e+07
1.341577963400000036e+08 8.721482121999999881e+07 1.463668600000000000e+07 1.315433085199999958e+08
1.163357651099999994e+08 1.012912478990000039e+08 1.685763200000000000e+07 1.005607903999999980e+06
1.169181985300000161e+08 8.996344366000001132e+07 1.531375800000000000e+07 1.908759402465699911e+08
4.968149815000000596e+07 2.688690271000000238e+08 3.762962500000000000e+07 2.124521450000000000e+07
7.447396629000000656e+07 1.267468722399999946e+08 2.105810400000000000e+07 1.410593966000000015e+06
1.020911738299999982e+08 1.096604119200000018e+08 1.732081300000000000e+07 3.491857830000000075e+06
1.232302548200000226e+08 1.022420367699999958e+08 1.624044600000000000e+07 3.138539120000000112e+06
1.063708216800000072e+08 1.041089191069999933e+08 1.746617100000000000e+07 6.871293059999999823e+05
5.568195757000000030e+07 2.356463626470000148e+08 3.853677300000000000e+07 6.878513979999999283e+05
8.519944597399999201e+07 1.117211322788999975e+08 1.881057300000000000e+07 8.050442583641000092e+07
9.478635818700000644e+07 1.237603417000000030e+08 1.705004100000000000e+07 1.084785066000000015e+07
1.084310506509999931e+08 1.337957890000000000e+08 1.539961400000000000e+07 2.071622414100000262e+07
1.307986583700000048e+08 8.999699573000000417e+07 1.506596900000000000e+07 9.596178490000000596e+07
9.115018939900000393e+07 1.060180917846000046e+08 1.792318600000000000e+07 1.200112978772000074e+08
1.213142231599999964e+08 9.433569779999999702e+07 1.475823400000000000e+07 1.651541793000000119e+08
6.642097178099998832e+07 1.378600256699999869e+08 2.280651400000000000e+07 1.881312972999999998e+06
1.069124505000000000e+08 1.688910850000000000e+08 1.432873500000000000e+07 5.843346800000000000e+07
7.933563668899999559e+07 1.178694254901999980e+08 1.983467600000000000e+07 6.291515281889999658e+07
1.149951232999999970e+08 1.518909660000000000e+08 1.432375700000000000e+07 3.355319303999999911e+07
1.037602429731999934e+08 9.606235460099999607e+07 1.627471900000000000e+07 2.062451746541999876e+08
9.110891856880000234e+07 1.164952377000000030e+08 1.800167700000000000e+07 4.600921425119999796e+06
1.323319561170000434e+08 8.596052076929999888e+07 1.442896200000000000e+07 1.837956805509000123e+08
1.296130362500000000e+08 8.652011389100000262e+07 1.472848600000000000e+07 1.626177344530000091e+08
1.278154518999999762e+08 9.318527331999999285e+07 1.555887700000000000e+07 5.849618599000000209e+07
5.800315610999999940e+07 1.800196719000000060e+08 2.274772300000000000e+07 2.287323146999999881e+07
1.181923132210000008e+08 8.950863299300000072e+07 1.524148500000000000e+07 1.893127532697899938e+08
1.271811875600000024e+08 1.181798916200000048e+08 1.436117600000000000e+07 5.993573878999999911e+07
1.146417353900000006e+08 1.031575081800000072e+08 1.680537100000000000e+07 1.941352280000000028e+06
7.860607766800001264e+07 1.236418142699999958e+08 1.989243000000000000e+07 3.147533677000000142e+06
9.696812285999999940e+07 1.168888984000000060e+08 1.727804700000000000e+07 6.843884309999999590e+06
9.320381241599999368e+07 1.041418026099999994e+08 1.764095200000000000e+07 1.324864237842999995e+08
1.250347902079999596e+08 9.574620752310000360e+07 1.621012100000000000e+07 2.182031698570000008e+07
1.141089781400000155e+08 9.102488929930000007e+07 1.547500100000000000e+07 1.951614815333999991e+08
1.140018252479999959e+08 9.860974844900000095e+07 1.674956800000000000e+07 2.577520440900000185e+07
1.175833038799999952e+08 1.494882570000000000e+08 1.423945000000000000e+07 3.257205664699999988e+07
1.338814684399999976e+08 9.394345364000000060e+07 1.435377000000000000e+07 1.231914919800000042e+08
1.291338744599999934e+08 1.240252377999999970e+08 1.385554300000000000e+07 8.116635942000000179e+07
7.930974323999999464e+07 1.211725938159999996e+08 2.025427100000000000e+07 9.928814470000000438e+05
1.228763692000000179e+08 9.583391362000000477e+07 1.607452200000000000e+07 3.531911028000000119e+07
1.356758884000000060e+08 8.682236440000000596e+07 1.442982500000000000e+07 1.451372100300000012e+08
6.464537184000000358e+07 1.415839723709999919e+08 2.374897500000000000e+07 7.495628969999999972e+05
1.376867685800000131e+08 9.471752140000000596e+07 1.375486900000000000e+07 1.664750301699999869e+08
8.079635139000000060e+07 1.198536318799999952e+08 1.984617000000000000e+07 1.449720362999999896e+06
5.844766156000000238e+07 1.574956319000000060e+08 2.389339000000000000e+07 8.121373089999999851e+06
1.126023158700000048e+08 9.616888791400000453e+07 1.630326700000000000e+07 7.472271203100000322e+07
1.056672593299999982e+08 1.373799920000000000e+08 1.543785700000000000e+07 2.246001093400000036e+07
9.415177312299999595e+07 1.033224651208000034e+08 1.747924000000000000e+07 1.380392331144999862e+08
9.363934345999999344e+07 1.120118740900000036e+08 1.805091600000000000e+07 2.524583830000000075e+06
8.796842896199999750e+07 1.314019105000000000e+08 1.741876500000000000e+07 1.354103448699999973e+07
1.039674131669999957e+08 1.045453946790000051e+08 1.772841500000000000e+07 3.045703698999999906e+05
6.250842196400008351e+07 1.445985242500000000e+08 2.403185400000000000e+07 1.349516438000000082e+06
1.224859846340000033e+08 9.010201654799999297e+07 1.479118200000000000e+07 1.933012511960000098e+08
1.164569309409999996e+08 1.649204560000000000e+08 1.385350500000000000e+07 6.306655800000000000e+07
1.268491640300000012e+08 1.361205794000000060e+08 1.359372300000000000e+07 1.059136770000000000e+08
9.549009940999999642e+07 1.083598209669999927e+08 1.828529200000000000e+07 4.372888649999999907e+05
6.330559644900008291e+07 1.398332613700000048e+08 2.366058900000000000e+07 3.260112123000000045e+07
6.359858058299999684e+07 2.111947330000000000e+08 2.021693300000000000e+07 4.895225900000000000e+07
6.042160436699999124e+07 1.483703094000000060e+08 2.418429700000000000e+07 2.752840215999999549e+06
1.161905600400000066e+08 1.431964420000000000e+08 1.451091700000000000e+07 2.844873037000000104e+07
1.254940522199999541e+08 1.313971840000000000e+08 1.431692500000000000e+07 3.151628250000000000e+07
6.467590505500000715e+07 1.376390594229999781e+08 2.323915800000000000e+07 3.567035567599999905e+07
5.431412175000000000e+07 1.967921925000000000e+08 2.543675700000000000e+07 2.405109300000000000e+07
1.088896762399999946e+08 1.500499220000000000e+08 1.474536000000000000e+07 3.118982500899999961e+07
9.543109389000001550e+07 1.398990510000000000e+08 1.617365400000000000e+07 2.138650019000000134e+07
8.933899385400000215e+07 1.077222554287000000e+08 1.817187600000000000e+07 1.089584386051000059e+08
1.134427683100000024e+08 1.137814429000000060e+08 1.608385900000000000e+07 8.994148099999999627e+06
8.949439012999999523e+07 1.419946789000000060e+08 1.669620200000000000e+07 2.103791988300000131e+07
1.117110369599999934e+08 1.071562556700000018e+08 1.669450400000000000e+07 4.028308700000000186e+06
6.952877135999998450e+07 1.555265129000000060e+08 2.014067400000000000e+07 1.793704816999999806e+07
6.150611397700000554e+07 2.133583540000000000e+08 2.078235300000000000e+07 4.772160110000000149e+07
6.823362428860001266e+07 1.317710672062299997e+08 2.239495600000000000e+07 3.353944447236400098e+07
1.239446620000000000e+08 1.221602665000000000e+08 1.496063000000000000e+07 1.629040459999999963e+07
1.255533689500000030e+08 1.120321207699999958e+08 1.502844600000000000e+07 3.490119736999999732e+07
1.118265327099999934e+08 9.669047340000000596e+07 1.554881800000000000e+07 1.416079316999999881e+08
9.619672487000000477e+07 1.758327660000000000e+08 1.491641400000000000e+07 5.875625200000000000e+07
9.794244026999999583e+07 1.072079063680000007e+08 1.808363500000000000e+07 4.445745860000000102e+05
7.913267950999999046e+07 1.358026520000000000e+08 1.877882700000000000e+07 1.196252014000000060e+07
1.371115321699999869e+08 9.073506493000000715e+07 1.382461900000000000e+07 1.843028033600000143e+08
5.223542397000000626e+07 2.418641928799999952e+08 3.848051600000000000e+07 4.004601927000000142e+06
1.266921908999999762e+08 8.684868674359999597e+07 1.477377000000000000e+07 1.857628694300000072e+08
1.088287814099999964e+08 9.753054247900000215e+07 1.636989400000000000e+07 8.150095666500000656e+07
1.081260573809999973e+08 9.361963136730000377e+07 1.588077700000000000e+07 2.029790913709000051e+08
8.401271196000000834e+07 1.452285595999999940e+08 1.731436800000000000e+07 2.090561489000000060e+07
1.380514251700000167e+08 9.370396100000000000e+07 1.373621300000000000e+07 1.716186911399999857e+08
5.500773776799999923e+07 1.953619293000000119e+08 2.442499300000000000e+07 2.611173780000000075e+07
8.691029524799999595e+07 1.188350057000000030e+08 1.844484700000000000e+07 4.499300784099999815e+06
1.334430751700000018e+08 9.613247779999999702e+07 1.376389100000000000e+07 2.068844865000000000e+08
7.296318933999998868e+07 1.985243480000000000e+08 1.800963000000000000e+07 5.340088579999999702e+07
9.391419980900000036e+07 1.052754198310000002e+08 1.722535200000000000e+07 1.369764652409999967e+08
8.916093145300000906e+07 1.615395830000000000e+08 1.598622300000000000e+07 3.342888873000000045e+07
1.232299804150000215e+08 1.237495762000000030e+08 1.490756400000000000e+07 1.738300989599999785e+07
8.967478294299998879e+07 1.220956575000000000e+08 1.775425700000000000e+07 8.080249021000000648e+06
7.075816853800000250e+07 1.319412178100000024e+08 2.165271200000000000e+07 2.204893306100000162e+06
9.721436810099999607e+07 1.745757990000000000e+08 1.481584900000000000e+07 6.483158300000000000e+07
8.945098362000000477e+07 1.126215175830000043e+08 1.866032400000000000e+07 1.196470959999999963e+06
8.562878752999998629e+07 1.700956080000000000e+08 1.617753500000000000e+07 3.753323253000000119e+07
9.437752387000000477e+07 1.659221810000000000e+08 1.536697600000000000e+07 3.757899017999999970e+07
7.331705379999999702e+07 1.875817490000000000e+08 1.809929500000000000e+07 4.120020050000000000e+07
7.101514012000000477e+07 1.388624114000000060e+08 2.070405900000000000e+07 8.160434831000000238e+06
1.076883348100000024e+08 9.781596326999999583e+07 1.554585900000000000e+07 2.131831239429999888e+08
8.485393461000004411e+07 1.148517802929999977e+08 1.894153700000000000e+07 1.903082143299999833e+07
7.726551403000000119e+07 1.240565916940000057e+08 2.104119100000000000e+07 3.606902079999999842e+05
7.843937951999999583e+07 1.188978342099999934e+08 2.025596900000000000e+07 2.334041483799999952e+07
5.373035019900000095e+07 1.927542258000000119e+08 2.832626900000000000e+07 1.222450428999999911e+07
8.304966334999999404e+07 1.174977420680000037e+08 1.988357500000000000e+07 4.503970289999999804e+05
9.395799437999999523e+07 1.774790170000000000e+08 1.501313500000000000e+07 6.666715100000000000e+07
1.252486122900000215e+08 1.491047930000000000e+08 1.369671100000000000e+07 4.613337400000000000e+07
1.228646905719999969e+08 9.787941684766000509e+07 1.668123200000000000e+07 1.727694949879999971e+06
5.347667804599999636e+07 2.385681904499999881e+08 3.852795900000000000e+07 2.179009691899999976e+06
1.009127335400000066e+08 1.505240000000000000e+08 1.480059700000000000e+07 1.182683665999999940e+08
5.603786542999999970e+07 1.665826785000000000e+08 2.564036400000000000e+07 7.194955180000000633e+06
6.151716537900000066e+07 1.432964501369999945e+08 2.412271700000000000e+07 2.737380512590000033e+07
7.285639540000000596e+07 1.255118713700000048e+08 2.135771600000000000e+07 2.293385623000000045e+07
8.607175279899999499e+07 1.110342232574000061e+08 1.859023700000000000e+07 9.136970385119999945e+07
1.060262134200000018e+08 9.974586205300000310e+07 1.675624900000000000e+07 5.848929659300000221e+07
8.624659909000001848e+07 1.664356280000000000e+08 1.614147400000000000e+07 3.935034450000000000e+07
1.122815469829999954e+08 9.174195664890000224e+07 1.559707700000000000e+07 1.956631660288000107e+08
6.260697799000000209e+07 1.757429055999999940e+08 2.135544400000000000e+07 2.464545564000000060e+07
6.826392309999999404e+07 1.358465507899999917e+08 2.284620500000000000e+07 6.587076240000000689e+05
1.059435579889999926e+08 9.474932794830000401e+07 1.607172100000000000e+07 2.039774891468999982e+08
9.419824517000001669e+07 1.114838141500000060e+08 1.802816100000000000e+07 2.361182200000000186e+06
6.328520240999999642e+07 1.494760441200000048e+08 2.251837500000000000e+07 1.245664998900000006e+07
5.476065574999999255e+07 1.860361195000000000e+08 2.494304400000000000e+07 1.949559833999999985e+07
1.184052715400000066e+08 1.098851070000000000e+08 1.599118700000000000e+07 7.387063000000000000e+06
1.278398219599999934e+08 8.648166034999999404e+07 1.475524200000000000e+07 1.781162702450000048e+08
1.269229054899999946e+08 9.546559170000000298e+07 1.415530000000000000e+07 2.056005046800000072e+08
4.999785535000000149e+07 2.578944406999999881e+08 3.807901300000000000e+07 1.361173175000000000e+07
7.980696853000000119e+07 1.898934740000000000e+08 1.673691500000000000e+07 5.579350700000000000e+07
1.211730696700000018e+08 1.617847530000000000e+08 1.368991700000000000e+07 5.846949400000000000e+07
7.757250268999999762e+07 1.929040330000000000e+08 1.712356400000000000e+07 5.673705100000000000e+07
8.981043646700000763e+07 1.117452086219999939e+08 1.884606900000000000e+07 4.699946030000000028e+05
1.354945791700000167e+08 9.596517170000000298e+07 1.367553600000000000e+07 1.979289805000000000e+08
1.046451296400000155e+08 1.709912780000000000e+08 1.440237400000000000e+07 6.484539000000000000e+07
9.930568832999999821e+07 1.545492980000000000e+08 1.516276700000000000e+07 4.096822770000000298e+07
5.822167667499999702e+07 1.567558220000000000e+08 2.523957400000000000e+07 3.527909415000000037e+06
5.807443675999999046e+07 1.661630828000000119e+08 2.341112700000000000e+07 1.372203136999999918e+07
8.974586370299999416e+07 1.756682900000000000e+08 1.558152300000000000e+07 4.239174361999999732e+07
8.486721200000000000e+07 1.160058934800000042e+08 1.918909900000000000e+07 1.448434247999999905e+06
1.227166426800000221e+08 1.108577025999999940e+08 1.564856000000000000e+07 8.884456099999999627e+06
9.712502201000000536e+07 1.359456490999999940e+08 1.618700300000000000e+07 1.949692807400000095e+07
1.141018846700000167e+08 1.005931088100000024e+08 1.715887000000000000e+07 1.271589753000000026e+06
1.006135067699999958e+08 1.525412280000000000e+08 1.524916700000000000e+07 3.080399307800000161e+07
1.230367300699999779e+08 1.566877650000000000e+08 1.368545600000000000e+07 5.114644900000000000e+07
6.014600054999999702e+07 2.064818320000000000e+08 2.125233200000000000e+07 4.162413689999999851e+07
