1.122835685499999970e+08 1.057704332900000066e+08 1.675569700000000000e+07 3.307070650000000373e+06
8.475585524999998510e+07 1.297219242999999970e+08 1.800061100000000000e+07 1.107933534999999963e+07
1.163477807549999952e+08 9.885654830500000715e+07 1.681668700000000000e+07 1.178411936500000022e+07
1.310173576800000072e+08 9.103257379999999702e+07 1.505751900000000000e+07 9.051521879999999702e+07
1.368070478199999928e+08 8.550604981000000238e+07 1.444758800000000000e+07 1.488317103799999952e+08
6.060369030200000107e+07 1.479434285400000215e+08 2.419152600000000000e+07 2.511709915099999867e+06
1.261873903430000246e+08 1.097312336700000018e+08 1.501588200000000000e+07 4.099570647900000215e+07
9.473310245999999344e+07 1.764727330000000000e+08 1.496698900000000000e+07 6.520039300000000000e+07
8.724941457999998331e+07 1.135494426200000048e+08 1.910555400000000000e+07 6.528281790000000037e+05
1.125888331500000060e+08 9.711738812999999523e+07 1.634583900000000000e+07 6.153462379100000113e+07
1.264896404000000060e+08 9.590261500000000000e+07 1.623226600000000000e+07 1.755065100000000000e+07
1.140554069599999934e+08 1.029354098900000006e+08 1.687791000000000000e+07 1.639739843000000110e+06
7.095397392300000787e+07 1.318168066480000019e+08 2.226466600000000000e+07 5.849996290000000736e+05
1.314637187500000000e+08 9.064012679999999702e+07 1.499363900000000000e+07 9.543784898999999464e+07
1.175935941800000072e+08 1.078310807000000030e+08 1.619086000000000000e+07 5.831570950000000186e+06
1.232924021300000399e+08 1.125327119000000060e+08 1.551962400000000000e+07 9.990228099999999627e+06
8.880687556000000238e+07 1.764163890000000000e+08 1.565885400000000000e+07 4.248528832999999821e+07
9.492841126999999583e+07 1.428166360000000000e+08 1.609459600000000000e+07 2.312369095200000331e+07
1.148527243439999968e+08 9.073089692859999835e+07 1.543664500000000000e+07 1.929047699894100130e+08
1.231421671130000055e+08 1.213158315999999940e+08 1.504483500000000000e+07 1.557716202779999934e+07
1.206451287900000066e+08 1.143048110999999940e+08 1.556697500000000000e+07 1.075638030000000075e+07
1.366351280600000024e+08 9.085380604999999702e+07 1.382792800000000000e+07 1.908619006100000143e+08
8.443061279999999702e+07 1.251255547000000030e+08 1.836531800000000000e+07 7.827873918999999762e+06
1.032315995199999958e+08 1.069754432000000030e+08 1.745765200000000000e+07 1.923527618999999948e+06
1.357531920100000203e+08 8.481919196999999881e+07 1.432220800000000000e+07 1.754302716599999964e+08
1.093268302600000203e+08 1.621153460000000000e+08 1.432997300000000000e+07 4.740138370000000298e+07
9.285238112000000477e+07 1.136989212000000030e+08 1.801193500000000000e+07 3.289947390000000130e+06
6.215535520000000298e+07 1.456919242700000107e+08 2.351003700000000000e+07 4.226777532999999821e+06
1.355570475800000131e+08 8.967377240000000596e+07 1.430923200000000000e+07 1.403416918000000119e+08
1.232981689899999797e+08 1.039620816299999952e+08 1.609795500000000000e+07 4.299834969999999739e+06
5.930714357000000030e+07 1.519987429899999797e+08 2.410430800000000000e+07 4.825320362000000663e+06
1.272086217280000150e+08 8.694756110369999707e+07 1.471484500000000000e+07 1.864285929650999904e+08
1.210919199599999934e+08 1.399393970000000000e+08 1.433290000000000000e+07 2.769801401000000164e+07
1.064791538299999982e+08 1.553780010000000000e+08 1.475087100000000000e+07 3.395050240999999642e+07
5.405784765999999642e+07 1.993528663000000119e+08 2.591758400000000000e+07 2.389680850000000000e+07
9.958299848999999464e+07 1.067022805740000010e+08 1.791223000000000000e+07 6.328920330000000540e+05
1.058126524100000411e+08 1.703305310000000000e+08 1.436114200000000000e+07 6.123536100000000000e+07
1.066029864989999980e+08 9.439106069200000167e+07 1.601361600000000000e+07 2.030560674801999927e+08
1.090412117300000042e+08 1.361621790000000000e+08 1.524611700000000000e+07 2.251460254199999943e+07
7.809354055999998748e+07 1.574288021999999881e+08 1.796994900000000000e+07 2.524988121999999881e+07
6.166432300699999928e+07 1.429253977400000095e+08 2.414186100000000000e+07 2.506785028663000092e+07
8.569410752000001073e+07 1.148738699590000063e+08 1.938129100000000000e+07 5.635167789999999804e+05
7.273457458000001311e+07 1.351196466699999869e+08 2.049544800000000000e+07 6.820759514000000432e+06
1.072564541700000018e+08 1.035088707080000043e+08 1.746210900000000000e+07 4.630900590000000084e+05
7.940030404300001264e+07 1.238459388799999952e+08 1.966082200000000000e+07 3.700161563999999780e+06
1.240346631459999979e+08 1.329139250000000000e+08 1.445724600000000000e+07 2.323475627899999917e+07
1.252517554529999942e+08 9.581675668690000474e+07 1.621944400000000000e+07 2.057093962550000101e+07
7.445847823999999464e+07 1.232474340718699992e+08 2.097633600000000000e+07 3.568048009124000371e+07
9.589515589000000060e+07 1.044047390799999982e+08 1.731266600000000000e+07 7.463356606999999285e+07
8.071219894799999893e+07 1.185996084179999977e+08 2.014768500000000000e+07 4.360061117200000212e+06
6.861235818999999762e+07 1.347437888869999945e+08 2.261430100000000000e+07 9.539572079999999842e+05
1.331361499300000072e+08 8.493591790000000596e+07 1.450200100000000000e+07 1.778223588440000117e+08
8.342070803000001609e+07 1.858317860000000000e+08 1.616532100000000000e+07 5.979755800000000000e+07
1.223540206250000000e+08 8.818127565100000799e+07 1.499517800000000000e+07 1.885259132233999968e+08
6.767551037040001154e+07 1.326217441923999935e+08 2.252974100000000000e+07 3.323208967223099992e+07
6.971589584000000358e+07 1.369633904600000083e+08 2.131472800000000000e+07 5.494787286000000313e+06
9.206805159000000358e+07 1.363955385699999928e+08 1.624975200000000000e+07 6.293713235000000149e+07
6.170041097590000182e+07 1.427611636053699851e+08 2.411170200000000000e+07 3.073425682625000179e+07
1.148713744200000167e+08 1.601462460000000000e+08 1.399872200000000000e+07 5.415022500000000000e+07
8.492627710000000894e+07 1.700398140000000000e+08 1.629011100000000000e+07 3.701496671999999881e+07
7.072997220999999344e+07 2.006104370000000000e+08 1.848957500000000000e+07 5.078018729999999702e+07
9.529069700300000608e+07 1.549439344000000060e+08 1.515996500000000000e+07 1.198816745000000000e+08
9.669854855300000310e+07 1.012790268349999934e+08 1.707372400000000000e+07 1.577167292439000010e+08
9.930459898299999535e+07 1.041346842060000002e+08 1.756548000000000000e+07 2.794405520600000024e+07
5.209735836999999732e+07 2.423702029000000060e+08 3.847251100000000000e+07 4.287556936999999918e+06
1.018405224099999964e+08 1.047652426899999976e+08 1.785299900000000000e+07 2.541453117000000086e+06
1.235933890999999940e+08 1.102949487000000030e+08 1.564467800000000000e+07 8.591014900000000373e+06
1.199948157999999970e+08 1.639030990000000000e+08 1.370832500000000000e+07 6.287484700000000000e+07
1.123478260300000161e+08 9.953796648000000417e+07 1.500011400000000000e+07 2.109876396299999952e+08
1.093258577430000007e+08 9.908518126899999380e+07 1.556225900000000000e+07 1.512049678350000083e+08
9.966071375000000000e+07 1.138998107999999970e+08 1.722158200000000000e+07 5.665933450000000186e+06
1.071338507600000054e+08 1.007689960000000000e+08 1.687765100000000000e+07 3.842661502000000328e+07
9.962611779999999702e+07 1.659500370000000000e+08 1.497525000000000000e+07 3.925848713000000268e+07
8.884634243999999762e+07 1.132172676400000006e+08 1.867064500000000000e+07 1.541833347999999998e+06
1.186828316099999994e+08 1.391643730000000000e+08 1.451202900000000000e+07 2.628883323400000110e+07
5.850899957000000030e+07 1.573946876999999881e+08 2.387272100000000000e+07 8.094898089999999851e+06
9.246986014000000060e+07 1.687644390000000000e+08 1.540824200000000000e+07 4.229284829999999702e+07
1.266657769000000060e+08 1.436479740000000000e+08 1.375791200000000000e+07 4.458006800000000000e+07
9.484832162000000477e+07 1.059741696350000054e+08 1.789414000000000000e+07 3.134000697199999914e+07
8.446542930000001192e+07 1.421024364000000060e+08 1.738244500000000000e+07 1.908200110000000149e+07
9.793121825000000000e+07 1.658475420000000000e+08 1.490863600000000000e+07 5.539370400000000000e+07
8.931966773000000417e+07 1.271482135999999940e+08 1.747672900000000000e+07 1.138950709699999914e+07
1.280247978900000155e+08 1.167136227999999970e+08 1.438185800000000000e+07 6.030935559000000358e+07
1.202833510460000038e+08 9.631856804999999702e+07 1.463230700000000000e+07 1.824901283300000131e+08
8.317357484999999404e+07 1.171536121060000062e+08 1.971350300000000000e+07 7.204985009999999311e+05
9.089713709999999404e+07 1.506391050000000000e+08 1.618923500000000000e+07 2.682810567000000179e+07
1.199711415699999928e+08 9.886192970000000298e+07 1.445669400000000000e+07 2.131590878700000048e+08
5.816061938000000268e+07 1.567653756699999869e+08 2.512739200000000000e+07 3.905907734999999870e+06
1.089744282699999958e+08 1.121761802000000030e+08 1.652699800000000000e+07 6.979709360000000335e+06
8.049898907990001142e+07 1.203332833700000048e+08 1.980317200000000000e+07 1.911351424703000113e+06
6.344561518999999762e+07 1.427854660699999928e+08 2.365458300000000000e+07 1.659200799000000115e+06
7.513673858999998868e+07 1.257390477440000027e+08 2.111181700000000000e+07 1.010844314000000013e+06
7.288764813000001013e+07 1.286441035100000054e+08 2.141560000000000000e+07 1.399335389999999898e+06
5.773939856000000238e+07 1.732929373000000119e+08 2.316117700000000000e+07 1.823471360000000149e+07
6.987189517000001669e+07 1.970355240000000000e+08 1.872034500000000000e+07 4.617482039999999851e+07
8.512304709000000358e+07 1.156478266400000006e+08 1.918174100000000000e+07 1.341747101000000024e+06
1.219014519099999964e+08 9.695093417000000179e+07 1.441155500000000000e+07 2.049112231200000048e+08
7.167865361999998987e+07 1.901758560000000000e+08 1.839495900000000000e+07 4.605920070000000298e+07
1.038485159995999932e+08 9.602908851899999380e+07 1.624737500000000000e+07 2.083299071845999956e+08
1.221762502600000054e+08 9.760536838199999928e+07 1.660781600000000000e+07 6.573209442999999970e+06
1.236506861800000221e+08 1.063230560000000000e+08 1.567118500000000000e+07 1.801130400000000000e+07
8.240470212000000477e+07 1.313024860999999940e+08 1.834316100000000000e+07 1.098867289299999923e+07
5.538870936000006646e+07 1.995606571999999881e+08 2.408082500000000000e+07 2.923012510000000149e+07
1.310774017989999950e+08 8.853058524799999595e+07 1.430533600000000000e+07 1.845882092660000026e+08
1.052407788100000024e+08 1.012730984000000060e+08 1.619041700000000000e+07 1.041790809000000060e+08
9.783595760699999332e+07 1.061555561099999994e+08 1.799676500000000000e+07 6.614700836629999802e+06
5.779094579999999702e+07 1.830012654000000060e+08 2.273009300000000000e+07 2.478153239999999851e+07
1.287868066139999926e+08 8.622539920890000463e+07 1.467453500000000000e+07 1.839904693364099860e+08
8.834159109000001848e+07 1.648306830000000000e+08 1.587750100000000000e+07 4.441109829999999702e+07
1.282836983999999762e+08 1.277231099000000060e+08 1.374898400000000000e+07 8.601749179999999702e+07
7.601605925999999046e+07 1.383368309000000060e+08 1.936570900000000000e+07 1.154340772000000067e+07
1.269877989619999826e+08 9.173807135699999332e+07 1.441126100000000000e+07 1.793470898059999943e+08
1.228954514699999988e+08 1.606959730000000000e+08 1.362124200000000000e+07 5.869285200000000000e+07
1.306098587099999934e+08 9.779868909999999404e+07 1.386387000000000000e+07 2.122368365999999940e+08
8.787993104999999702e+07 1.532522788000000119e+08 1.612914600000000000e+07 8.912382457999999821e+07
7.443378700999999046e+07 1.267973726299999952e+08 2.105633100000000000e+07 1.445551962999999989e+06
9.403389303399999440e+07 1.081974507537000030e+08 1.834077200000000000e+07 4.638635967300000601e+06
1.049551291899999976e+08 1.484849641999999881e+08 1.456856900000000000e+07 1.166335975000000000e+08
4.983625950000000745e+07 2.610296661999999881e+08 3.796470400000000000e+07 1.568675809999999963e+07
7.637866967799998820e+07 1.215494604473000020e+08 2.038574400000000000e+07 5.784626143580000103e+07
7.295899749809999764e+07 1.251387938901900053e+08 2.130365100000000000e+07 3.513988856160999835e+07
1.137915641599999964e+08 9.406009804000000656e+07 1.568213900000000000e+07 1.279651071500000060e+08
1.123230272782000154e+08 1.014701427048999965e+08 1.682827400000000000e+07 1.498121241180000082e+07
7.929485071000000834e+07 1.210136291609999985e+08 2.034982000000000000e+07 8.685504250000000466e+05
1.376409706200000048e+08 9.408795750000000000e+07 1.366310700000000000e+07 1.844693095500000119e+08
8.808118444299998879e+07 1.118960298270000070e+08 1.882024400000000000e+07 7.655451118000000715e+06
1.261453933809999973e+08 9.425109627699999511e+07 1.589025700000000000e+07 4.033553083699999750e+07
1.127643694749999940e+08 1.005710912049999982e+08 1.717175900000000000e+07 4.003146327000000048e+06
5.419923872999999672e+07 2.373235009199999869e+08 3.853973400000000000e+07 1.518248335999999894e+06
1.095549810559999943e+08 9.293432904009999335e+07 1.578761900000000000e+07 1.966746308345000148e+08
6.563023265999999642e+07 1.589167984900000095e+08 2.111765800000000000e+07 2.882082223999999836e+07
7.294709071999999881e+07 1.494112370000000000e+08 1.951593600000000000e+07 1.671994435999999940e+07
1.350907482780000269e+08 8.687455323000000417e+07 1.462202000000000000e+07 1.318225702399999946e+08
1.183507092000000030e+08 9.985398901800000668e+07 1.685494800000000000e+07 5.007478549999999814e+05
5.637776913000000268e+07 1.644555594699999988e+08 2.566878500000000000e+07 8.287187572999999858e+06
7.358492232999999821e+07 1.949557210000000000e+08 1.789496900000000000e+07 5.232343520000000298e+07
1.290252357999999970e+08 8.751364940000000596e+07 1.480620200000000000e+07 1.476093030730000138e+08
6.313758360699999332e+07 2.085954660000000000e+08 2.035543200000000000e+07 4.546464250000000000e+07
6.587187716000001132e+07 1.424107372500000000e+08 2.220421800000000000e+07 5.716428671000000089e+06
1.246233084570000172e+08 9.754980523549999297e+07 1.662500400000000000e+07 8.506725223999998998e+05
5.924893221500000358e+07 1.729724620999999940e+08 2.260326400000000000e+07 1.952865414999999851e+07
1.214521034440000057e+08 9.538356073999999464e+07 1.605047800000000000e+07 4.440886500800000131e+07
9.097566401000000536e+07 1.109536347939999998e+08 1.866415400000000000e+07 6.247326350000000093e+05
6.484883311999999732e+07 1.922569720000000000e+08 2.015914500000000000e+07 3.715162160000000149e+07
1.271793120900000036e+08 9.436771679999999702e+07 1.564560800000000000e+07 5.025918870000000298e+07
8.012439057800000906e+07 1.168477553276000023e+08 1.977844600000000000e+07 4.761377218638999760e+07
1.304223179669999927e+08 9.084325424600000679e+07 1.526426000000000000e+07 8.022120504600000381e+07
1.008649592999999970e+08 1.101504590199999958e+08 1.741555200000000000e+07 3.326180720000000205e+06
6.399417670000001043e+07 1.386301313700000048e+08 2.347358500000000000e+07 3.260112123000000045e+07
1.202654334329999983e+08 1.269320150000000000e+08 1.493956300000000000e+07 1.868634619340000302e+07
9.401316164699998498e+07 1.217408450000000000e+08 1.725849700000000000e+07 9.247661417199999094e+06
1.169440271099999994e+08 9.692006729999999702e+07 1.529578700000000000e+07 1.219439062999999970e+08
5.428713863900000602e+07 1.845205310999999940e+08 2.706862000000000000e+07 1.203126008999999985e+07
1.173278909099999964e+08 1.649917330000000000e+08 1.381558400000000000e+07 6.319390600000000000e+07
1.220036317399999946e+08 9.326488300000000000e+07 1.520025000000000000e+07 1.156396745000000000e+08
6.639649578999999166e+07 1.382038384220000207e+08 2.314335000000000000e+07 1.001163940999999992e+06
7.534127589000000060e+07 1.680541970000000000e+08 1.817849400000000000e+07 3.030745028000000119e+07
1.371724730600000024e+08 8.393319703000000119e+07 1.433715100000000000e+07 1.733025107619999945e+08
1.032458538840000033e+08 9.850670741099999845e+07 1.616452400000000000e+07 1.673668693305000067e+08
8.741005338000001013e+07 1.811270770000000000e+08 1.562471300000000000e+07 5.584844500000000000e+07
1.076615696700000018e+08 9.583759970999999344e+07 1.603545600000000000e+07 1.395974169399999976e+08
5.610001385999999940e+07 1.738242394000000060e+08 2.443137000000000000e+07 1.482402558999999985e+07
1.124597736243000031e+08 9.272849125021000206e+07 1.556136900000000000e+07 1.738936290495499969e+08
6.939220044999998808e+07 1.422966019799999893e+08 2.090879300000000000e+07 1.617692490000000224e+07
9.038499189000001550e+07 1.069095315400000066e+08 1.801481000000000000e+07 8.722134463400000334e+07
1.246608980799999982e+08 1.481610070000000000e+08 1.386100700000000000e+07 3.576616910000000149e+07
1.144398296099999994e+08 1.435259720000000000e+08 1.459894800000000000e+07 2.860987708999999985e+07
8.048792627999998629e+07 1.810574040000000000e+08 1.676850000000000000e+07 4.388366079999999702e+07
1.038742380699999928e+08 1.365169435000000000e+08 1.559863300000000000e+07 2.186126913000000268e+07
6.829600591999998689e+07 1.371138742700000107e+08 2.180879700000000000e+07 5.388053473000000231e+06
1.158792112670000046e+08 9.065545479690000415e+07 1.533203400000000000e+07 1.895210193875199854e+08
8.794992084000000358e+07 1.093688274099999964e+08 1.838800300000000000e+07 6.106448521700000018e+07
1.039358890699999928e+08 1.012389052999999970e+08 1.675901900000000000e+07 6.392316317000000179e+07
9.649748331000001729e+07 1.108354618799999952e+08 1.780397300000000000e+07 2.734990350000000093e+06
7.790085050000000000e+07 1.352776703000000119e+08 1.908842300000000000e+07 1.096736956100000069e+07
5.004564833000000566e+07 2.571401725000000000e+08 3.810496500000000000e+07 1.312120705000000075e+07
1.231888068400000036e+08 9.434875370000000298e+07 1.480317400000000000e+07 1.420355885999999940e+08
8.258443454000000656e+07 1.249108105300000012e+08 1.870763600000000000e+07 9.463103339999999851e+06
1.076983667199999988e+08 9.760539181999999285e+07 1.635394200000000000e+07 9.111891392100000381e+07
8.548533578000001609e+07 1.722061470000000000e+08 1.614643600000000000e+07 3.881018117000000179e+07
