1.248581274800000042e+08 9.740940137000000477e+07 1.662379600000000000e+07 1.008611209999999963e+06
9.236315560999999940e+07 1.140938245100000054e+08 1.804045800000000000e+07 3.396012229999999981e+06
9.951668745000000298e+07 1.728353340000000000e+08 1.471444000000000000e+07 5.954405600000000000e+07
9.419148725000000000e+07 1.565906160000000000e+08 1.564640400000000000e+07 3.166763160999999940e+07
7.709258575000000000e+07 1.240533252870000005e+08 2.089219600000000000e+07 5.284375679999999702e+05
1.148629524599999934e+08 1.651127160000000000e+08 1.392481000000000000e+07 6.297895200000000000e+07
1.248886252670000196e+08 1.369273940000000000e+08 1.425452500000000000e+07 2.600672005600000173e+07
8.819257059999999404e+07 1.145481969899999946e+08 1.863491600000000000e+07 2.124060231999999844e+06
1.158776663209999949e+08 1.341556280000000000e+08 1.487976800000000000e+07 2.260190944099999964e+07
1.122609891400000006e+08 1.010733113700000048e+08 1.723027500000000000e+07 1.930867729999999981e+06
1.117089750699999928e+08 1.152498055000000000e+08 1.613215700000000000e+07 9.386826400000000373e+06
7.733149806000000238e+07 1.286360037099999934e+08 1.974605500000000000e+07 5.727355773000000045e+06
1.230099058149999976e+08 8.790676352534000576e+07 1.497993400000000000e+07 1.860915661100099981e+08
1.174705064140000045e+08 1.259688750999999940e+08 1.515416300000000000e+07 1.758773004320000112e+07
1.228877537699999958e+08 1.026452460699999928e+08 1.623248600000000000e+07 3.282694029999999795e+06
9.437350734000000358e+07 1.111987420400000066e+08 1.802824100000000000e+07 2.301997740999999922e+06
1.352817473299999833e+08 8.939008540000000596e+07 1.437783700000000000e+07 1.367104585000000000e+08
1.035583386969999969e+08 1.047145175390000045e+08 1.776479200000000000e+07 2.690800730999999796e+05
1.076650943799999952e+08 1.061856422999999970e+08 1.514908000000000000e+07 2.310840020000000000e+08
9.473657254000000656e+07 1.283177695000000000e+08 1.679574500000000000e+07 1.382585673900000006e+07
1.082707511400000155e+08 1.691809640000000000e+08 1.422217500000000000e+07 6.442711000000000000e+07
1.199822796299999952e+08 1.639080860000000000e+08 1.370882000000000000e+07 6.287623500000000000e+07
1.247584206099999994e+08 8.757953761900000274e+07 1.494224900000000000e+07 1.740985187639999986e+08
1.325250706599999964e+08 8.573290620000000298e+07 1.444712000000000000e+07 1.787049505500000119e+08
1.310668093030000031e+08 9.047373697800000012e+07 1.520198700000000000e+07 8.436728000100000203e+07
1.277031530090000033e+08 9.331911473999999464e+07 1.566457200000000000e+07 5.229797867999999970e+07
1.167598076200000048e+08 1.112626284000000060e+08 1.601635200000000000e+07 7.908889299999999814e+06
1.203709420789999962e+08 8.876532111549000442e+07 1.512122900000000000e+07 1.875443883679299951e+08
1.041767008599999994e+08 1.549957480000000000e+08 1.490116400000000000e+07 3.373933927000000328e+07
1.178396258299999982e+08 1.000832616330000013e+08 1.687453400000000000e+07 4.866171919999999809e+05
8.131159889999999106e+07 1.808713930000000000e+08 1.665722400000000000e+07 4.195942220000000298e+07
1.090789475400000066e+08 9.771984240399999917e+07 1.642893400000000000e+07 7.417308417100000381e+07
8.549639952399998903e+07 1.134219342750000060e+08 1.918215600000000000e+07 8.775009944799998775e+06
1.022621124169999957e+08 9.721695440999999642e+07 1.636931000000000000e+07 2.003105679216000140e+08
1.080580282870000005e+08 1.031283903799999952e+08 1.745715300000000000e+07 2.911408801000000094e+05
7.222238302000001073e+07 1.845960870000000000e+08 1.841308400000000000e+07 3.856482360000000149e+07
1.268319508699999601e+08 1.158877340999999940e+08 1.458814500000000000e+07 5.039909167000000179e+07
9.524679404500000179e+07 1.521384669000000060e+08 1.520849300000000000e+07 1.174540154000000060e+08
1.172598548400000036e+08 1.487616500000000000e+08 1.424171700000000000e+07 3.383877079999999702e+07
1.228807579200000167e+08 9.205089507299999893e+07 1.550654800000000000e+07 9.293699832700000703e+07
1.176660731200000048e+08 1.648500760000000000e+08 1.380168200000000000e+07 6.315313000000000000e+07
1.171863476899999976e+08 9.576241976000000536e+07 1.482097400000000000e+07 1.994282813899999857e+08
9.792719560999999940e+07 1.747259440000000000e+08 1.476927900000000000e+07 6.581291900000000000e+07
9.551205840700000525e+07 1.083402258840000033e+08 1.835097800000000000e+07 2.968231916000000201e+05
6.992902927000001073e+07 1.358648491200000048e+08 2.137087300000000000e+07 4.751504603000000119e+06
1.164456324699999988e+08 9.313989415899999440e+07 1.504405400000000000e+07 2.007881835679999888e+08
1.030824581539999992e+08 1.003659790869999975e+08 1.706719400000000000e+07 6.330992725199999660e+07
9.743154601000002027e+07 1.356700585000000000e+08 1.618095600000000000e+07 1.925167447000000253e+07
1.005518603199999928e+08 1.467487210000000000e+08 1.545208500000000000e+07 2.722400310300000012e+07
1.082712156529999971e+08 9.387605850399999321e+07 1.581344500000000000e+07 2.051115367901000082e+08
1.164592233920000046e+08 9.013280343150000274e+07 1.533728200000000000e+07 1.922129545151999891e+08
8.668798922900000215e+07 1.343927135999999940e+08 1.744473200000000000e+07 1.486665141799999960e+07
9.238378969000004232e+07 1.485532150000000000e+08 1.610970300000000000e+07 2.606023241000000015e+07
9.315486554000002146e+07 1.781198130000000000e+08 1.506629900000000000e+07 6.685882800000000000e+07
1.230611391369999945e+08 1.221482995999999940e+08 1.499607100000000000e+07 1.631342174899999984e+07
1.260432389766000211e+08 8.700697993151000142e+07 1.481977800000000000e+07 1.828379432253290117e+08
9.958517076000000536e+07 1.111643351299999952e+08 1.744043500000000000e+07 3.867922089999999851e+06
1.315826234080000073e+08 8.728686051500000060e+07 1.436155500000000000e+07 1.864089560379999876e+08
9.159811970999999344e+07 1.107774050879999995e+08 1.852541100000000000e+07 8.567883100000000559e+05
8.039376526000000536e+07 1.255452075799999982e+08 1.922893100000000000e+07 5.668929322999999858e+06
1.232694587600000054e+08 1.101978822999999970e+08 1.566467300000000000e+07 8.470580699999999255e+06
1.104758535100000054e+08 9.726768885999999940e+07 1.529484300000000000e+07 2.109146177800000012e+08
1.273151587520000190e+08 9.434297455900000036e+07 1.590516300000000000e+07 3.666618255430000275e+07
1.291672539300000072e+08 1.248187364000000060e+08 1.381825300000000000e+07 8.250918378000000119e+07
8.968501147400002182e+07 1.280470642000000030e+08 1.739290100000000000e+07 1.186192919099999964e+07
1.242139831099999994e+08 9.833563240000000596e+07 1.626296200000000000e+07 1.226571600000000000e+07
9.578014915999999642e+07 1.457666540000000000e+08 1.589236700000000000e+07 2.527803804899999872e+07
1.023699540900000036e+08 1.032735684000000060e+08 1.670435000000000000e+07 6.986981850000000000e+07
6.058424807900008559e+07 1.479881530600000024e+08 2.419051900000000000e+07 2.537176199299999978e+06
1.369150895000000000e+08 8.559290221999999881e+07 1.439948900000000000e+07 1.516849865900000036e+08
6.744227741000001132e+07 2.051761730000000000e+08 1.925147900000000000e+07 4.866937910000000149e+07
5.417240775000000000e+07 2.373637516800000072e+08 3.853945100000000000e+07 1.539239631999999983e+06
1.373927912700000107e+08 9.256970709999999404e+07 1.383506200000000000e+07 1.674645710999999940e+08
8.282441065999999642e+07 1.309298912000000030e+08 1.828775400000000000e+07 1.087335354499999993e+07
8.292368202000001073e+07 1.863677030000000000e+08 1.624044300000000000e+07 5.966878100000000000e+07
7.861853773999999464e+07 1.223428099599999934e+08 2.022169200000000000e+07 1.465866824000000022e+06
1.311493887000000030e+08 9.779179390000000596e+07 1.383742500000000000e+07 2.125561943000000119e+08
6.881955718999999762e+07 1.356958447310000062e+08 2.293380500000000000e+07 4.033969820000000182e+05
7.034931622999998927e+07 1.467362220999999940e+08 2.036749800000000000e+07 1.298025142999999970e+07
5.014583371000000089e+07 2.557229620999999940e+08 3.815621700000000000e+07 1.221019230000000075e+07
1.325315395400000066e+08 8.920118351899999380e+07 1.499664900000000000e+07 1.001590995489999950e+08
1.132249606400000006e+08 1.039558394000000060e+08 1.684005800000000000e+07 2.282533770000000019e+06
1.105389879399999976e+08 1.427542510000000000e+08 1.488574000000000000e+07 2.694963832400000095e+07
7.899811089000000060e+07 1.911711020000000000e+08 1.687197500000000000e+07 5.753812500000000000e+07
9.040145544900000095e+07 1.181713853199999928e+08 1.794035800000000000e+07 5.758664170300000347e+06
7.157042808200000226e+07 1.271942678190000057e+08 2.151917000000000000e+07 4.329317294443000108e+07
9.726877245000000298e+07 1.076701203980000019e+08 1.808325400000000000e+07 6.458802449999999953e+05
1.025736958799999952e+08 9.926336420999999344e+07 1.662629000000000000e+07 1.035931566580000073e+08
8.936649187500000000e+07 1.210894119000000060e+08 1.786216600000000000e+07 7.394267185999999754e+06
7.969100033200000226e+07 1.177714490822000057e+08 1.972963000000000000e+07 6.216003270059999824e+07
6.664217088000000268e+07 1.456883940500000119e+08 2.157953400000000000e+07 1.483516910199999809e+07
7.359444239000000060e+07 1.978320520000000000e+08 1.788109300000000000e+07 5.397036470000000298e+07
8.684832066000001132e+07 1.395521390200000107e+08 1.683862000000000000e+07 6.836145026999999583e+07
1.209277006500000060e+08 9.734008415000000596e+07 1.445834300000000000e+07 2.067750204799999893e+08
1.070616259099999964e+08 1.107406682999999970e+08 1.678624000000000000e+07 5.553310030000000261e+06
5.946765196999999881e+07 2.026109760000000000e+08 2.154173500000000000e+07 3.899580850000000000e+07
1.350959093199999928e+08 8.537193382999999821e+07 1.444432100000000000e+07 1.592608109399999976e+08
1.044149385900000036e+08 1.401734610000000000e+08 1.540662500000000000e+07 2.415654844000000134e+07
9.258944129999999702e+07 1.604585430000000000e+08 1.567375500000000000e+07 3.365118054999999702e+07
1.251335401299999952e+08 9.568798459999999404e+07 1.570400900000000000e+07 4.890746400000000000e+07
1.053276290100000203e+08 1.515077920000000000e+08 1.491138500000000000e+07 3.258592369999999925e+07
6.251498125060000271e+07 1.449465091389999986e+08 2.418830900000000000e+07 1.016048564000000013e+06
1.087957035600000024e+08 1.030741240000000000e+08 1.519923500000000000e+07 1.983929338100000024e+08
1.207213843199999928e+08 9.288920820000000298e+07 1.496118700000000000e+07 1.546139950000000000e+08
8.763340771999998391e+07 1.643009190000000000e+08 1.608111100000000000e+07 3.442726327000000328e+07
1.037442321793999970e+08 9.614359159299999475e+07 1.624114400000000000e+07 2.079374847127000093e+08
8.307731849000000954e+07 1.339355815999999940e+08 1.804800000000000000e+07 1.313029655100000091e+07
9.763451164000001550e+07 1.080969363499999940e+08 1.636849500000000000e+07 1.726056410300000012e+08
6.171142228000000119e+07 1.427368613700000048e+08 2.411100100000000000e+07 3.092593723000000045e+07
9.888531306999999285e+07 1.389789783000000119e+08 1.542430200000000000e+07 7.132521234999999404e+07
7.803115704999999702e+07 1.920243290000000000e+08 1.704684300000000000e+07 5.325510970000000298e+07
5.818942046000000089e+07 1.583228777899999917e+08 2.579593900000000000e+07 2.473332671099999920e+06
1.130219028659999967e+08 9.144502902740000188e+07 1.554596300000000000e+07 1.957747808743999898e+08
8.528352662999999523e+07 1.152134721770000011e+08 1.935346000000000000e+07 7.521787369999999646e+05
1.307669603900000006e+08 8.678409751000000536e+07 1.459833500000000000e+07 1.621817085300000012e+08
1.088895710900000036e+08 1.059209497000000030e+08 1.504934200000000000e+07 2.304275395000000000e+08
6.623137425999999791e+07 1.382333256699999869e+08 2.284433300000000000e+07 1.881312972999999998e+06
1.275177314399999976e+08 8.957474396599999070e+07 1.446089800000000000e+07 1.919205564650000036e+08
9.906733431999999285e+07 1.001756174140000045e+08 1.664255400000000000e+07 1.771313970263999999e+08
7.057583210999999940e+07 1.317855532179999948e+08 2.212093300000000000e+07 1.017213271999999997e+06
5.817789817000000179e+07 1.562982978700000048e+08 2.477444100000000000e+07 6.199303372999999672e+06
8.336370789999997616e+07 1.186885978499999940e+08 1.917359100000000000e+07 2.711454926800000016e+06
9.407248014499999583e+07 1.196471304000000060e+08 1.738525700000000000e+07 7.921391725700000301e+06
1.124593868320000023e+08 1.307820990999999940e+08 1.524950700000000000e+07 1.981295382800000161e+07
1.348349889340000153e+08 8.719968298199999332e+07 1.469845400000000000e+07 1.253366747900000066e+08
5.191002035000000149e+07 2.431174802100000083e+08 3.845993300000000000e+07 4.708021101999999955e+06
1.341464380799999982e+08 9.610191059999999404e+07 1.377221300000000000e+07 1.866641045999999940e+08
5.829705967000000179e+07 1.575984499000000060e+08 2.397977200000000000e+07 8.068119619999999180e+06
1.223033451580000222e+08 9.400802476899999380e+07 1.586638500000000000e+07 5.956218184899999946e+07
6.163578322100000083e+07 1.429680444323000014e+08 2.413668000000000000e+07 2.587587125959999859e+07
1.031055532129999995e+08 1.044255565966999978e+08 1.746140400000000000e+07 1.182741354629999958e+07
5.355436687799999118e+07 2.056274024000000060e+08 2.699676600000000000e+07 2.374782700000000000e+07
8.703123651000000536e+07 1.137524079699999988e+08 1.918302900000000000e+07 5.329476149999999907e+05
8.956280314000000060e+07 1.557917270000000000e+08 1.613742800000000000e+07 2.982105980999999866e+07
8.748089589599999785e+07 1.157531939200000018e+08 1.863878700000000000e+07 2.605549149999999907e+06
6.242571707999999821e+07 1.581637863000000119e+08 2.226149800000000000e+07 1.309159517999999970e+07
7.448685558999997377e+07 1.268407801700000018e+08 2.142155500000000000e+07 6.527609270000000251e+05
8.064411757999999821e+07 1.530075030999999940e+08 1.762321700000000000e+07 2.403617421999999881e+07
9.228940584000000358e+07 1.071913326099999994e+08 1.785146100000000000e+07 5.170871175999999791e+07
8.669315846999999881e+07 1.545013680000000000e+08 1.653378300000000000e+07 2.792004495000000298e+07
7.685896153000000119e+07 1.937112420000000000e+08 1.725304700000000000e+07 5.668925200000000000e+07
8.148534898000000417e+07 1.189203696459999979e+08 1.991454500000000000e+07 8.612200699999999488e+05
1.317031030900000036e+08 9.104650490000000596e+07 1.423055700000000000e+07 1.656490845999999940e+08
1.203947296899999976e+08 1.050632579000000060e+08 1.621589300000000000e+07 4.377966620000000112e+06
7.632639965999999642e+07 1.597015201999999881e+08 1.820036000000000000e+07 5.726137407999999821e+07
1.089943233809999973e+08 1.208699477999999970e+08 1.599076900000000000e+07 1.266761289349999838e+07
1.373951044900000095e+08 9.446758470000000298e+07 1.381054500000000000e+07 1.619298886899999976e+08
1.262318732300000042e+08 9.601331500000000000e+07 1.625647200000000000e+07 1.653102500000000000e+07
1.092532885999999940e+08 1.014290461099999994e+08 1.721573900000000000e+07 9.933454339000001550e+06
1.144623117300000042e+08 9.585209095000000298e+07 1.502917600000000000e+07 2.046199122100000083e+08
8.836322373999999464e+07 1.810248300000000000e+08 1.548574400000000000e+07 6.394477500000000000e+07
9.008629528000000119e+07 1.512825494000000060e+08 1.584286300000000000e+07 9.876472706000000238e+07
1.148768220400000066e+08 9.879887179999999702e+07 1.644411400000000000e+07 3.508032813000000268e+07
7.085675546999999881e+07 1.380842694799999893e+08 2.081713700000000000e+07 7.458073529000000097e+06
7.164059310999999940e+07 1.747316130000000000e+08 1.882586500000000000e+07 3.192094562000000104e+07
8.885540938600000739e+07 1.525105470000000000e+08 1.633867200000000000e+07 2.750211187999999896e+07
5.487593986999999732e+07 1.943813543000000119e+08 2.455264600000000000e+07 2.537319489999999851e+07
8.710429332900001109e+07 1.260683622999999970e+08 1.786850600000000000e+07 9.566375312000000849e+06
5.437179488000000268e+07 1.927136385999999940e+08 2.539729500000000000e+07 2.193476539999999851e+07
4.980060564999999851e+07 2.619363359000000060e+08 3.792977400000000000e+07 1.630383425000000000e+07
