9.877364279109999537e+07 1.004987930972599983e+08 1.691076800000000000e+07 1.206035388042899966e+08
1.331593203400000036e+08 8.733242770100000501e+07 1.476232800000000000e+07 1.260635017479999959e+08
1.103009477600000054e+08 1.149261574000000060e+08 1.625156200000000000e+07 8.934744800000000745e+06
1.281506586099999845e+08 9.633619209999999404e+07 1.426483200000000000e+07 1.589483902299999893e+08
9.565582396000002325e+07 1.082238327979999930e+08 1.830393500000000000e+07 3.857045040000000154e+05
1.374648158200000226e+08 8.415780068700000644e+07 1.437020900000000000e+07 1.645846078100000024e+08
1.239498679200000167e+08 1.014088231299999952e+08 1.627640000000000000e+07 2.629544569999999832e+06
1.317857351899999827e+08 9.024263557999999821e+07 1.504506300000000000e+07 9.334434734999999404e+07
1.104086720986000150e+08 9.271984820622999966e+07 1.576871300000000000e+07 1.861736574723640084e+08
1.186283837199999988e+08 1.158584605999999940e+08 1.560917400000000000e+07 1.130506030000000075e+07
9.357159001100000739e+07 1.042064767559999973e+08 1.743681300000000000e+07 1.170248708836999983e+08
1.053043105869999975e+08 1.280122637000000030e+08 1.589065500000000000e+07 1.652368796199999936e+07
1.246190472200000435e+08 1.477577590000000000e+08 1.386296700000000000e+07 3.608854750000000000e+07
1.252676493279999793e+08 9.528626336100000143e+07 1.612190100000000000e+07 2.712255929569999874e+07
1.037897175718999952e+08 9.604327432500000298e+07 1.627169700000000000e+07 2.063499062448000014e+08
1.267733599699999988e+08 1.456666610000000000e+08 1.366837800000000000e+07 4.905862300000000000e+07
9.200319318999999762e+07 1.675810160000000000e+08 1.553808500000000000e+07 3.782532792999999970e+07
9.263748704999999702e+07 1.548022140000000000e+08 1.585506600000000000e+07 3.006063567999999970e+07
1.295472921700000018e+08 8.603296237000000477e+07 1.468119500000000000e+07 1.750379867030000091e+08
1.235937694700000435e+08 1.101811457999999970e+08 1.565447600000000000e+07 8.446299300000000745e+06
1.230044267399999797e+08 1.119828910999999940e+08 1.556541200000000000e+07 9.620991599999999627e+06
1.079683036500000060e+08 1.097694150999999940e+08 1.679574800000000000e+07 4.936624450000000186e+06
8.985252739200000465e+07 1.184929564000000060e+08 1.799193500000000000e+07 5.749811009600000456e+06
8.607768071000000834e+07 1.537966790000000000e+08 1.664215800000000000e+07 2.728307032999999821e+07
1.071950278139999956e+08 1.011247831689999998e+08 1.707945200000000000e+07 2.586673707299999893e+07
1.079260923299999982e+08 1.031287836780000031e+08 1.746052400000000000e+07 3.428493740000000107e+05
8.981674850000000000e+07 1.117124056389999986e+08 1.878228500000000000e+07 6.635846890000000130e+05
9.768122723999999464e+07 1.519905390000000000e+08 1.549424800000000000e+07 2.981046105999999866e+07
1.350986560702000260e+08 8.442354841098000109e+07 1.441216900000000000e+07 1.785197621646400094e+08
5.385072856000000238e+07 2.378755518700000048e+08 3.853543200000000000e+07 1.807829638000000035e+06
9.191984467000000179e+07 1.105623833120000064e+08 1.856540000000000000e+07 5.246547260000000242e+05
1.238510489800000042e+08 1.203105652999999970e+08 1.506382300000000000e+07 1.502035390000000037e+07
1.278738645059999973e+08 9.371017524699999392e+07 1.577933000000000000e+07 4.446902280099999905e+07
6.072705465060000122e+07 1.480495457199999988e+08 2.407780800000000000e+07 2.809102007999999914e+06
9.465377498999997973e+07 1.523016770000000000e+08 1.574550800000000000e+07 2.921341504000000283e+07
1.171565340199999958e+08 1.489275350000000000e+08 1.427823900000000000e+07 3.214369513399999961e+07
8.607316619900000095e+07 1.108651473138000071e+08 1.865962400000000000e+07 8.653605444099999964e+07
1.229312211400000155e+08 1.024286044699999988e+08 1.624543300000000000e+07 3.172480640000000130e+06
1.268089904009999931e+08 9.327559908200000226e+07 1.578329100000000000e+07 4.961204477409999818e+07
9.983383323999999464e+07 1.735898350000000000e+08 1.466030200000000000e+07 6.552636300000000000e+07
6.633843889000000060e+07 1.449204474000000060e+08 2.181954500000000000e+07 7.737311786999999546e+06
1.083801139300000072e+08 9.921410421999999881e+07 1.538972200000000000e+07 2.088962786999999881e+08
9.043596781999999285e+07 1.083694719870000035e+08 1.829958500000000000e+07 3.381892327499999851e+07
1.038630125949999988e+08 1.021361163400000036e+08 1.723723100000000000e+07 2.954450279699999839e+07
9.161804767000000179e+07 1.069720400620000064e+08 1.798777700000000000e+07 5.260545892300000042e+07
1.358032419100000262e+08 8.889441270000000298e+07 1.424180400000000000e+07 1.495756056999999881e+08
1.244987703230000436e+08 1.326213480000000000e+08 1.444479600000000000e+07 2.318236447390000150e+07
8.684209195999999344e+07 1.139088994399999976e+08 1.920082400000000000e+07 5.440231589999999851e+05
1.135291034599999934e+08 1.108902417999999970e+08 1.627419700000000000e+07 6.969722500000000000e+06
1.125714475600000024e+08 1.021131065999999940e+08 1.489674300000000000e+07 2.042016560200000107e+08
1.161775493599999994e+08 9.374987151000000536e+07 1.502235700000000000e+07 2.025439545060000122e+08
1.065187779780000001e+08 9.443939313289999962e+07 1.602860300000000000e+07 2.016205732897999883e+08
9.337865876000000536e+07 1.779708570000000000e+08 1.505130200000000000e+07 6.685371500000000000e+07
7.459148160999999940e+07 1.243810364749999940e+08 2.073473400000000000e+07 3.491605572800000012e+07
1.204787472329999954e+08 9.589365927400000393e+07 1.623277100000000000e+07 3.694723845400000364e+07
4.982534160000000149e+07 2.612935593000000119e+08 3.795462900000000000e+07 1.586565319999999925e+07
1.039600908499999940e+08 1.537941930000000000e+08 1.496153100000000000e+07 3.248469398000000045e+07
9.717697915199999511e+07 1.183438200000000000e+08 1.714430300000000000e+07 8.044226857199998572e+06
1.231775894669999778e+08 1.241264187000000030e+08 1.489112800000000000e+07 1.764754430600000173e+07
1.027183201400000006e+08 1.078286309399999976e+08 1.742394100000000000e+07 2.402335020000000019e+06
7.502337556000001729e+07 1.939310200000000000e+08 1.763177400000000000e+07 4.678361400000000000e+07
5.867496239999999851e+07 1.971523320000000000e+08 2.195977900000000000e+07 3.487913400000000000e+07
9.774835228000000119e+07 1.073891894120000005e+08 1.807060200000000000e+07 5.254569690000000410e+05
5.217561770000000298e+07 2.420792835999999940e+08 3.847722700000000000e+07 4.124569003000000026e+06
1.112575480180000067e+08 9.218533982969999313e+07 1.566555100000000000e+07 1.945834976329999864e+08
6.733505597659999132e+07 1.331499399315100014e+08 2.261293100000000000e+07 3.320154522532900050e+07
6.266692032999999821e+07 1.449083994619999826e+08 2.422494800000000000e+07 8.766638410000000149e+05
8.764176102100001276e+07 1.224499955999999940e+08 1.803490800000000000e+07 7.356149230999999680e+06
1.338403128850000054e+08 9.254902098999999464e+07 1.444393000000000000e+07 1.213520500039999932e+08
7.440082594999998808e+07 1.307854990499999970e+08 2.039766100000000000e+07 4.967618980999999680e+06
1.101224689399999976e+08 1.589765840000000000e+08 1.443758900000000000e+07 3.790142600000000000e+07
1.378168271499999762e+08 9.555973320000000298e+07 1.359920200000000000e+07 1.888023734000000060e+08
1.126113406780000031e+08 9.737227305599999428e+07 1.658986200000000000e+07 5.200531803499999642e+07
1.376528509900000095e+08 8.389317400699999928e+07 1.432586000000000000e+07 1.710764171069999933e+08
7.017511225000000000e+07 1.349360112700000107e+08 2.138797800000000000e+07 4.275831050999999978e+06
1.188893393900000006e+08 9.963172847100000083e+07 1.683835900000000000e+07 4.546205300000000279e+05
1.013577508100000024e+08 1.048469931700000018e+08 1.785542400000000000e+07 3.284230418000000063e+06
1.161942115799999833e+08 1.050005564500000030e+08 1.652741400000000000e+07 3.464541600000000093e+06
1.039594167530000061e+08 1.200797842999999970e+08 1.643008400000000000e+07 1.092688417549999803e+07
6.704911440500000119e+07 1.373647209750000238e+08 2.305092600000000000e+07 8.505935069999999832e+05
8.922624251399999857e+07 1.078294254287000000e+08 1.818841100000000000e+07 1.086373786051000059e+08
1.222317423250000030e+08 1.357626490000000000e+08 1.443528600000000000e+07 2.486722153400000185e+07
1.231945301299999952e+08 1.570090980000000000e+08 1.365363100000000000e+07 5.381038700000000000e+07
9.337372678300000727e+07 1.203652512000000030e+08 1.740926300000000000e+07 8.296813096499999985e+06
9.969542979000000656e+07 1.119359010000000000e+08 1.736402000000000000e+07 4.458284339999999851e+06
8.751937446030002832e+07 1.155172775400000066e+08 1.864456600000000000e+07 2.559588054930000100e+06
9.853333762000000477e+07 1.494982840000000000e+08 1.551660500000000000e+07 2.835961348600000143e+07
5.004490777000000328e+07 2.571514545000000000e+08 3.810458200000000000e+07 1.312852646000000089e+07
8.752961735999999940e+07 1.811021990000000000e+08 1.558886500000000000e+07 6.272979900000000000e+07
1.201841449500000030e+08 8.894171512999999523e+07 1.516287200000000000e+07 1.803694976439999938e+08
7.205473522999998927e+07 1.885983680000000000e+08 1.836398000000000000e+07 4.094498370000000298e+07
1.023416410300000161e+08 9.847797854999999702e+07 1.661684300000000000e+07 1.216993494510000050e+08
8.802554016000001132e+07 1.772155350000000000e+08 1.558017500000000000e+07 6.153018300000000000e+07
6.429140224999999255e+07 1.413186205900000036e+08 2.340539300000000000e+07 1.724517763999999966e+06
1.142610000100000054e+08 1.006206513700000048e+08 1.715682200000000000e+07 9.944764799999999814e+05
1.073935637300000042e+08 1.338400910000000000e+08 1.546744100000000000e+07 2.059614892000000179e+07
1.148775963530000150e+08 1.198850720999999940e+08 1.562549100000000000e+07 1.330654433909999952e+07
9.758862509000000358e+07 1.064988141500000060e+08 1.645442000000000000e+07 1.712333456599999964e+08
7.900395658339999616e+07 1.223064753100000024e+08 2.003031700000000000e+07 1.974149894180000061e+06
1.261231054622000009e+08 9.580207240700000525e+07 1.619451600000000000e+07 1.998289109670000151e+07
9.986279542900000513e+07 9.945702013899999857e+07 1.656207800000000000e+07 1.840607492935999930e+08
5.822830506599999219e+07 1.582399898100000024e+08 2.579729700000000000e+07 2.427083941999999806e+06
7.509394823000001907e+07 1.509977516800000072e+08 1.883573700000000000e+07 4.160864979999999702e+07
8.926177351399999857e+07 1.105936077479999959e+08 1.784659000000000000e+07 1.108158658750000000e+08
9.365781209000000358e+07 1.118350368700000048e+08 1.805981800000000000e+07 2.482474700000000186e+06
8.335599481999999285e+07 1.844605300000000000e+08 1.623761000000000000e+07 4.728815650000000000e+07
1.040477820100000054e+08 9.736126537000000477e+07 1.636028600000000000e+07 1.356427762299999893e+08
7.179642245999999344e+07 1.328175777900000066e+08 2.100718600000000000e+07 4.498409247999999672e+06
1.211588640470000058e+08 9.724868448199999332e+07 1.651925700000000000e+07 1.461014480199999921e+07
9.705488223000001907e+07 1.038934880709999949e+08 1.742773600000000000e+07 5.514705764999999851e+07
9.274455195000000298e+07 1.082832916099999994e+08 1.836654000000000000e+07 1.015042275899999961e+07
7.691412187999999523e+07 1.241206538739999980e+08 2.098437000000000000e+07 4.962671959999999963e+05
1.005171730300000012e+08 1.106161201700000018e+08 1.739200600000000000e+07 3.760310600000000093e+06
1.259165170300000012e+08 8.702768670999999344e+07 1.484685400000000000e+07 1.808441884530000091e+08
1.163422773799999952e+08 1.512226950000000000e+08 1.421166900000000000e+07 3.628333000000000000e+07
1.039893389099999964e+08 1.043832010900000036e+08 1.586860600000000000e+07 1.423232706669999957e+08
7.496972772999998927e+07 1.569049465999999940e+08 1.867716800000000000e+07 2.305392026000000164e+07
8.854869712000000477e+07 1.139197610100000054e+08 1.863404400000000000e+07 1.924290179000000004e+06
1.202959019210000038e+08 9.436402806399999559e+07 1.590875000000000000e+07 6.455655386900000274e+07
1.271074519200000018e+08 9.319771664000000060e+07 1.558477500000000000e+07 5.924584932000000030e+07
9.694353042000000179e+07 1.044416362979999930e+08 1.758550600000000000e+07 4.191585307199999690e+07
8.350674425000000000e+07 1.480897601999999881e+08 1.726004300000000000e+07 2.364913160000000149e+07
5.703530528999999166e+07 1.629511335000000000e+08 2.469545600000000000e+07 8.476210390000000596e+06
1.183823927029999942e+08 9.481463029000000656e+07 1.613219600000000000e+07 6.309211229500000179e+07
8.310583406899999082e+07 1.148228881154900044e+08 1.949914500000000000e+07 1.464553736793000065e+07
8.995393183400000632e+07 1.743509330000000000e+08 1.558836800000000000e+07 4.142072417000000179e+07
8.556647649000000954e+07 1.149589189319999963e+08 1.937949000000000000e+07 6.113965779999999795e+05
1.144517983229999989e+08 9.915760031000000238e+07 1.498125600000000000e+07 1.755756100500000119e+08
1.313750040919999778e+08 8.856611282500000298e+07 1.427595100000000000e+07 1.895706445099999905e+08
1.231746434599999934e+08 9.078412659999999404e+07 1.501591400000000000e+07 1.430322879099999964e+08
1.050925365300000012e+08 1.706242030000000000e+08 1.438620200000000000e+07 6.302617100000000000e+07
1.272607979800000191e+08 9.749851090000000596e+07 1.405433600000000000e+07 2.104579944300000072e+08
7.931411162999999523e+07 1.897715240000000000e+08 1.684995400000000000e+07 4.868659450000000000e+07
5.782609535999999940e+07 1.988121150000000000e+08 2.246578700000000000e+07 3.406562500000000000e+07
8.641960919299998879e+07 1.385303476999999881e+08 1.725923300000000000e+07 1.762490044999999925e+07
1.334856786099999994e+08 9.708773500000000000e+07 1.373871900000000000e+07 2.111895310999999940e+08
8.670776735000000894e+07 1.773083880000000000e+08 1.587970000000000000e+07 4.231082228000000119e+07
1.308561557600000054e+08 9.351427970000000298e+07 1.486316800000000000e+07 9.400790120000000298e+07
1.266317456099999845e+08 1.202891652000000030e+08 1.430353800000000000e+07 6.039744942999999970e+07
1.011604708400000036e+08 1.387800680000000000e+08 1.567005500000000000e+07 2.564816280000000075e+07
1.088302712800000012e+08 9.788822485999999940e+07 1.628898900000000000e+07 8.492620404000000656e+07
8.508295805000001192e+07 1.156105671069999933e+08 1.925934000000000000e+07 1.045886079999999958e+06
1.337848542300000191e+08 9.394604700000000000e+07 1.382778200000000000e+07 2.017777446299999952e+08
5.485146968000000715e+07 1.941161718000000119e+08 2.458059200000000000e+07 2.517484800000000000e+07
1.177804293199999928e+08 8.966952537000000477e+07 1.527304200000000000e+07 1.879381462299999893e+08
1.338772471739999950e+08 8.737764743000000715e+07 1.473218100000000000e+07 1.245721918860000074e+08
1.215287089449999928e+08 9.786337820499999821e+07 1.672845000000000000e+07 3.950625327000000048e+06
5.568618175999999791e+07 2.356427773880000114e+08 3.853672600000000000e+07 6.861931770000000251e+05
1.077463406599999964e+08 1.025166854099999964e+08 1.534296700000000000e+07 1.911449317199999988e+08
9.016176045800000429e+07 1.258426622000000030e+08 1.744723600000000000e+07 1.084257275899999961e+07
1.270454258299999833e+08 1.353267613000000119e+08 1.359347000000000000e+07 1.048230609000000060e+08
6.162722831899999827e+07 1.429524146920000017e+08 2.411951500000000000e+07 2.883798748020000011e+07
6.042442040699999779e+07 1.483634836500000060e+08 2.418441200000000000e+07 2.748987285000000149e+06
6.566410488999999315e+07 1.362116413700000048e+08 2.310516400000000000e+07 1.944040023000000045e+07
7.080334975999999046e+07 1.314440230600000024e+08 2.175987200000000000e+07 1.862195956000000006e+06
5.578386192000000179e+07 1.683418598000000119e+08 2.560157600000000000e+07 8.228050339999999851e+06
1.144406300400000066e+08 1.318288945000000000e+08 1.506118000000000000e+07 2.131836003000000119e+07
1.021256946800000072e+08 1.613035830000000000e+08 1.489650100000000000e+07 3.673853834000000358e+07
8.298871543999999762e+07 1.174427913690000027e+08 1.983614300000000000e+07 5.348352179999999935e+05
1.069862809099999964e+08 1.325624922000000030e+08 1.502222900000000000e+07 6.878222232999999821e+07
1.023035850400000066e+08 1.036192297999999970e+08 1.586795300000000000e+07 2.084577419099999964e+08
7.300798737999999523e+07 1.284284438069999963e+08 2.155613600000000000e+07 1.050961897000000114e+06
5.494790272999999672e+07 1.779316666999999881e+08 2.531010200000000000e+07 1.410903461999999918e+07
9.058211104999999702e+07 1.587050510000000000e+08 1.592785400000000000e+07 3.199020001000000164e+07
1.101923208390000015e+08 9.402490706700000167e+07 1.556866800000000000e+07 2.046639535200000107e+08
1.365663134000000060e+08 9.078293659000000358e+07 1.383428000000000000e+07 1.916578655500000119e+08
6.169945972759999335e+07 1.427633270754899979e+08 2.411199300000000000e+07 3.067585228277000040e+07
