1.245292716E8 1.082888651E8 1.6869894E7 1.09316465E7
1.2821899935E8 1.35241907E8 1.498584E7 3.74534924E7
1.2522782929000002E8 9.99068118E7 1.7479497E7 5343522.62
1.2943685264E8 1.20664901E8 1.4988848E7 7.367883407E7
1.1656805926E8 1.638193E8 1.5335759E7 4.87105254E7
1.2955055112700002E8 8.9105802774E7 1.7472495E7 3.1230150618E7
1.27893036846E8 8.347306447700001E7 1.6513947E7 1.822669038683E8
1.2889698008E8 1.1368564438E8 1.5593597E7 5.372525098E7
1.1901523274E8 1.193839273E8 1.6679135E7 1.6958550527E7
9.147740045000002E7 1.88247216E8 1.9114393E7 6.1359756E7
8.730576375999999E7 1.21424836038E8 2.4045706E7 1276227.539
6.3087660922E7 1.697536287E8 2.8210646E7 1.504255407E7
6.043731144E7 1.730378617E8 3.0741959E7 1.109304895E7
8.6348304E7 1.93493233E8 2.0123805E7 5.02189816E7
1.0428053115E8 1.73311876E8 1.7126704E7 4.45531136E7
5.9731034647E7 1.918942349E8 2.990509E7 2.36228651E7
1.2092923101000002E8 9.78427448E7 1.8062268E7 3055402.97
7.2992722964E7 1.3463055513205E8 2.7349373E7 3.571991269844E7
6.2617891721E7 1.603413737E8 3.1073163E7 3656666.817
1.3312992129700002E8 8.3598629837E7 1.6386431E7 9.8944013126E7
1.2717653963E8 9.78640429E7 1.7359322E7 1.23905913E7
1.2508045876000002E8 9.403390331E7 1.8073683E7 1180321.444
1.2314428498000003E8 1.42276838E8 1.5040406E7 3.91136671E7
1.19480904334E8 1.160463844E8 1.6869421E7 1.4402282781E7
8.237777160000001E7 1.358510781E8 2.3811866E7 8451855.954
9.401413397E7 1.15225122023E8 2.2855925E7 710218.131
9.056329507E7 1.147145898574E8 2.301087E7 8.44488623861E7
7.1401502465E7 1.4313922404E8 2.7095551E7 4440216.438
1.2828927455E8 1.0758434645E8 1.6275703E7 3.388164043E7
8.682978407E7 1.645235693E8 2.0778159E7 7.55787257E7
5.838236302E7 2.689615981E8 4.6363245E7 2.02109433E7
8.118201381E7 1.27932361454E8 2.5608296E7 871254.3139999999
8.468194632E7 1.514195803E8 2.2120241E7 1.987860417E7
1.37208221085E8 8.37387977E7 1.4961416E7 1.93177082731E8
9.61253411E7 1.1486636832E8 2.2109558E7 1753673.016
9.909916216E7 1.80053731E8 1.7803598E7 6.1640904E7
1.1892085284E8 9.347171829E7 1.835404E7 2.458948216E7
7.055308349000001E7 2.14685468E8 2.3697155E7 5.3556032E7
8.4953458371E7 1.20522085993E8 2.4266287E7 5.257119926979E7
1.0691753201E8 1.70844437E8 1.6595242E7 6.0329204E7
6.806213555E7 1.98960651E8 2.4774091E7 3.90162531E7
1.10441932242E8 9.65740844243E7 1.926326E7 1.490629213419E8
1.1062883361E8 1.01189233113E8 2.0110279E7 538902.033
9.801694655799998E7 1.074206448297E8 2.1621428E7 1.24199037633E8
1.26452156966E8 8.7441180343E7 1.7439039E7 5.7193384715E7
1.3079972058E8 8.308417493E7 1.6365254E7 1.17839087364E8
8.250208177000001E7 1.97511493E8 2.0912959E7 4.82226697E7
1.21451694506E8 8.8042547442E7 1.7472148E7 1.749382339192E8
1.3067187369E8 8.98913572E7 1.6833494E7 5.53172366E7
1.1015917341E8 1.69395795E8 1.6119544E7 6.1957062E7
7.288042038800001E7 1.3845481206E8 2.7240247E7 2170515.2010000004
1.1287835784E8 1.56317347E8 1.6023615E7 4.16811238E7
8.34471041224E7 1.2711078858E8 2.4631846E7 1937022.81888
7.198195587E7 2.01319539E8 2.3450366E7 4.8896286E7
1.3103392904E8 8.227604975E7 1.621241E7 1.3574929688E8
7.106794963E7 1.98585592E8 2.3827404E7 4.11587288E7
1.2640085849000002E8 8.841217348E7 1.7263126E7 5.37816466E7
7.919554092999999E7 1.93597748E8 2.1774337E7 4.31995101E7
1.1680354217E8 9.6784114879E7 1.913582E7 564526.98
7.930142044E7 1.3140083577E8 2.5724607E7 1538841.371
6.9807043771E7 1.578568468E8 2.6292478E7 1.3710625239999998E7
1.37685453763E8 7.9309755897E7 1.566219E7 1.53310782389E8
6.231752864E7 1.733187398E8 2.8333504E7 1.72354417E7
8.2458767642E7 1.239025461932E8 2.4679465E7 6.74525835257E7
6.968456275999999E7 1.753361475E8 2.5245886E7 2.503265235E7
1.14730717202E8 9.3133750358E7 1.8543756E7 1.606255125753E8
1.0164536549E8 1.08363085603E8 2.138335E7 1016072.138
8.966675263899998E7 1.157127428476E8 2.3133464E7 8.34639230655E7
1.2240644995000002E8 1.331268646E8 1.5035774E7 1.0407591267E8
6.2894531080000006E7 1.626737912E8 2.8930688E7 1.0029861180000002E7
6.85659639843E7 1.4097478679211E8 2.8627655E7 3.446010992686E7
7.5057702924E7 1.35443930426E8 2.7063703E7 1031168.351
1.0654594737E8 1.72541076E8 1.6691949E7 5.13911193E7
1.3581485894E8 8.38206216E7 1.5613443E7 1.362168346E8
6.848957805E7 1.4554328988E8 2.8271888E7 2942070.181
1.2060365052000004E8 1.255168796E8 1.6140871E7 2.1389859395E7
1.34703881388E8 8.3233783608E7 1.6250742E7 1.03651261387E8
1.0649045356E8 1.04506979237E8 2.0844669E7 389990.698
1.3375722390000002E8 8.72642628E7 1.6202131E7 9.1263617E7
1.3827489457999998E8 8.043698171E7 1.5598561E7 1.4703394871E8
1.266461791E8 1.25324589E8 1.5671728E7 2.37970221E7
1.0444624729E8 1.0602727252E8 2.1028566E7 652828.169
1.2369691585999998E8 9.0754205003E7 1.8010108E7 2.1513432973E7
1.18309457901E8 1.0178269324E8 1.8056999E7 4947792.5266
1.388108288E8 8.638720352E7 1.50155E7 1.5984738502E8
1.0016887549E8 1.09997563154E8 2.1527672E7 1237085.583
9.5197980307E7 1.103733532734E8 2.196459E7 1.038173757928E8
8.071871029800001E7 1.3011487027E8 2.5222455E7 2084372.7547
8.091951040099998E7 1.249293166375E8 2.5258263E7 4.084942912668E7
1.3084917872E8 8.62824742E7 1.616996E7 1.09329484E8
1.39199135117E8 8.0325583895E7 1.5049617E7 1.91910204999E8
1.3084108504000002E8 1.187540481E8 1.4952091E7 7.759799364E7
1.2338461897E8 1.313356413E8 1.4954231E7 1.058820248E8
1.1428198902E8 9.9548423809E7 1.9221709E7 1305967.374
1.2662364024E8 1.150079401E8 1.6239272E7 1.92584881E7
8.433214878E7 1.3321372678E8 2.3437538E7 8132278.750999999
6.6611333120000005E7 1.4746726254E8 2.9386531E7 1490627.652
1.1871618109E8 1.4934512E8 1.5388883E7 3.5754778379999995E7
1.2624850884E8 1.38786693E8 1.5069451E7 3.101354881E7
8.770892811E7 1.176481073139E8 2.3591367E7 7.23104954411E7
1.2489163291E8 1.169884415E8 1.6273291E7 1.66586094E7
7.898860327300002E7 1.3455579647E8 2.5161753E7 4374125.836999999
7.102691072000001E7 1.41421507353E8 2.8556522E7 568597.0499999999
9.809999663E7 1.11297004481E8 2.2141248E7 690594.718
1.31583225074E8 8.6021699974E7 1.6831413E7 6.83127129763E7
1.2531965378E8 1.27209776E8 1.5666984E7 2.334488067E7
1.3525345735000002E8 8.743101305E7 1.5662535E7 1.1953777906E8
1.3888093578E8 8.27318894E7 1.506638E7 1.724591504E8
8.347525771E7 1.25362324942E8 2.5102047E7 837230.707
7.71962002E7 1.32551820192E8 2.6426579E7 1271329.307
1.1219256508E8 1.67662001E8 1.5836126E7 6.1877098E7
1.1775983449E8 1.3151364E8 1.6244899E7 2.391225921E7
9.125840955E7 1.17741129111E8 2.3223567E7 1177952.721
1.0916189046E8 1.7014157E8 1.6298379E7 5.29381541E7
9.1544121197E7 1.138333008073E8 2.273521E7 8.98959642899E7
1.2003502392000002E8 1.50323586E8 1.5057914E7 4.84080121E7
1.21543214008E8 1.137211206E8 1.6795416E7 1.3342540302E7
1.2780505953E8 1.01522696E8 1.6868893E7 2.26435902E7
8.985891487E7 1.18856791672E8 2.360463E7 1001343.234
8.98131433E7 1.196120679E8 2.3442567E7 1332872.218
1.2035388018E8 1.55517999E8 1.5065098E7 3.975621691E7
7.28089913E7 1.654075707E8 2.4783013E7 2.077079077E7
7.0514125826E7 1.463108596E8 2.7063329E7 6143642.484
1.3569773667E8 8.558185917E7 1.496039E7 2.0669186204E8
1.0152528754E8 1.77615197E8 1.7412603E7 6.1702827E7
1.06162434926E8 1.003149995873E8 1.9946665E7 1.369601946842E8
1.2118839127E8 1.39516735E8 1.5426519E7 3.050424915E7
6.754777987900001E7 1.4307004137E8 2.9055197E7 1.879617223E7
1.0999716811E8 1.0276973291E8 1.9792789E7 1694183.855
6.268777890000001E7 1.634865796E8 2.895246E7 1.077763026E7
1.1053500242E8 1.28841575E8 1.7611215E7 1.96336609E7
1.1893340409000002E8 9.5693239003E7 1.8665093E7 967891.384
7.903280748E7 1.667487724E8 2.2809586E7 2.644530449E7
8.905919999999999E7 1.296982536E8 2.2463669E7 8102565.377
1.1306024679E8 9.759918237E7 1.9485948E7 1.130354723E7
1.2102324023E8 9.3989645098E7 1.8652786E7 381194.711
1.3140592773000002E8 8.535462972E7 1.5608438E7 1.87490652401E8
1.04595297504E8 1.1221902168E8 2.0006743E7 5624947.884
9.193225818E7 1.73366097E8 1.9419789E7 3.867674794E7
1.1233226019E8 9.993261144E7 1.9841327E7 544023.159
1.27255324E8 8.562383234E7 1.6752273E7 9.9850689684E7
1.331794552123E8 8.80079547666E7 1.5556868E7 1.357457651943E8
8.688434606E7 1.480939943E8 2.1707293E7 1.94898925E7
8.610632826E7 1.92163725E8 2.013686E7 5.9398184E7
1.2086290981E8 1.046021653E8 1.74629E7 7682109.12
8.741024988E7 1.329642078E8 2.2591932E7 9750637.964
6.218982793000001E7 1.630796125E8 2.9841981E7 8277398.239999999
1.3774461210200003E8 8.044257551E7 1.5722977E7 1.4080228957E8
7.949697065100001E7 2.00001901E8 2.1518377E7 5.32267071E7
1.16987817162E8 1.0155262213E8 1.8312156E7 4352606.4851
1.2499579669E8 8.8321895516E7 1.7412733E7 5.5723736837E7
1.24367777077E8 1.1944604192E8 1.5422249E7 7.438583716E7
1.1463895285E8 1.65579707E8 1.55056E7 6.1748921E7
1.2046199195E8 1.53398012E8 1.5051288E7 4.02508696E7
1.103906862E8 9.901051537E7 1.9724254E7 2.186995523E7
6.059928970999999E7 2.4562114337E8 4.7286497E7 5067383.648999999
1.2326723372E8 1.45577723E8 1.5027469E7 3.462566411E7
1.2673291848E8 1.247059105E8 1.4878428E7 8.894889593E7
1.135470658E8 1.46806765E8 1.6292226E7 3.181482291E7
6.464089648E7 1.5182904686999995E8 2.929836E7 3925337.451
1.3341748908E8 8.35266605E7 1.6041285E7 1.1870615645E8
8.894770698E7 1.90970092E8 1.9589695E7 5.6434515E7
1.2724775859000002E8 9.18010004E7 1.7241909E7 3.75873537E7
9.1011216409E7 1.2035604853E8 2.2753064E7 3516161.658
1.2856785716E8 8.585490352E7 1.6775306E7 8.4479184978E7
1.2288199071E8 1.31773358E8 1.5608816E7 2.599564771E7
7.04775862561E7 1.3811246661792E8 2.8057871E7 3.519395942823E7
1.085447702E8 1.0283137914E8 2.0478566E7 450329.463
1.3028911065499996E8 8.7409945192E7 1.7103086E7 5.2311530736E7
1.1872969343E8 1.175830902E8 1.6698328E7 2.44766759E7
1.20432898419E8 1.1114902965E8 1.6749413E7 2.9734533807E7
1.2538691674000004E8 1.41839204E8 1.5013316E7 3.2497219828E7
1.1653818014E8 1.073004986E8 1.7891435E7 8085446.12
1.3424084460000002E8 8.033226076E7 1.5816973E7 1.55520335691E8
7.636018375E7 1.80943504E8 2.2946277E7 3.336423907E7
1.1885646103E8 1.091312769E8 1.7369294E7 1.0177114563E7
1.10972819953E8 1.100750252E8 1.8847708E7 6832838.766
7.513931313999999E7 2.07797907E8 2.2522064E7 5.07373737E7
7.5208715196E7 1.3672479101E8 2.6486725E7 2471724.042
1.3200736235E8 8.88042124E7 1.6261246E7 8.65949121E7
1.0087565865E8 1.289023259E8 1.9621828E7 1.4364624505E7
1.0128925866E8 1.3722200351E8 1.8727188E7 7.177799989E7
1.08034137292E8 9.85335648593E7 1.9729674E7 1.401099744006E8
8.520544300999999E7 1.24084027082E8 2.4456821E7 1234152.561
1.0098494648E8 1.201336314E8 2.0230658E7 8543682.717
9.218699323E7 1.435250315E8 2.0674073E7 1.958128432E7
8.239402616000001E7 1.85572249E8 2.1133833E7 5.03070003E7
1.01881423052E8 1.038521703764E8 2.0886475E7 1.313957417927E8
1.217326342E8 9.27499634E7 1.7974245E7 2.34192049E7
1.1600383955E8 1.308610047E8 1.651539E7 2.385547346E7
9.63629308E7 1.82309441E8 1.8342001E7 4.77767088E7
6.587383889000001E7 1.769615118E8 2.657763E7 2.247366938E7
1.2825412622E8 8.89849091E7 1.6731734E7 7.30170358E7
6.302940402E7 1.876943498E8 2.7099994E7 2.752807523E7
1.0954826428E8 1.172957336E8 1.851578E7 1.1693811056E7
8.511899889999999E7 1.95534311E8 2.0321005E7 6.0327729E7
9.547345160999998E7 1.369653881E8 2.0327788E7 1.67671053E7
1.344925982518E8 8.016011276848E7 1.5651798E7 1.711675974242E8
1.121773262E8 1.415371561E8 1.6414882E7 1.0262429115E8
7.896210188000001E7 1.5873637629E8 2.3143313E7 4.723518272E7
6.658261964799999E7 1.445970493987E8 2.9316498E7 2.05698843726E7
1.2280331569300002E8 1.197668556E8 1.6261338E7 1.80828065285E7
8.276242100999999E7 1.674081203E8 2.1683154E7 6.794101853999999E7
6.029280060699999E7 1.93997165E8 2.9168391E7 2.62777348E7
9.254689479E7 1.31575888E8 2.1339291E7 1.2077274917E7
8.803585628999999E7 1.4534528949E8 2.1405846E7 5.3338443049E7
8.569221791399999E7 1.2646643906E8 2.369141E7 4255466.171
7.854901887E7 1.2803261446E8 2.5992984E7 1.9885368457E7
1.1790326771E8 9.3872570925E7 1.8769597E7 1.5401853816E7
6.2332133080000006E7 1.866662102E8 2.7576954E7 2.60334915E7
1.135645587E8 1.0598606161E8 1.8590745E7 5897093.093
1.3289882324400002E8 7.99813393286E7 1.5913685E7 1.888077512153E8
6.406617669E7 1.96559225E8 2.6315117E7 3.364152635E7
1.04418463981E8 1.017092945472E8 2.030048E7 1.353702476468E8
1.26372186658E8 9.0911460449E7 1.8049556E7 9676718.309
9.8039933502E7 1.1606683069E8 2.1248479E7 4733544.761
1.2748119203000005E8 1.04605667E8 1.6399086E7 3.79201E7
6.5447624860000014E7 2.14751109E8 2.5275822E7 4.66472691E7
6.3895782815000005E7 1.793386719E8 2.7189496E7 2.278887028E7
6.845457503000002E7 1.550289063E8 2.7048004E7 1.054060684E7
6.4125370690000005E7 2.0720244E8 2.5915854E7 4.10858747E7
1.1860506923000002E8 1.62259878E8 1.4993766E7 6.155339E7
