1.397826611100000143e+08 8.507505879999999702e+07 1.472877300000000000e+07 1.896527992199999988e+08
1.273284971879999936e+08 9.076584656999999285e+07 1.787612900000000000e+07 1.355195432699999958e+07
1.404287568199999928e+08 8.476744607000000775e+07 1.475082600000000000e+07 1.851416758400000036e+08
1.245292715999999940e+08 1.082888650999999940e+08 1.686989400000000000e+07 1.093164650000000000e+07
1.282189993499999940e+08 1.352419070000000000e+08 1.498584000000000000e+07 3.745349239999999851e+07
1.252278292900000215e+08 9.990681179999999702e+07 1.747949700000000000e+07 5.343522620000000112e+06
1.074552504399999976e+08 1.038097747939999998e+08 2.051674000000000000e+07 6.247326350000000093e+05
1.337902898700000048e+08 8.352086993000000715e+07 1.621678600000000000e+07 1.060406508499999940e+08
1.294368526400000006e+08 1.206649010000000000e+08 1.498884800000000000e+07 7.367883406999999285e+07
1.288228077900000066e+08 8.487947037999999523e+07 1.648296100000000000e+07 1.103664460400000066e+08
1.227325311965000033e+08 1.135309064000000060e+08 1.670725900000000000e+07 1.342444122138999961e+07
1.283802978299999982e+08 1.017920450000000000e+08 1.666944000000000000e+07 3.048759989999999851e+07
1.165680592600000054e+08 1.638193000000000000e+08 1.533575900000000000e+07 4.871052539999999851e+07
1.194337902399999946e+08 1.283610412000000030e+08 1.613017900000000000e+07 2.294762431599999964e+07
1.351681141400000155e+08 7.874152397869999707e+07 1.566035000000000000e+07 1.908469077606999874e+08
1.251064549899999946e+08 1.186104680000000000e+08 1.621477800000000000e+07 1.711525160000000149e+07
1.271383201319999993e+08 1.391256780000000000e+08 1.502058300000000000e+07 3.117679659600000083e+07
6.444471714999999851e+07 1.564482125399999917e+08 3.114920700000000000e+07 1.490627652000000002e+06
1.295505511270000190e+08 8.910580277400000393e+07 1.747249500000000000e+07 3.123015061800000072e+07
6.844020965899999440e+07 1.445260884799999893e+08 2.885827600000000000e+07 1.346243165999999968e+06
1.278930368460000008e+08 8.347306447700001299e+07 1.651394700000000000e+07 1.822669038682999909e+08
1.327938531600000411e+08 8.004587977150000632e+07 1.592497400000000000e+07 1.897950899539000094e+08
1.201957162699999958e+08 1.564946610000000000e+08 1.505736100000000000e+07 4.068741920000000298e+07
1.204558737849999964e+08 1.087784112999999970e+08 1.718327000000000000e+07 1.057255753800000064e+07
1.274746166100000441e+08 1.250072435000000000e+08 1.478591500000000000e+07 9.227469812000000477e+07
1.288969800799999982e+08 1.136856443799999952e+08 1.559359700000000000e+07 5.372525097999999672e+07
1.190152327399999946e+08 1.193839272999999970e+08 1.667913500000000000e+07 1.695855052699999884e+07
1.378748019600000083e+08 8.216601240000000596e+07 1.556283500000000000e+07 1.414304796999999881e+08
1.307146983400000036e+08 8.639287828000000119e+07 1.682372400000000000e+07 6.879787854999999702e+07
8.264315601999999583e+07 1.987274480000000000e+08 2.082139800000000000e+07 5.986212600000000000e+07
9.147740045000001788e+07 1.882472160000000000e+08 1.911439300000000000e+07 6.135975600000000000e+07
1.073909511099999994e+08 1.053244232199999988e+08 2.011317700000000000e+07 2.088804195000000065e+06
8.730576375999999046e+07 1.214248360380000025e+08 2.404570600000000000e+07 1.276227539000000106e+06
1.172990910900000036e+08 1.160830710000000000e+08 1.711419900000000000e+07 1.504979657000000030e+07
1.307438697900000066e+08 8.815628220000000298e+07 1.590857900000000000e+07 1.220072915000000000e+08
6.308766092199999839e+07 1.697536286999999881e+08 2.821064600000000000e+07 1.504255407000000030e+07
1.331413503700000048e+08 8.558172420000000298e+07 1.625605000000000000e+07 9.605675320000000298e+07
1.177835503340000063e+08 1.043241447999999970e+08 1.797650300000000000e+07 6.023196839200000279e+06
1.213078449800000340e+08 1.338512980000000000e+08 1.566023800000000000e+07 2.682024194900000095e+07
1.202522812600000203e+08 1.414526340000000000e+08 1.534646700000000000e+07 3.972923510000000149e+07
7.687053627999998629e+07 1.330862764759999961e+08 2.649023800000000000e+07 1.228266889999999898e+06
8.047325999699999392e+07 1.298092625499999970e+08 2.515412700000000000e+07 2.765504647000000346e+06
1.223752885600000024e+08 1.076276187000000030e+08 1.708442100000000000e+07 1.008866359999999963e+07
6.043731143999999762e+07 1.730378616999999881e+08 3.074195900000000000e+07 1.109304894999999925e+07
9.029933476000000536e+07 1.188311490429999977e+08 2.394382000000000000e+07 3.455193300000000163e+05
1.296503621720000058e+08 8.729493889000000060e+07 1.701487500000000000e+07 5.833825888000000268e+07
1.120617259599999934e+08 1.677658700000000000e+08 1.585410200000000000e+07 6.183903600000000000e+07
1.210472345100000054e+08 9.397770081000000238e+07 1.865258500000000000e+07 3.760027229999999981e+05
8.634830400000000000e+07 1.934932330000000000e+08 2.012380500000000000e+07 5.021898160000000149e+07
1.162857444399999976e+08 9.710289118000000715e+07 1.925908500000000000e+07 5.130571439999999711e+05
1.042805311500000060e+08 1.733118760000000000e+08 1.712670400000000000e+07 4.455311360000000149e+07
5.973103464699999988e+07 1.918942349000000060e+08 2.990509000000000000e+07 2.362286510000000149e+07
1.209292310100000203e+08 9.784274479999999702e+07 1.806226800000000000e+07 3.055402970000000205e+06
7.299272296400000155e+07 1.346305551320500076e+08 2.734937300000000000e+07 3.571991269844000041e+07
1.190326702699999958e+08 9.620722145399999619e+07 1.854916900000000000e+07 1.337987382999999914e+06
6.261789172100000083e+07 1.603413736999999881e+08 3.107316300000000000e+07 3.656666816999999806e+06
6.754653315210001171e+07 1.426118462080899775e+08 2.895269400000000000e+07 3.368751901285599917e+07
7.439870328999999166e+07 1.401822383600000143e+08 2.624776300000000000e+07 4.681401278999999166e+06
1.212662000499999970e+08 1.237219902999999970e+08 1.617061900000000000e+07 2.035895932899999991e+07
1.331299212970000207e+08 8.359862983699999750e+07 1.638643100000000000e+07 9.894401312600000203e+07
1.271765396299999952e+08 9.786404290000000596e+07 1.735932200000000000e+07 1.239059130000000075e+07
1.250804587600000203e+08 9.403390331000000238e+07 1.807368300000000000e+07 1.180321443999999901e+06
1.231442849800000340e+08 1.422768380000000000e+08 1.504040600000000000e+07 3.911366710000000149e+07
6.349162097999999672e+07 1.629982390000000000e+08 2.858235000000000000e+07 1.070193635999999940e+07
7.906787544999998808e+07 1.303705559849999994e+08 2.616000700000000000e+07 8.649825629999999655e+05
1.194809043340000063e+08 1.160463844000000060e+08 1.686942100000000000e+07 1.440228278099999949e+07
8.237777160000000894e+07 1.358510780999999940e+08 2.381186600000000000e+07 8.451855953999999911e+06
9.401413396999999881e+07 1.152251220230000019e+08 2.285592500000000000e+07 7.102181310000000522e+05
1.092883816800000072e+08 1.022472829580000043e+08 2.037572400000000000e+07 4.457062500000000000e+05
1.333395411800000072e+08 8.521719759999999404e+07 1.529626800000000000e+07 2.004066947299999893e+08
1.012729184780000001e+08 1.065611731328999996e+08 2.130294400000000000e+07 1.443873628979999945e+07
9.056329506999999285e+07 1.147145898574000001e+08 2.301087000000000000e+07 8.444886238609999418e+07
6.434853454000000656e+07 2.085264110000000000e+08 2.579121800000000000e+07 4.195161170000000298e+07
1.253283351299999952e+08 8.803185998000000417e+07 1.708985800000000000e+07 7.462011968000000715e+07
9.091320864100000262e+07 1.210245780799999982e+08 2.273111400000000000e+07 3.636621731999999844e+06
9.946776628000000119e+07 1.103472287660000026e+08 2.182533000000000000e+07 7.501198449999999721e+05
7.140150246500000358e+07 1.431392240399999917e+08 2.709555100000000000e+07 4.440216438000000082e+06
1.282892745499999970e+08 1.075843464500000030e+08 1.627570300000000000e+07 3.388164042999999970e+07
1.052736493599999994e+08 1.057837994229999930e+08 2.088069900000000000e+07 5.694213139999998966e+05
8.682978406999999285e+07 1.645235693000000119e+08 2.077815900000000000e+07 7.557872570000000298e+07
5.838236302000000328e+07 2.689615981000000238e+08 4.636324500000000000e+07 2.021094330000000075e+07
6.050084510999999195e+07 2.460689186699999869e+08 4.727820100000000000e+07 5.318654813999999315e+06
8.118201381000000238e+07 1.279323614539999962e+08 2.560829600000000000e+07 8.712543139999998966e+05
6.238516617000000179e+07 1.759534650000000000e+08 2.814114100000000000e+07 1.871182926000000164e+07
1.352494341899999976e+08 8.490622350000000000e+07 1.563844200000000000e+07 1.315301575000000000e+08
1.181252201599999964e+08 1.575760560000000000e+08 1.526063100000000000e+07 4.153908170000000298e+07
8.468194631999999285e+07 1.514195803000000119e+08 2.212024100000000000e+07 1.987860417000000179e+07
1.372082210850000083e+08 8.373879770000000298e+07 1.496141600000000000e+07 1.931770827310000062e+08
1.123234428900000155e+08 9.994849218000000715e+07 1.986076100000000000e+07 5.130571439999999711e+05
1.402808817299999893e+08 8.349148831000000238e+07 1.479741600000000000e+07 1.890073116699999869e+08
1.064890401099999994e+08 1.727851880000000000e+08 1.665086400000000000e+07 6.212623100000000000e+07
1.375947732689999938e+08 7.998371328599999845e+07 1.571953300000000000e+07 1.445353758519999981e+08
6.654944307000000030e+07 1.475564660699999928e+08 2.938518300000000000e+07 1.538591871000000043e+06
1.034647148100000024e+08 1.068062940770000070e+08 2.115041400000000000e+07 7.813372169999999460e+05
9.612534109999999404e+07 1.148663683199999928e+08 2.210955800000000000e+07 1.753673016000000061e+06
6.932905605000001192e+07 1.431550818460000157e+08 2.861448400000000000e+07 1.289433663000000175e+06
6.195785396999999136e+07 1.656815134000000060e+08 2.962953200000000000e+07 1.014364416999999993e+07
7.038756204039999843e+07 1.382423869697700143e+08 2.808366600000000000e+07 3.518212071503999829e+07
1.378602688370000124e+08 7.938361954600000381e+07 1.561861300000000000e+07 1.540795880090000033e+08
1.155016439599999934e+08 1.059223812000000030e+08 1.820305400000000000e+07 6.745770847000000067e+06
9.909916215999999642e+07 1.800537310000000000e+08 1.780359800000000000e+07 6.164090400000000000e+07
7.407245555099998415e+07 1.369068895910000205e+08 2.759142600000000000e+07 6.733515460000000894e+05
7.777078748000000417e+07 1.414174849000000060e+08 2.481547300000000000e+07 8.856409433000000194e+06
8.496285716999998689e+07 1.241363629580000043e+08 2.501748000000000000e+07 4.457062500000000000e+05
1.246709892300000191e+08 1.286695730000000000e+08 1.562713900000000000e+07 2.444228298999999836e+07
1.189208528400000036e+08 9.347171829000000656e+07 1.835404000000000000e+07 2.458948216000000015e+07
7.055308349000000954e+07 2.146854680000000000e+08 2.369715500000000000e+07 5.355603200000000000e+07
8.495345837100000679e+07 1.205220859930000007e+08 2.426628700000000000e+07 5.257119926979000121e+07
6.574353206999999285e+07 2.162189300000000000e+08 2.515944800000000000e+07 4.780794800000000000e+07
1.069175320100000054e+08 1.708444370000000000e+08 1.659524200000000000e+07 6.032920400000000000e+07
6.378562214000000060e+07 1.554878244799999893e+08 2.920150300000000000e+07 6.024452308000000194e+06
9.838995855799999833e+07 1.127596394800000042e+08 2.155113400000000000e+07 2.562971630200000014e+06
