1.116394735600000024e+08 1.008881423129999936e+08 1.988326400000000000e+07 5.145675879999999888e+05
6.806213554999999702e+07 1.989606510000000000e+08 2.477409100000000000e+07 3.901625310000000149e+07
1.104419322419999987e+08 9.657408442430000007e+07 1.926326000000000000e+07 1.490629213418999910e+08
1.263080114650000185e+08 9.077709876800000668e+07 1.799679100000000000e+07 1.203392025650000013e+07
1.065352482800000012e+08 1.045162048719999939e+08 2.070809100000000000e+07 5.441682369999999646e+05
1.217504617519999593e+08 1.179608362000000030e+08 1.645914200000000000e+07 1.670322371000000089e+07
1.106288336099999994e+08 1.011892331130000055e+08 2.011027900000000000e+07 5.389020330000000540e+05
9.801694655799998343e+07 1.074206448296999931e+08 2.162142800000000000e+07 1.241990376330000013e+08
1.232835019399999976e+08 1.021861777999999970e+08 1.743250500000000000e+07 6.576779940000000410e+06
1.218996269299999774e+08 1.504233900000000000e+08 1.501416100000000000e+07 3.712510074000000209e+07
1.206044099790000021e+08 1.074459025000000000e+08 1.733288500000000000e+07 8.971811459899999201e+06
8.140832993000000715e+07 1.280327394229999930e+08 2.570045300000000000e+07 5.694213139999998966e+05
6.463017914999999851e+07 2.103929450000000000e+08 2.564263700000000000e+07 4.329697929999999702e+07
1.203934403400000036e+08 1.518959360000000000e+08 1.514012100000000000e+07 3.731131221999999881e+07
1.182019810999999940e+08 1.024949005999999940e+08 1.807417400000000000e+07 4.908836456300000660e+06
1.239896775699999928e+08 1.457840420000000000e+08 1.496510200000000000e+07 3.501636790999999642e+07
1.264521569660000056e+08 8.744118034299999475e+07 1.743903900000000000e+07 5.719338471500000358e+07
1.186332590400000066e+08 1.578931970000000000e+08 1.521582800000000000e+07 4.083378379999999702e+07
1.284208251900000423e+08 1.315850270000000000e+08 1.448754300000000000e+07 1.111088700000000000e+08
1.374258134590000212e+08 7.953224645200000703e+07 1.571180700000000000e+07 1.498709253849999905e+08
6.228946653000000119e+07 1.614551253800000548e+08 3.104973900000000000e+07 4.286943618999999948e+06
1.307997205799999982e+08 8.308417493000000715e+07 1.636525400000000000e+07 1.178390873639999926e+08
5.835480004000000656e+07 2.725798886999999881e+08 4.617960900000000000e+07 2.263566819999999925e+07
1.035610731640000045e+08 1.023569301095999926e+08 2.056122900000000000e+07 1.338662786259000003e+08
1.138692054300000072e+08 1.662229770000000000e+08 1.560832400000000000e+07 6.181921700000000000e+07
1.352345122300000191e+08 8.365041409999999404e+07 1.577510000000000000e+07 1.279714929000000060e+08
8.250208177000001073e+07 1.975114930000000000e+08 2.091295900000000000e+07 4.822266970000000298e+07
1.222992630300000012e+08 1.342703380000000000e+08 1.553632600000000000e+07 2.771934994999999925e+07
1.405811583400000334e+08 8.097198770000000298e+07 1.502555000000000000e+07 1.796164995000000000e+08
1.214516945059999973e+08 8.804254744200000167e+07 1.747214800000000000e+07 1.749382339192000031e+08
1.211712603400000036e+08 1.602089670000000000e+08 1.470518000000000000e+07 6.234816200000000000e+07
6.673388707999999821e+07 1.472966235099999905e+08 2.938895200000000000e+07 1.399335389999999898e+06
8.859406596000000834e+07 1.203078322580000013e+08 2.407034200000000000e+07 5.601742939999999944e+05
1.188283638200000226e+08 9.599608258599999547e+07 1.866253100000000000e+07 9.549240620000000345e+05
1.211510396800000072e+08 9.391287686800000072e+07 1.861621900000000000e+07 4.282519899999999907e+05
1.261852233299999982e+08 9.947928200000000000e+07 1.746556800000000000e+07 5.212663629999999888e+06
1.306718736899999976e+08 8.989135720000000298e+07 1.683349400000000000e+07 5.531723660000000149e+07
6.416210222999999672e+07 1.568736930800000131e+08 3.114287900000000000e+07 1.719228658999999985e+06
1.256652917999999970e+08 1.406410580000000000e+08 1.506458600000000000e+07 3.139991255799999833e+07
1.101591734099999964e+08 1.693957950000000000e+08 1.611954400000000000e+07 6.195706200000000000e+07
9.783234734000000358e+07 1.117481763639999926e+08 2.243001300000000000e+07 3.579293910000000033e+05
7.288042038800001144e+07 1.384548120600000024e+08 2.724024700000000000e+07 2.170515201000000350e+06
1.128783578400000036e+08 1.563173470000000000e+08 1.602361500000000000e+07 4.168112379999999702e+07
6.043894245000000298e+07 2.463589149499999881e+08 4.727272200000000000e+07 5.481543367000000551e+06
8.344710412240000069e+07 1.271107885799999982e+08 2.463184600000000000e+07 1.937022818879999919e+06
1.253801690930000246e+08 1.280364170000000000e+08 1.562101400000000000e+07 2.387811348900000006e+07
7.198195587000000477e+07 2.013195390000000000e+08 2.345036600000000000e+07 4.889628600000000000e+07
8.722817380999998748e+07 1.214621401700000018e+08 2.436226800000000000e+07 6.527609270000000251e+05
1.292092632639999986e+08 8.838917581829999387e+07 1.737926600000000000e+07 3.861223991860000044e+07
7.751964610000000894e+07 1.399734388199999928e+08 2.501213200000000000e+07 7.903118057000000030e+06
1.332296349189999998e+08 7.977425892419999838e+07 1.586946400000000000e+07 1.896063472930000126e+08
1.280574986979999989e+08 8.525155971799999475e+07 1.632864600000000000e+07 1.408097866511999965e+08
1.310339290400000066e+08 8.227604975000000000e+07 1.621241000000000000e+07 1.357492968799999952e+08
1.294609323199999779e+08 1.086125451099999994e+08 1.583162500000000000e+07 5.322975857000000030e+07
7.106794962999999523e+07 1.985855920000000000e+08 2.382740400000000000e+07 4.115872879999999702e+07
9.861997393999999762e+07 1.805473120000000000e+08 1.788233700000000000e+07 6.162529200000000000e+07
1.264008584900000244e+08 8.841217348000000417e+07 1.726312600000000000e+07 5.378164660000000149e+07
1.206973466800000072e+08 9.875617264000000060e+07 1.807929300000000000e+07 3.059090379999999888e+06
7.919554092999999225e+07 1.935977480000000000e+08 2.177433700000000000e+07 4.319951010000000149e+07
1.168035421700000018e+08 9.678411487899999321e+07 1.913582000000000000e+07 5.645269799999999814e+05
1.232430347099999934e+08 9.776856843000000715e+07 1.783568500000000000e+07 3.463095940000000410e+06
1.377459612500000000e+08 8.387953915999999642e+07 1.487844000000000000e+07 2.045112418700000048e+08
7.930142043999999762e+07 1.314008357699999958e+08 2.572460700000000000e+07 1.538841371000000043e+06
1.251131222386000007e+08 1.187592337999999970e+08 1.616390800000000000e+07 1.766214160305999964e+07
1.248023283200000226e+08 1.085786785999999940e+08 1.683894300000000000e+07 1.103143900000000000e+07
1.282377257169999927e+08 8.308883278569999337e+07 1.655760700000000000e+07 1.921745826746999919e+08
9.557081548000000417e+07 1.136103699819999933e+08 2.255964600000000000e+07 7.596394849999999860e+05
1.357379423899999857e+08 8.594856826999999583e+07 1.493417600000000000e+07 2.075393404300000072e+08
8.440670684999999404e+07 1.245670375000000000e+08 2.458995400000000000e+07 1.480114954999999842e+06
8.717669193999999762e+07 1.227417258349999934e+08 2.408510400000000000e+07 1.070182094999999972e+06
1.253149996299999952e+08 9.390622748000000417e+07 1.806532700000000000e+07 1.157961682000000030e+06
6.980704377099999785e+07 1.578568468000000119e+08 2.629247800000000000e+07 1.371062523999999836e+07
7.005768400000001490e+07 1.428905984390000105e+08 2.884305200000000000e+07 5.787170029999999097e+05
1.376854537630000114e+08 7.930975589699999988e+07 1.566219000000000000e+07 1.533107823889999986e+08
9.966787643000000715e+07 1.107711214099999964e+08 2.149346100000000000e+07 1.755246835000000196e+06
7.666646810120001435e+07 1.299304791753399968e+08 2.635779400000000000e+07 3.576331851957999915e+07
1.398066559100000262e+08 8.155965270000000298e+07 1.499807300000000000e+07 1.816340228000000119e+08
1.321534094000000060e+08 8.593345331999999285e+07 1.543887000000000000e+07 1.929475989799999893e+08
1.085766827399999946e+08 1.029715390559999943e+08 2.045130400000000000e+07 4.210157409999999800e+05
9.101460559999999404e+07 1.887434340000000000e+08 1.919850400000000000e+07 6.116887900000000000e+07
1.313357475199999958e+08 1.208807312000000030e+08 1.472563200000000000e+07 8.815626298999999464e+07
6.293633034000000358e+07 1.963777766999999881e+08 2.678135200000000000e+07 3.353578430000000075e+07
6.231752864000000060e+07 1.733187398000000119e+08 2.833350400000000000e+07 1.723544169999999925e+07
8.245876764200000465e+07 1.239025461932000071e+08 2.467946500000000000e+07 6.745258352570000291e+07
9.731934110999999940e+07 1.122716974870000035e+08 2.220391000000000000e+07 7.666380359999999637e+05
9.195721253000000119e+07 1.172710249000000060e+08 2.296401000000000000e+07 1.671865057000000030e+06
6.968456275999999046e+07 1.753361475000000000e+08 2.524588600000000000e+07 2.503265235000000149e+07
1.147307172020000070e+08 9.313375035799999535e+07 1.854375600000000000e+07 1.606255125753000081e+08
1.090035282440000027e+08 1.049846401200000048e+08 1.972248600000000000e+07 2.871813160900000483e+06
7.579335778000000119e+07 2.079075830000000000e+08 2.234474200000000000e+07 5.752496900000000000e+07
7.720190759999999404e+07 1.327069369379999936e+08 2.668691300000000000e+07 7.788495720000000438e+05
1.228083420799999833e+08 9.108400990000000596e+07 1.779965800000000000e+07 3.313410210999999940e+07
1.016453654899999946e+08 1.083630856030000001e+08 2.138335000000000000e+07 1.016072138000000035e+06
1.353332734620000124e+08 7.878015872050000727e+07 1.560213100000000000e+07 1.930139258668999970e+08
8.966675263899998367e+07 1.157127428475999981e+08 2.313346400000000000e+07 8.346392306550000608e+07
6.029839796000000089e+07 1.746420590999999940e+08 3.069049000000000000e+07 1.207582192999999970e+07
1.262037140799999833e+08 1.072724172000000030e+08 1.685900600000000000e+07 1.041418119999999925e+07
1.224064499500000179e+08 1.331268645999999940e+08 1.503577400000000000e+07 1.040759126700000018e+08
6.666899185028000176e+07 1.440789087429769933e+08 2.924459700000000000e+07 3.266844497623889893e+07
1.040408498900000006e+08 1.066418318460000008e+08 2.088245700000000000e+07 1.289433663000000175e+06
6.289453108000000566e+07 1.626737911999999881e+08 2.893068800000000000e+07 1.002986118000000156e+07
1.313923993630000055e+08 8.603299050000000000e+07 1.676612500000000000e+07 7.159092516300000250e+07
6.602620060000000149e+07 2.174263700000000000e+08 2.505660000000000000e+07 4.907367800000000000e+07
9.785393472759999335e+07 1.097709770754899979e+08 2.209472300000000000e+07 8.352443382770000026e+06
8.851869116000001132e+07 1.914515610000000000e+08 1.966818100000000000e+07 5.718715300000000000e+07
6.856596398430000246e+07 1.409747867921099961e+08 2.862765500000000000e+07 3.446010992685999721e+07
8.504989411000001431e+07 1.956298460000000000e+08 2.033466800000000000e+07 6.031447900000000000e+07
7.505770292399999499e+07 1.354439304259999990e+08 2.706370300000000000e+07 1.031168351000000024e+06
1.065459473700000048e+08 1.725410760000000000e+08 1.669194900000000000e+07 5.139111929999999702e+07
1.358148589399999976e+08 8.382062159999999404e+07 1.561344300000000000e+07 1.362168345999999940e+08
1.132144138799999952e+08 1.008901775999999940e+08 1.924443600000000000e+07 1.950168625999999931e+06
6.848957804999999702e+07 1.455432898799999952e+08 2.827188800000000000e+07 2.942070180999999866e+06
9.156858107299999893e+07 1.137041002742999941e+08 2.280630800000000000e+07 9.040110645995999873e+07
1.182645023900000006e+08 1.236756622999999970e+08 1.654185600000000000e+07 1.947282454500000179e+07
1.206036505200000405e+08 1.255168795999999940e+08 1.614087100000000000e+07 2.138985939499999955e+07
