1.347038813880000114e+08 8.323378360799999535e+07 1.625074200000000000e+07 1.036512613869999945e+08
1.064904535600000024e+08 1.045069792370000035e+08 2.084466900000000000e+07 3.899906979999999749e+05
1.219387523599999994e+08 9.100014134999999404e+07 1.790494100000000000e+07 3.473243007599999756e+07
1.259687476940000206e+08 8.724058940399999917e+07 1.735986200000000000e+07 6.422229857500000298e+07
1.122661718599999994e+08 1.000503024389999956e+08 1.980370100000000000e+07 5.787170029999999097e+05
1.315673631759999990e+08 8.577225393000000715e+07 1.677935100000000000e+07 7.194123126600000262e+07
7.289076488999998569e+07 1.390591029579999745e+08 2.813637100000000000e+07 4.457062500000000000e+05
9.403554451000000536e+07 1.151107190970000029e+08 2.312826100000000000e+07 4.027691539999999804e+05
1.261864835569999963e+08 8.783808830400000513e+07 1.725474900000000000e+07 5.905600248099999875e+07
1.355140536770000160e+08 7.866532720919999480e+07 1.565357900000000000e+07 1.832198955889199972e+08
1.245664057499999553e+08 8.796599848999999464e+07 1.723649200000000000e+07 7.303930475499999523e+07
1.293827063799999952e+08 1.057053815799999982e+08 1.613299300000000000e+07 4.502866802000000328e+07
1.168938393599999994e+08 9.732893538500000536e+07 1.895585400000000000e+07 8.789439259999999776e+05
1.287996719800000042e+08 1.354798170000000000e+08 1.488568900000000000e+07 4.219531439999999851e+07
8.359149725000000000e+07 1.255961664019999951e+08 2.532339100000000000e+07 4.701002210000000196e+05
8.695415790999999642e+07 1.218782768799999952e+08 2.406122400000000000e+07 1.433882347999999998e+06
8.975676017100000381e+07 1.155954480652000010e+08 2.312414600000000000e+07 8.353743700830000639e+07
1.337572239000000209e+08 8.726426279999999702e+07 1.620213100000000000e+07 9.126361700000000000e+07
1.315278953900000155e+08 8.271669807799999416e+07 1.631455800000000000e+07 1.195320969220000058e+08
1.382748945799999833e+08 8.043698170999999344e+07 1.559856100000000000e+07 1.470339487100000083e+08
1.202698944600000381e+08 1.589851810000000000e+08 1.495197200000000000e+07 4.604870620000000298e+07
1.209438784300000370e+08 9.405442110799999535e+07 1.867798300000000000e+07 3.509490310000000172e+05
1.208898155499999970e+08 9.996201493000000715e+07 1.793327000000000000e+07 3.954395220000000205e+06
1.247083916420000046e+08 1.293360310000000000e+08 1.559606600000000000e+07 2.469944916200000048e+07
1.266461790999999940e+08 1.253245890000000000e+08 1.567172800000000000e+07 2.379702210000000149e+07
9.047672396799999475e+07 1.207021216099999994e+08 2.302031500000000000e+07 2.517319505900000222e+06
7.416411824500000477e+07 1.365543973849999905e+08 2.743807100000000000e+07 8.789439259999999776e+05
1.273755447399999946e+08 9.070916815530000627e+07 1.797828800000000000e+07 1.049845244789999910e+07
1.231112567300000042e+08 9.646801398000000417e+07 1.797445000000000000e+07 2.570281299999999814e+06
8.534727575000000000e+07 1.236852538739999980e+08 2.484828100000000000e+07 4.962671959999999963e+05
1.044462472900000066e+08 1.060272725199999958e+08 2.102856600000000000e+07 6.528281689999999944e+05
1.284169358979999572e+08 1.042268269029999971e+08 1.638577900000000000e+07 3.762986009099999815e+07
6.842266432199999690e+07 1.447865644959999919e+08 2.905030700000000000e+07 1.002948790000000037e+06
1.252506317800000012e+08 1.438836590000000000e+08 1.495092800000000000e+07 3.372199700600000471e+07
1.236969158599999845e+08 9.075420500300000608e+07 1.801010800000000000e+07 2.151343297300000116e+07
1.296475360300000161e+08 1.145259765999999940e+08 1.547581600000000000e+07 5.689468285000000149e+07
1.183094579009999931e+08 1.017826932399999946e+08 1.805699900000000000e+07 4.947792526600000449e+06
1.252395721560000181e+08 9.977937165500000119e+07 1.737885300000000000e+07 9.798231926000000909e+06
1.388108288000000119e+08 8.638720351999999583e+07 1.501550000000000000e+07 1.598473850200000107e+08
1.293996144039999992e+08 8.817423588699999452e+07 1.730399500000000000e+07 4.217064207469999790e+07
1.336663239650000185e+08 8.378465135999999940e+07 1.631853900000000000e+07 9.953877414000000060e+07
9.186214198999997973e+07 1.172506387020000070e+08 2.359542200000000000e+07 3.671652650000000140e+05
1.305751857340000421e+08 8.714208606700000167e+07 1.705357500000000000e+07 5.513455565100000054e+07
1.001688754899999946e+08 1.099975631539999992e+08 2.152767200000000000e+07 1.237085583000000101e+06
7.867373646000000834e+07 1.310648614229999930e+08 2.636422000000000000e+07 6.396138790000000736e+05
7.195468992700000107e+07 1.360301704670200050e+08 2.764073700000000000e+07 3.552065233139000088e+07
7.629324289999999106e+07 1.340830195300000012e+08 2.704204300000000000e+07 5.978786180000000168e+05
9.500939070000001788e+07 1.140241044220000058e+08 2.282528900000000000e+07 5.530714610000000102e+05
9.519798030699999630e+07 1.103733532733999938e+08 2.196459000000000000e+07 1.038173757927999943e+08
9.748698012000000477e+07 1.124236604189999998e+08 2.218088400000000000e+07 7.177649859999999171e+05
8.071871029800000787e+07 1.301148702699999958e+08 2.522245500000000000e+07 2.084372754699999932e+06
1.031312251239999980e+08 1.027567734237000048e+08 2.059798400000000000e+07 1.337391629972999990e+08
1.354578976800000072e+08 7.968025857799999416e+07 1.572899300000000000e+07 1.592336201480000019e+08
1.334433219560000002e+08 7.970703007739999890e+07 1.580746600000000000e+07 1.917030954726999998e+08
1.021749677300000042e+08 1.083337168680000007e+08 2.117514100000000000e+07 1.255581385999999940e+06
8.091951040099997818e+07 1.249293166375000030e+08 2.525826300000000000e+07 4.084942912668000162e+07
1.308491787199999988e+08 8.628247420000000298e+07 1.616996000000000000e+07 1.093294840000000000e+08
1.391991351170000136e+08 8.032558389499999583e+07 1.504961700000000000e+07 1.919102049990000129e+08
6.397771236999999732e+07 1.571736756699999869e+08 3.113790200000000000e+07 1.881312972999999998e+06
1.220773231330000013e+08 1.217821215000000000e+08 1.620042000000000000e+07 1.933382161400000006e+07
1.308410850400000215e+08 1.187540480999999940e+08 1.495209100000000000e+07 7.759799364000000060e+07
1.233846189699999988e+08 1.313356412999999970e+08 1.495423100000000000e+07 1.058820247999999970e+08
1.142819890199999958e+08 9.954842380900000036e+07 1.922170900000000000e+07 1.305967374000000069e+06
1.266236402399999946e+08 1.150079400999999940e+08 1.623927200000000000e+07 1.925848810000000149e+07
1.244465203800000399e+08 1.096023845999999940e+08 1.678466400000000000e+07 1.174598600000000000e+07
8.433214878000000119e+07 1.332137267800000012e+08 2.343753800000000000e+07 8.132278750999999233e+06
1.204521236969999969e+08 1.162412997000000030e+08 1.668638300000000000e+07 1.546665770500000007e+07
1.369414767800000012e+08 8.654780659000000358e+07 1.547189500000000000e+07 1.311517437900000066e+08
1.407233696579999924e+08 8.149441964399999380e+07 1.497810000000000000e+07 1.803523127759999931e+08
1.261030943400000334e+08 1.068052077999999970e+08 1.684512400000000000e+07 1.239942859999999963e+07
1.203282925709999800e+08 1.060577757999999970e+08 1.740714300000000000e+07 8.561110097999999300e+06
6.661133312000000477e+07 1.474672625399999917e+08 2.938653100000000000e+07 1.490627652000000002e+06
1.220373217199999839e+08 1.430976870000000000e+08 1.518663600000000000e+07 3.399235089999999851e+07
1.220564711400000006e+08 1.038892347000000030e+08 1.740710500000000000e+07 7.392097449999999255e+06
1.252437910100000054e+08 9.399224020000000298e+07 1.805166400000000000e+07 1.301466687999999849e+06
1.187161810900000036e+08 1.493451200000000000e+08 1.538888300000000000e+07 3.575477837999999523e+07
1.262485088400000036e+08 1.387866930000000000e+08 1.506945100000000000e+07 3.101354880999999866e+07
1.400009156599999964e+08 8.083137709999999404e+07 1.499295000000000000e+07 1.872459928000000119e+08
1.376781618100000024e+08 7.915037793999999762e+07 1.565642800000000000e+07 1.555615023039999902e+08
6.268680353000000119e+07 2.397751550900000036e+08 4.739234800000000000e+07 1.826807654000000097e+06
1.185690862500000000e+08 9.622039195999999344e+07 1.863328900000000000e+07 1.332759402999999933e+06
8.770892810999999940e+07 1.176481073138999939e+08 2.359136700000000000e+07 7.231049544110000134e+07
1.180421305600000173e+08 1.168720657999999970e+08 1.696310400000000000e+07 1.510158047599999979e+07
1.248916329099999964e+08 1.169884415000000000e+08 1.627329100000000000e+07 1.665860940000000037e+07
7.898860327300001681e+07 1.345557964699999988e+08 2.516175300000000000e+07 4.374125836999999359e+06
7.102691072000001371e+07 1.414215073529999852e+08 2.855652200000000000e+07 5.685970499999999302e+05
1.376925596899999976e+08 8.428967290999999642e+07 1.485572600000000000e+07 2.053766623400000036e+08
1.262133051770000011e+08 8.451729153109999001e+07 1.683611000000000000e+07 1.922613035690999925e+08
1.100751803100000024e+08 1.019573222580000013e+08 2.011232500000000000e+07 5.601742939999999944e+05
1.220164127499999553e+08 1.555368000000000000e+08 1.468953100000000000e+07 5.857309700000000000e+07
6.633393665999999642e+07 1.452003877600000203e+08 2.929774400000000000e+07 2.188918115399999917e+07
