9.809999662999999523e+07 1.112970044810000062e+08 2.214124800000000000e+07 6.905947179999999935e+05
9.313653198999999464e+07 1.164477410300000012e+08 2.275420400000000000e+07 1.449454563000000082e+06
1.315832250740000010e+08 8.602169997400000691e+07 1.683141300000000000e+07 6.831271297630000114e+07
1.253196537800000012e+08 1.272097760000000000e+08 1.566698400000000000e+07 2.334488067000000179e+07
1.250011482900000066e+08 1.007544605999999940e+08 1.742037200000000000e+07 5.916119040000000037e+06
1.352534573500000238e+08 8.743101304999999702e+07 1.566253500000000000e+07 1.195377790600000024e+08
1.282385012199999988e+08 9.082027000000000000e+07 1.793724700000000000e+07 9.888354199999999255e+06
1.343220385239999890e+08 8.233679887500000000e+07 1.617099400000000000e+07 1.145086018040000051e+08
1.252996556899999976e+08 9.440892650000000000e+07 1.799886100000000000e+07 1.609005226000000024e+06
6.985062537000000477e+07 1.426338432529999912e+08 2.866058400000000000e+07 9.127859050000000279e+05
1.262870044000000209e+08 1.402992830000000000e+08 1.501578100000000000e+07 3.170131488100000098e+07
1.388809357800000012e+08 8.273188940000000596e+07 1.506638000000000000e+07 1.724591504000000060e+08
1.011103039800000042e+08 1.092721689080000073e+08 2.139505500000000000e+07 1.100335560999999987e+06
1.207147341400000155e+08 9.940640464000000060e+07 1.793335400000000000e+07 4.076750649999999907e+06
1.250382560100000352e+08 1.081386212999999970e+08 1.684984100000000000e+07 1.091080140000000037e+07
8.347525770999999344e+07 1.253623249420000017e+08 2.510204700000000000e+07 8.372307070000000531e+05
7.719620020000000298e+07 1.325518201920000017e+08 2.642657900000000000e+07 1.271329307000000030e+06
1.121925650799999982e+08 1.676620010000000000e+08 1.583612600000000000e+07 6.187709800000000000e+07
9.501060026000000536e+07 1.139910739210000038e+08 2.271466800000000000e+07 7.195546640000001062e+05
1.177598344899999946e+08 1.315136400000000000e+08 1.624489900000000000e+07 2.391225921000000089e+07
9.125840954999999702e+07 1.177411291110000014e+08 2.322356700000000000e+07 1.177952720999999903e+06
1.389442690490000248e+08 7.881316444099999964e+07 1.552425800000000000e+07 1.603182941389999986e+08
1.366328009599999785e+08 8.277424000000000000e+07 1.551617300000000000e+07 1.453827670999999940e+08
1.091618904599999934e+08 1.701415700000000000e+08 1.629837900000000000e+07 5.293815410000000149e+07
9.154412119699999690e+07 1.138333008073000014e+08 2.273521000000000000e+07 8.989596428990000486e+07
1.200350239200000167e+08 1.503235860000000000e+08 1.505791400000000000e+07 4.840801210000000149e+07
1.292970964360000044e+08 8.870714203290000558e+07 1.742893700000000000e+07 3.498160905049999803e+07
1.228687599500000179e+08 9.590298282999999821e+07 1.806054500000000000e+07 2.097201879999999888e+06
7.306448565000000596e+07 1.381601585099999905e+08 2.783540100000000000e+07 7.545236139999999432e+05
1.215432140080000013e+08 1.137211205999999940e+08 1.679541600000000000e+07 1.334254030199999921e+07
1.278050595300000012e+08 1.015226960000000000e+08 1.686889300000000000e+07 2.264359019999999925e+07
1.278299616180000007e+08 1.074935568100000024e+08 1.618114400000000000e+07 4.012173964100000262e+07
1.181674886580000222e+08 1.044103099000000060e+08 1.784530900000000000e+07 6.707600920099999756e+06
8.985891487000000477e+07 1.188567916720000058e+08 2.360463000000000000e+07 1.001343234000000055e+06
8.981314329999999702e+07 1.196120679000000060e+08 2.344256700000000000e+07 1.332872218000000110e+06
1.273416841299999952e+08 1.386475310000000000e+08 1.482503800000000000e+07 4.322071700000000000e+07
1.203538801800000072e+08 1.555179990000000000e+08 1.506509800000000000e+07 3.975621690999999642e+07
8.700028322699999809e+07 1.192919877399999946e+08 2.409548400000000000e+07 1.387904328663000092e+07
7.280899129999999702e+07 1.654075706999999881e+08 2.478301300000000000e+07 2.077079076999999955e+07
7.051412582600000501e+07 1.463108595999999940e+08 2.706332900000000000e+07 6.143642484000000171e+06
1.318706058299999982e+08 1.198876812999999970e+08 1.471290200000000000e+07 9.076693359999999404e+07
1.376137502299999893e+08 7.810645045999999344e+07 1.543673900000000000e+07 1.845715248300000131e+08
1.334917309399999976e+08 8.398680545000000298e+07 1.626227900000000000e+07 1.019955887199999988e+08
1.130382242399999946e+08 1.018869127800000012e+08 1.925424100000000000e+07 2.021362861999999965e+06
5.988305674999999255e+07 1.815879773000000119e+08 3.044278900000000000e+07 1.648539276999999955e+07
8.745203972999998927e+07 1.227447629699999988e+08 2.383363800000000000e+07 1.665823799000000115e+06
6.566096978000000119e+07 2.158051010000000000e+08 2.519110900000000000e+07 4.746788529999999702e+07
1.291795877800000012e+08 8.695179515700000525e+07 1.713747400000000000e+07 5.685664716179999709e+07
6.245033617999999970e+07 1.608826326699999869e+08 3.106183100000000000e+07 3.963004450000000186e+06
1.390823605100000203e+08 8.768107979999999702e+07 1.487308600000000000e+07 1.658004492299999893e+08
1.356977366699999869e+08 8.558185917000000179e+07 1.496039000000000000e+07 2.066918620399999917e+08
6.261864663999999315e+07 1.738952855000000000e+08 2.810297500000000000e+07 1.787384024000000209e+07
1.015252875400000066e+08 1.776151970000000000e+08 1.741260300000000000e+07 6.170282700000000000e+07
7.185657967999999225e+07 2.118093720000000000e+08 2.335261600000000000e+07 5.002964629999999702e+07
1.061624349259999990e+08 1.003149995873000026e+08 1.994666500000000000e+07 1.369601946841999888e+08
9.300568881999999285e+07 1.864623850000000000e+08 1.884085700000000000e+07 6.119212900000000000e+07
1.211883912699999958e+08 1.395167350000000000e+08 1.542651900000000000e+07 3.050424914999999851e+07
6.754777987900000811e+07 1.430700413700000048e+08 2.905519700000000000e+07 1.879617223000000045e+07
1.044544389599999934e+08 1.061765437129999995e+08 2.108125900000000000e+07 5.000239160000000265e+05
5.836424311999999732e+07 2.706958915000000000e+08 4.628871900000000000e+07 2.121823720000000298e+07
1.099971681099999994e+08 1.027697329099999964e+08 1.979278900000000000e+07 1.694183854999999981e+06
6.268777890000001341e+07 1.634865795999999940e+08 2.895246000000000000e+07 1.077763025999999978e+07
1.181027883599999994e+08 1.591538160000000000e+08 1.521285100000000000e+07 4.412129989999999851e+07
1.167888077699999958e+08 9.153465911470000446e+07 1.822066100000000000e+07 1.712217405827000141e+08
1.105350024200000018e+08 1.288415750000000000e+08 1.761121500000000000e+07 1.963366089999999851e+07
8.765743282999999821e+07 1.209522349420000017e+08 2.418031300000000000e+07 8.372307070000000531e+05
1.387066257539999783e+08 8.039183244500000775e+07 1.506806300000000000e+07 1.970358362010000050e+08
1.189334040900000185e+08 9.569323900300000608e+07 1.866509300000000000e+07 9.678913839999999618e+05
7.903280748000000417e+07 1.667487724000000060e+08 2.280958600000000000e+07 2.644530448999999836e+07
8.905919999999998510e+07 1.296982535999999940e+08 2.246366900000000000e+07 8.102565377000000328e+06
1.130602467900000066e+08 9.759918237000000477e+07 1.948594800000000000e+07 1.130354723000000045e+07
1.210232402300000042e+08 9.398964509800000489e+07 1.865278600000000000e+07 3.811947110000000102e+05
1.314059277300000191e+08 8.535462971999999881e+07 1.560843800000000000e+07 1.874906524009999931e+08
7.124255085500000417e+07 1.412444845000000000e+08 2.758951600000000000e+07 2.433057756200000178e+06
1.248809762900000066e+08 1.170895514000000060e+08 1.626534400000000000e+07 1.678807300000000000e+07
1.045952975039999932e+08 1.122190216800000072e+08 2.000674300000000000e+07 5.624947883999999613e+06
6.018119549000000209e+07 1.994163325999999940e+08 2.912030100000000000e+07 2.883899669999999925e+07
1.186495493499999940e+08 1.204549472999999970e+08 1.666168900000000000e+07 1.763914321399999782e+07
9.193225818000000715e+07 1.733660970000000000e+08 1.941978900000000000e+07 3.867674793999999762e+07
1.123322601899999976e+08 9.993261143999999762e+07 1.984132700000000000e+07 5.440231589999999851e+05
1.272553240000000000e+08 8.562383234000000358e+07 1.675227300000000000e+07 9.985068968400000036e+07
1.331794552123000026e+08 8.800795476659999788e+07 1.555686800000000000e+07 1.357457651942999959e+08
6.447317215000000596e+07 2.091317620000000000e+08 2.572741200000000000e+07 4.233497860000000149e+07
1.271891398489999771e+08 8.993832640170000494e+07 1.773188000000000000e+07 2.247461443760000169e+07
8.688434606000000238e+07 1.480939943000000119e+08 2.170729300000000000e+07 1.948989250000000000e+07
8.610632826000000536e+07 1.921637250000000000e+08 2.013686000000000000e+07 5.939818400000000000e+07
1.169458877500000000e+08 1.636202090000000000e+08 1.520399800000000000e+07 6.155762200000000000e+07
1.208629098100000024e+08 1.046021652999999970e+08 1.746290000000000000e+07 7.682109120000000112e+06
6.827583932999999821e+07 1.489340986999999881e+08 2.786322000000000000e+07 5.211744660000000149e+06
5.887420660000000149e+07 2.582998160999999940e+08 4.691337400000000000e+07 1.266503141999999993e+07
8.741024987999999523e+07 1.329642077999999970e+08 2.259193200000000000e+07 9.750637963999999687e+06
7.213072299590000510e+07 1.357903336692300141e+08 2.759209000000000000e+07 3.558575075986000150e+07
7.803065179699999094e+07 1.995607010000000000e+08 2.192817400000000000e+07 4.619367110000000149e+07
1.136312900799999982e+08 1.619422220000000000e+08 1.585684800000000000e+07 4.124266942000000179e+07
6.218982793000000715e+07 1.630796125000000000e+08 2.984198100000000000e+07 8.277398239999999292e+06
1.188896504409999996e+08 1.114649012999999970e+08 1.719476000000000000e+07 1.180923786800000072e+07
6.842175458999998868e+07 1.445006285100000203e+08 2.879646200000000000e+07 1.501577561999999918e+06
1.377446121020000279e+08 8.044257551000000536e+07 1.572297700000000000e+07 1.408022895699999928e+08
7.949697065100000799e+07 2.000019010000000000e+08 2.151837700000000000e+07 5.322670710000000149e+07
1.169878171620000005e+08 1.015526221299999952e+08 1.831215600000000000e+07 4.352606485100000165e+06
1.249957966899999976e+08 8.832189551600000262e+07 1.741273300000000000e+07 5.572373683699999750e+07
1.243677770770000070e+08 1.194460419200000018e+08 1.542224900000000000e+07 7.438583715999999642e+07
1.146389528499999940e+08 1.655797070000000000e+08 1.550560000000000000e+07 6.174892100000000000e+07
1.204619919500000030e+08 1.533980120000000000e+08 1.505128800000000000e+07 4.025086960000000149e+07
1.103906862000000030e+08 9.901051537000000477e+07 1.972425400000000000e+07 2.186995523000000045e+07
7.506198492999999225e+07 1.357922456699999869e+08 2.669767900000000000e+07 1.881312972999999998e+06
1.338424933170000017e+08 7.942022123549999297e+07 1.579864300000000000e+07 1.890944825624000132e+08
6.669182126000001281e+07 1.473538191899999976e+08 2.938819600000000000e+07 1.429786523000000045e+06
6.059928970999999344e+07 2.456211433700000048e+08 4.728649700000000000e+07 5.067383648999999277e+06
1.232672337199999988e+08 1.455777230000000000e+08 1.502746900000000000e+07 3.462566410999999940e+07
1.267329184800000042e+08 1.247059105000000000e+08 1.487842800000000000e+07 8.894889593000000715e+07
5.973021559000000358e+07 1.928600556999999881e+08 2.989184200000000000e+07 2.393017460000000149e+07
1.135470657999999970e+08 1.468067650000000000e+08 1.629222600000000000e+07 3.181482291000000015e+07
1.337120113980000168e+08 7.980550053700000048e+07 1.572513300000000000e+07 1.928808631915999949e+08
6.464089647999999672e+07 1.518290468699999452e+08 2.929836000000000000e+07 3.925337450999999885e+06
1.334174890799999982e+08 8.352666050000000000e+07 1.604128500000000000e+07 1.187061564500000030e+08
8.894770698000000417e+07 1.909700920000000000e+08 1.958969500000000000e+07 5.643451500000000000e+07
1.272477585900000185e+08 9.180100040000000596e+07 1.724190900000000000e+07 3.758735370000000298e+07
9.101121640899999440e+07 1.203560485300000012e+08 2.275306400000000000e+07 3.516161657999999821e+06
1.285678571599999964e+08 8.585490351999999583e+07 1.677530600000000000e+07 8.447918497800000012e+07
1.228819907099999934e+08 1.317733580000000000e+08 1.560881600000000000e+07 2.599564771000000089e+07
1.373448152400000095e+08 8.273417889000000060e+07 1.499174100000000000e+07 2.020365178689999878e+08
8.107679401999999583e+07 1.282799720370000005e+08 2.581189600000000000e+07 5.796686700000000419e+05
7.047758625609999895e+07 1.381124666179200113e+08 2.805787100000000000e+07 3.519395942823000252e+07
1.085447702000000030e+08 1.028313791400000006e+08 2.047856600000000000e+07 4.503294629999999888e+05
6.645059571000000089e+07 1.446965516289999783e+08 2.926789600000000000e+07 2.760964748800000176e+07
1.302891106549999565e+08 8.740994519200000167e+07 1.710308600000000000e+07 5.231153073600000143e+07
1.221910938040000051e+08 1.217636305999999940e+08 1.619146400000000000e+07 1.934685086100000143e+07
1.156452533100000024e+08 9.762099417599999905e+07 1.925866400000000000e+07 6.698703519999999553e+05
1.187296934300000072e+08 1.175830902000000030e+08 1.669832800000000000e+07 2.447667589999999851e+07
1.204328984189999998e+08 1.111490296500000060e+08 1.674941300000000000e+07 2.973453380700000003e+07
1.091369133400000036e+08 1.703246900000000000e+08 1.626494400000000000e+07 6.190962200000000000e+07
