1.359329353100000024e+08 8.787655256000000238e+07 1.529262000000000000e+07 1.426238325099999905e+08
1.253869167400000393e+08 1.418392040000000000e+08 1.501331600000000000e+07 3.249721982800000161e+07
1.210621738499999940e+08 9.398085087299999595e+07 1.866028000000000000e+07 3.544587710000000079e+05
1.228687547999999821e+08 9.594997115999999642e+07 1.806221700000000000e+07 2.076712060000000056e+06
1.165381801400000006e+08 1.073004985999999940e+08 1.789143500000000000e+07 8.085446120000000112e+06
1.342408446000000238e+08 8.033226076000000536e+07 1.581697300000000000e+07 1.555203356910000145e+08
1.137098909200000018e+08 9.696695368999999762e+07 1.942428400000000000e+07 1.221602401700000092e+07
1.273517501299999952e+08 1.242841520000000000e+08 1.563884200000000000e+07 2.640599860000000149e+07
7.636018375000000000e+07 1.809435040000000000e+08 2.294627700000000000e+07 3.336423907000000030e+07
1.229134051200000048e+08 1.464213870000000000e+08 1.505495000000000000e+07 3.449167814999999851e+07
1.094108359099999964e+08 1.023701464800000042e+08 1.891249800000000000e+07 1.507418726960000098e+08
1.205305919560000002e+08 1.079354100000000000e+08 1.724780200000000000e+07 9.797991979199999943e+06
6.682411299999999255e+07 1.471760678199999928e+08 2.939052900000000000e+07 1.335202956000000006e+06
1.204775079300000072e+08 1.575773500000000000e+08 1.497138300000000000e+07 4.374020170000000298e+07
1.190950096500000060e+08 9.566048550699999928e+07 1.862259600000000000e+07 1.055281097000000067e+06
1.310752231599999964e+08 8.837551740000000596e+07 1.679974200000000000e+07 6.126629120000000298e+07
1.177595220199999809e+08 1.036529210000000000e+08 1.804007000000000000e+07 5.559272496799999848e+06
8.072773532000000775e+07 1.287248285540000051e+08 2.568036000000000000e+07 8.426932500000000000e+05
1.224419456700000018e+08 1.399747160000000000e+08 1.532434700000000000e+07 3.043827673000000045e+07
1.252904016299999952e+08 1.001262702000000030e+08 1.745573600000000000e+07 5.528288810000000522e+06
1.188564610300000012e+08 1.091312769000000060e+08 1.736929400000000000e+07 1.017711456299999915e+07
1.150105222699999958e+08 1.643774970000000000e+08 1.545695700000000000e+07 6.159412200000000000e+07
7.259856479500000179e+07 1.351579336692300141e+08 2.746044300000000000e+07 3.558575075986000150e+07
1.252705360590000004e+08 1.285379020000000000e+08 1.560083800000000000e+07 2.421933472300000116e+07
1.109728199529999942e+08 1.100750252000000030e+08 1.884770800000000000e+07 6.832838765999999829e+06
1.261245707999999821e+08 1.167424790999999940e+08 1.622686100000000000e+07 1.665630119999999925e+07
7.513931313999998569e+07 2.077979070000000000e+08 2.252206400000000000e+07 5.073737370000000298e+07
1.376613088100000024e+08 8.071923600000000000e+07 1.543389600000000000e+07 1.590184829000000060e+08
6.863015884509998560e+07 1.408745052327300012e+08 2.860773900000000000e+07 3.450153701939000189e+07
1.349156383700000048e+08 8.295232279700000584e+07 1.621247200000000000e+07 1.066611053320000023e+08
7.520871519599999487e+07 1.367247910099999905e+08 2.648672500000000000e+07 2.471724041999999899e+06
1.042651038400000036e+08 1.065701481840000004e+08 2.094988300000000000e+07 8.146530130000000354e+05
1.255252064400000423e+08 1.315907390000000000e+08 1.469833600000000000e+07 1.097320687099999934e+08
1.320073623499999940e+08 8.880421240000000596e+07 1.626124600000000000e+07 8.659491209999999404e+07
1.008756586500000060e+08 1.289023259000000060e+08 1.962182800000000000e+07 1.436462450500000082e+07
1.012892586599999964e+08 1.372220035099999905e+08 1.872718800000000000e+07 7.177799989000000060e+07
1.258899358199999928e+08 1.394515110000000000e+08 1.506253000000000000e+07 3.136764155999999866e+07
1.080341372919999957e+08 9.853356485930000246e+07 1.972967400000000000e+07 1.401099744005999863e+08
8.756666879999999702e+07 1.213286045000000000e+08 2.440994500000000000e+07 4.684422349999999860e+05
8.520544300999999046e+07 1.240840270820000023e+08 2.445682100000000000e+07 1.234152560999999987e+06
1.315247610860000402e+08 8.604412046999999881e+07 1.678105500000000000e+07 7.054229677699999511e+07
5.835480004000000656e+07 2.725798886999999881e+08 4.617960900000000000e+07 2.263566819999999925e+07
1.199363685300000459e+08 1.436307390000000000e+08 1.544147600000000000e+07 3.215902089000000060e+07
1.247509615599999577e+08 1.083047702000000030e+08 1.685425800000000000e+07 1.099377280000000075e+07
9.955373598000000417e+07 1.114186665900000036e+08 2.144804700000000000e+07 1.961842953999999911e+06
1.009849464800000042e+08 1.201336314000000060e+08 2.023065800000000000e+07 8.543682717000000179e+06
9.218699323000000417e+07 1.435250315000000000e+08 2.067407300000000000e+07 1.958128432000000030e+07
1.365035716799999774e+08 8.646081151999999583e+07 1.487171100000000000e+07 1.936340249900000095e+08
1.186220151899999976e+08 1.372349010000000000e+08 1.583130700000000000e+07 2.824887155999999866e+07
6.016724984000000358e+07 2.477351771800000072e+08 4.724318900000000000e+07 6.262480439000000246e+06
1.285826323690000027e+08 8.285053242800000310e+07 1.650918700000000000e+07 1.920319016353000104e+08
8.239402616000001132e+07 1.855722490000000000e+08 2.113383300000000000e+07 5.030700029999999702e+07
7.825571254710000753e+07 2.048255800000000000e+08 2.177234000000000000e+07 5.861346300000000000e+07
1.175180477900000066e+08 1.214903479000000060e+08 1.677425500000000000e+07 1.783750165000000224e+07
1.404445401599999964e+08 8.138322759999999404e+07 1.501018700000000000e+07 1.789436746999999881e+08
1.018814230520000011e+08 1.038521703763999939e+08 2.088647500000000000e+07 1.313957417926999927e+08
7.695553035999999940e+07 1.333807738509999961e+08 2.652161600000000000e+07 1.033297381000000052e+06
1.391713732800000012e+08 8.264268300000000000e+07 1.494543600000000000e+07 1.837135638000000119e+08
9.131794096999999881e+07 1.175355270429999977e+08 2.359674500000000000e+07 5.067919459999999963e+05
1.217326342000000030e+08 9.274996340000000596e+07 1.797424500000000000e+07 2.341920489999999851e+07
1.258678191299999952e+08 9.330510592900000513e+07 1.808419200000000000e+07 9.607120420000000158e+05
6.044183371000000089e+07 1.735246951999999881e+08 3.074344300000000000e+07 1.106379969999999925e+07
7.055775577000001073e+07 1.427706434300000072e+08 2.889158600000000000e+07 3.945351309999999939e+05
1.160038395499999970e+08 1.308610047000000030e+08 1.651539000000000000e+07 2.385547346000000089e+07
9.276822085999999940e+07 1.160460976519999951e+08 2.321289000000000000e+07 6.444971629999999423e+05
9.636293079999999702e+07 1.823094410000000000e+08 1.834200100000000000e+07 4.777670879999999702e+07
6.587383889000000805e+07 1.769615118000000119e+08 2.657763000000000000e+07 2.247366937999999896e+07
1.248289747900000066e+08 1.336631337000000030e+08 1.472262200000000000e+07 1.123753967999999970e+08
1.282541262199999988e+08 8.898490909999999404e+07 1.673173400000000000e+07 7.301703579999999702e+07
6.302940402000000328e+07 1.876943498000000119e+08 2.709999400000000000e+07 2.752807523000000045e+07
1.095482642800000012e+08 1.172957335999999940e+08 1.851578000000000000e+07 1.169381105599999987e+07
1.307988402999999970e+08 8.698033159999999404e+07 1.560667500000000000e+07 1.886832189799999893e+08
8.511899889999999106e+07 1.955343110000000000e+08 2.032100500000000000e+07 6.032772900000000000e+07
9.547345160999998450e+07 1.369653880999999940e+08 2.032778800000000000e+07 1.676710530000000075e+07
1.280936704800000042e+08 1.157185402600000054e+08 1.543070600000000000e+07 6.123360076000000536e+07
1.071744377000000030e+08 1.046994269800000042e+08 2.025579400000000000e+07 1.687662408999999985e+06
1.344925982518000007e+08 8.016011276848000288e+07 1.565179800000000000e+07 1.711675974241999984e+08
1.108313261940000057e+08 9.624154651800000668e+07 1.922285000000000000e+07 1.452038945503000021e+08
1.127300852600000054e+08 1.004716383669999987e+08 1.946758900000000000e+07 1.260781885999999940e+06
1.121773262000000030e+08 1.415371560999999940e+08 1.641488200000000000e+07 1.026242911500000060e+08
7.896210188000001013e+07 1.587363762899999917e+08 2.314331300000000000e+07 4.723518271999999881e+07
6.658261964799998701e+07 1.445970493986999989e+08 2.931649800000000000e+07 2.056988437260000035e+07
1.228033156930000186e+08 1.197668555999999940e+08 1.626133800000000000e+07 1.808280652849999815e+07
1.041112807900000066e+08 1.750760570000000000e+08 1.700987400000000000e+07 6.181492500000000000e+07
8.276242100999999046e+07 1.674081203000000119e+08 2.168315400000000000e+07 6.794101853999999166e+07
7.914551955300000310e+07 1.309781229699999988e+08 2.555544100000000000e+07 2.334284288300000131e+06
1.274577001800000072e+08 8.560164360300000012e+07 1.691026600000000000e+07 8.859034480200000107e+07
6.029280060699999332e+07 1.939971650000000000e+08 2.916839100000000000e+07 2.627773480000000075e+07
9.254689479000000656e+07 1.315758880000000000e+08 2.133929100000000000e+07 1.207727491699999943e+07
1.386586704629999995e+08 7.976874378000000119e+07 1.562635200000000000e+07 1.483986591299999952e+08
6.310391467000000179e+07 1.613831354199999869e+08 2.884896800000000000e+07 1.560352219100000151e+07
8.920361359000000358e+07 1.195990342689999938e+08 2.371053900000000000e+07 1.021077476000000024e+06
8.803585628999999166e+07 1.453452894900000095e+08 2.140584600000000000e+07 5.333844304900000244e+07
8.569221791399998963e+07 1.264664390600000024e+08 2.369141000000000000e+07 4.255466171000000089e+06
7.854901887000000477e+07 1.280326144599999934e+08 2.599298400000000000e+07 1.988536845699999854e+07
1.179032677099999934e+08 9.387257092499999702e+07 1.876959700000000000e+07 1.540185381599999964e+07
6.233213308000000566e+07 1.866662101999999881e+08 2.757695400000000000e+07 2.603349150000000000e+07
9.540532209600000083e+07 1.107721325826999992e+08 2.183674100000000000e+07 1.056386936095000058e+08
1.135645587000000030e+08 1.059860616099999994e+08 1.859074500000000000e+07 5.897093093000000343e+06
6.275055172999999672e+07 1.661501533000000119e+08 2.862447800000000000e+07 1.270250749000000022e+07
1.328988232440000176e+08 7.998133932860000432e+07 1.591368500000000000e+07 1.888077512152999938e+08
1.284797767950000465e+08 8.918661276999999583e+07 1.743239800000000000e+07 3.441824664999999851e+07
6.406617668999999762e+07 1.965592250000000000e+08 2.631511700000000000e+07 3.364152635000000149e+07
1.044184639810000062e+08 1.017092945471999943e+08 2.030048000000000000e+07 1.353702476468000114e+08
1.226334210600000024e+08 1.030079459000000060e+08 1.741554500000000000e+07 7.098804699999999255e+06
1.263721866580000073e+08 9.091146044900000095e+07 1.804955600000000000e+07 9.676718309000000358e+06
5.973420967999999970e+07 1.929485351999999881e+08 2.987946400000000000e+07 2.399655789999999851e+07
1.116290589599999934e+08 1.681210820000000000e+08 1.591382400000000000e+07 6.182045000000000000e+07
9.550232365000000596e+07 1.135368660479999930e+08 2.267727300000000000e+07 6.356909519999999320e+05
1.193846946800000072e+08 1.006451446599999964e+08 1.806765200000000000e+07 4.007046229999999981e+06
1.296348127119999975e+08 8.656940963600000739e+07 1.699993100000000000e+07 6.321834048600000143e+07
7.443809164499999583e+07 1.363124568680000007e+08 2.711198400000000000e+07 1.255581385999999940e+06
6.406662358000000566e+07 1.539518424799999893e+08 2.953591200000000000e+07 4.399536541000000201e+06
9.803993350200000405e+07 1.160668306899999976e+08 2.124847900000000000e+07 4.733544760999999940e+06
1.159337665300000161e+08 9.750053050100000203e+07 1.917312500000000000e+07 7.579685709999999963e+05
1.274811920300000459e+08 1.046056670000000000e+08 1.639908600000000000e+07 3.792010000000000000e+07
6.544762486000001431e+07 2.147511090000000000e+08 2.527582200000000000e+07 4.664726910000000149e+07
7.305241621999999881e+07 1.382452297360000014e+08 2.787355500000000000e+07 7.011255920000000624e+05
6.389578281500000507e+07 1.793386719000000060e+08 2.718949600000000000e+07 2.278887028000000119e+07
6.888969462999999523e+07 1.454843936299999952e+08 2.794621300000000000e+07 3.926607216000000015e+06
6.845457503000001609e+07 1.550289063000000119e+08 2.704800400000000000e+07 1.054060683999999985e+07
1.250093005000000000e+08 9.151060239000000060e+07 1.804400600000000000e+07 1.103197925999999978e+07
1.289882454200000018e+08 8.435162387999999523e+07 1.654794600000000000e+07 1.085501144810000062e+08
6.249742250000000745e+07 1.607262305499999821e+08 3.106505400000000000e+07 3.874684225000000093e+06
1.244382668900000155e+08 8.769749832400000095e+07 1.748677700000000000e+07 6.913798398399999738e+07
1.185372631700000018e+08 1.529545780000000000e+08 1.525324600000000000e+07 4.186680339999999851e+07
6.412537069000000507e+07 2.072024400000000000e+08 2.591585400000000000e+07 4.108587470000000298e+07
7.719538685999999940e+07 1.325695341289999932e+08 2.655533000000000000e+07 1.024255423999999999e+06
1.186050692300000191e+08 1.622598780000000000e+08 1.499376600000000000e+07 6.155339000000000000e+07
