1.1692773705E8 7.886101549E7 1.2043395E7 2038796.29
1.1455249828E8 6.92794724907E7 1.1244733E7 1.6789455632604E8
1.1929734357E8 1.09594095E8 1.0224152E7 2.949642E7
9.168803456E7 1.268041974E8 1.1704383E7 9.294840862E7
1.1960617509999998E8 9.027632169E7 1.0758582E7 3.805849721E7
1.14413102624E8 7.3992093502E7 1.2014796E7 4.1072826118E7
1.18566281009E8 1.13612198E8 1.0218817E7 2.505946527E7
1.0930003663E8 1.19778443E8 1.0634905E7 2.6843404167E7
7.4426568836E7 9.967851552534E7 1.6227103E7 4.435560611001E7
1.22000240933E8 7.1525341666E7 1.1419403E7 4.941168523E7
9.1393700157E7 1.01901394E8 1.3061171E7 1.0175346227E7
8.838140841E7 8.7413406826E7 1.3778718E7 1.193591308763E8
9.531476256000002E7 8.6007505175E7 1.3864222E7 484672.268
7.830362729999998E7 9.598152881E7 1.5632723E7 2.9919269353E7
8.141533093E7 1.07920469E8 1.4263187E7 9648783.803
1.1430373233E8 7.571639544E7 1.0828683E7 1.8579722964E8
6.90972519E7 1.3583655009E8 1.5318883E7 4.187903746E7
9.47785921181E7 8.16809746762E7 1.3105815E7 9.7377270964352E7
1.01255825874E8 7.63002989819E7 1.2389775E7 1.801193182685E8
7.873225767E7 1.301766398E8 1.3669364E7 2.330421821E7
8.348127928299999E7 9.06988949837E7 1.4681928E7 9.811558563893E7
9.314595401E7 1.21690363E8 1.194962E7 2.59241153E7
1.1268520171E8 7.58874717E7 1.1145461E7 1.295097535E8
8.217739911E7 1.048442527E8 1.4274266E7 1.099688544E7
1.1868687811E8 7.59588947E7 1.1954033E7 1.141365738E7
7.791117863999999E7 9.784017637E7 1.6010219E7 7012860.83
6.8738915E7 1.77479046E8 1.434064E7 5.2257384E7
9.3647083578E7 8.19399175581E7 1.324088E7 1.36635818736E8
7.945275631199999E7 1.4537035E8 1.3068193E7 3.246909263E7
8.979038212900001E7 9.419737951E7 1.3788841E7 4414591.1911
1.132131327148E8 7.135447815426E7 1.1252791E7 1.4998808146391E8
9.546606939E7 1.33390703E8 1.136331E7 3.43381494E7
8.671792982E7 1.129852945E8 1.3131087E7 1.5454782966E7
8.621744565E7 8.97982366E7 1.4267604E7 4.57576833E7
6.411192280999999E7 1.2548637485E8 1.7173141E7 1.739001171E7
1.0988196214E8 7.83360763E7 1.2015515E7 4.20150214E7
1.1148681215E8 1.128614198E8 1.033555E7 7.91382421E7
1.0055365878E8 8.032938722E7 1.2731605E7 5.192333756E7
8.101877958399999E7 9.32925554701E7 1.4961467E7 8.7159439791E7
7.4593387072E7 1.2758725282E8 1.4446911E7 4.923964789E7
9.769998912E7 1.083368312E8 1.2032192E7 1.6528544335E7
9.080971406E7 8.548350682E7 1.3668563E7 5.827393223E7
9.836418399E7 1.1698127508E8 1.128578E7 7.648338032E7
8.881824752999999E7 1.063742691E8 1.3160938E7 1.2079292574E7
6.2013396853E7 1.191949633E8 1.866203E7 2615000.2836
1.0104590741E8 7.92869887E7 1.2315439E7 1.062254115E8
6.8600858193E7 1.1414793134E8 1.67519E7 6994695.919000001
7.903976175E7 1.071602785E8 1.4778921E7 7690936.314
7.194929425E7 1.72648792E8 1.3769311E7 4.91968784E7
6.800869202999999E7 1.280844736E8 1.6010373E7 1.442346117E7
1.0217602560300002E8 7.7966781289E7 1.2044859E7 1.78546571786E8
1.00337202234E8 9.26650653E7 1.2567019E7 7192426.177999999
8.081407632000001E7 1.54369372E8 1.2657234E7 3.876433975E7
8.527882849000001E7 9.0598752964E7 1.4799094E7 1.4417794608E7
7.8742330572E7 1.50927674E8 1.300832E7 3.76172405E7
1.04501199105E8 7.9345629305E7 1.2851807E7 1.8790675365E7
1.0578292835E8 8.457799972999999E7 1.2580321E7 3256532.63
5.848837402E7 1.24991428526E8 2.0115883E7 1016962.111
1.2819110795999998E8 7.205914573E7 1.0146484E7 1.316984395E8
5.207994313E7 2.2772679701E8 3.6534668E7 1611021.594
6.518123259E7 1.3335657093E8 1.6419249E7 2.890550201E7
7.1715209844E7 1.1224767098E8 1.6082556E7 6522899.664
6.215546346E7 1.1853027421E8 1.8959158E7 1451792.4570000002
9.85648595E7 8.680521215E7 1.3215232E7 2487006.0300000003
5.939538809000001E7 1.335190832E8 1.8197358E7 1.07693348E7
8.343807786E7 9.443875296E7 1.5221689E7 661192.2180000001
1.12168931928E8 7.19370168259E7 1.1282492E7 1.594117119273E8
8.4674826843E7 9.804688211E7 1.4366795E7 4490783.815
1.1477118086E8 1.21369363E8 1.0197763E7 3.11530543E7
6.80529624E7 1.410790985E8 1.541326E7 2.283279505E7
1.0421840868E8 1.31377295E8 1.0744611E7 3.264726139E7
9.110697641E7 1.33888339E8 1.1830501E7 3.034522469E7
9.208469587E7 8.611017231E7 1.3834671E7 2.046423941E7
5.7938071477000006E7 1.22375306434E8 1.9940603E7 3.29296219781E7
1.146536286476E8 7.657468707549E7 1.2434331E7 2642573.08277
1.1798674974E8 7.0963217365E7 1.1376399E7 7.9472156953E7
1.0621115844E8 7.87021174E7 1.259905E7 2.431182744E7
1.09409495415E8 9.85113192E7 1.1425625E7 1.3406679032E7
6.534813764000001E7 1.70339246E8 1.5176146E7 3.93971947E7
1.1951861996E8 6.87805399E7 1.079727E7 1.5617487296E8
1.1256193397E8 7.39395206E7 1.161869E7 8.099227653E7
1.03798410565E8 7.8381441416E7 1.2647356E7 4.3176328703E7
5.4149102871E7 1.3634685303E8 2.1108593E7 3538322.197
1.1532525782E8 7.369988657000001E7 1.0830971E7 1.8133048889E8
6.84572675221E7 1.0645592015217E8 1.7456525E7 3.468622901145E7
6.037645856E7 1.21628784496E8 1.9617388E7 1002948.79
8.946112978999999E7 8.9674287139E7 1.4463087E7 582553.481
1.018102405E8 8.280286641999999E7 1.3250789E7 657363.369
1.1670889082E8 7.65168017E7 1.1799063E7 2.39216834E7
1.1479896014E8 1.10989784E8 1.0521462E7 2.2617035878E7
6.443344573E7 1.15262673816E8 1.8625604E7 992881.447
7.48078833E7 1.198406139E8 1.4895409E7 1.358550039E7
1.1584306333E8 8.85329947E7 1.1444314E7 8434367.1
9.956422803E7 1.43012747E8 1.0842508E7 4.61292923E7
1.1463917673E8 8.160441927E7 1.1987404E7 3516559.6
8.50321283E7 9.310512217E7 1.5003921E7 652760.927
1.23839633775E8 6.9809448765E7 1.1145041E7 7.0183234566E7
1.043105851038E8 9.0900871E7 1.2288129E7 6949325.79414
6.191339078E7 1.82052384E8 1.5810637E7 4.37856341E7
1.27366156077E8 6.6246550109E7 1.065414E7 1.15501621049E8
8.1239041E7 9.6321693481E7 1.5537183E7 690594.718
8.277860298E7 9.212522768E7 1.5027946E7 2.5366002162E7
8.327532883E7 1.101992762E8 1.379464E7 1.299429786E7
6.674504371999999E7 1.120274608E8 1.7821382E7 1751456.387
7.319700947E7 1.144138439E8 1.55667E7 8973782.355999999
9.752145738E7 1.24959642E8 1.1444103E7 2.685218025E7
1.0845280731000002E8 1.42026499E8 1.0245422E7 5.5012142E7
5.504061014E7 1.3501432092E8 1.9798338E7 6853746.691
1.10692542E8 7.882949877600001E7 1.2655117E7 532088.952
8.560432569E7 1.158663237E8 1.3163937E7 1.6795445002E7
5.7266933516E7 1.75332523E8 1.7182137E7 3.71640247E7
9.759371367E7 8.885731754E7 1.3153003E7 3629510.38
7.50946396247E7 1.0268489287E8 1.6180695E7 1963121.078
5.381053765E7 1.677735263E8 1.8563294E7 2.78107459E7
1.2002292318E8 7.24160099E7 1.065347E7 1.35933468E8
1.2595779972E8 7.072039664999999E7 1.0155742E7 1.6826621966E8
1.2932673201000002E8 6.91225764E7 1.0170252E7 1.375498845E8
7.371060144E7 1.347857821E8 1.4434381E7 2.271701009E7
8.255949843E7 1.285364437E8 1.3112194E7 2.360996319E7
9.15289602E7 1.50839921E8 1.1364698E7 5.7025186E7
1.08574858028E8 7.20476591097E7 1.1693173E7 1.74361159857E8
9.332069748E7 8.270927876E7 1.3359723E7 8.5381096706E7
8.287926828E7 9.553502244E7 1.5016277E7 1799856.62
1.0974056726E8 1.146104852E8 1.0404353E7 8.897373134E7
5.222889591E7 1.4449457008E8 2.1614783E7 5957717.686000001
7.729790753E7 1.00009197534E8 1.6100169E7 847985.864
4.768510584E7 2.60488858E8 3.5539214E7 2.22931088E7
1.1261454092E8 1.17091811E8 1.0470497E7 2.63618225E7
5.78181451E7 1.91101698E8 1.6798758E7 4.68940256E7
7.643058516000001E7 1.24660791E8 1.4318839E7 1.82843067E7
6.0247982396E7 1.88651743E8 1.6179252E7 4.80659115E7
5.513070542E7 1.74518425E8 1.7874905E7 3.30903172E7
4.806489628E7 2.470221397E8 3.6112923E7 1.28981859E7
9.1129898187E7 8.72340139287E7 1.4168333E7 7029729.5473
8.67369579376E7 9.038879107549E7 1.4747666E7 5854977.182770001
5.0009252234E7 1.753610842E8 2.3500884E7 1.63776016E7
7.119263422E7 1.58876213E8 1.417141E7 3.62894733E7
1.1724967328E8 8.7138117E7 1.14527E7 7643021.8
1.1045302989000002E8 7.3011448525E7 1.1741989E7 1.02889766856E8
1.1823128570000002E8 9.293995864E7 1.0717632E7 3.8677267041E7
8.558815353E7 1.55549667E8 1.1920293E7 5.6967228E7
7.293993789799999E7 1.04752457269E8 1.6703956E7 1268006.9279999998
9.7037610752E7 9.92149442E7 1.2546633E7 1.02906305E7
1.1695784338E8 9.90395278E7 1.0848696E7 1.54285991E7
1.03911018955E8 9.64507304E7 1.2004775E7 1.05693794658E7
1.20123612946E8 7.34291051496E7 1.1782323E7 2.56678649308E7
5.4302075580000006E7 1.377895823E8 1.9870987E7 8172668.71
7.580472701999998E7 1.151364673E8 1.4941214E7 1.1149545082E7
7.522568005000001E7 1.69776989E8 1.3225557E7 5.5093536E7
5.7854818637E7 1.2601243424E8 1.9839637E7 2176555.9378000004
8.777825148E7 1.46210583E8 1.1919747E7 3.66774016E7
6.264648546E7 1.44398804E8 1.6652709E7 2.083764435E7
1.1843745945E8 1.070279299E8 1.0001601E7 8.05602776E7
8.978994939E7 1.321737842E8 1.1812803E7 9.351072E7
8.280901483699998E7 1.52606578E8 1.241466E7 3.856654639E7
8.059817566299999E7 1.0010743724E8 1.5004715E7 3818898.015
1.240409134E8 6.97522999E7 1.0785418E7 9.63990189E7
5.9961192374E7 1.2260662766E8 1.918162E7 2518498.8692
8.491774332000001E7 1.316863544E8 1.2474539E7 8.428633889E7
9.355430062E7 1.049755786E8 1.2639284E7 1.2897478509E7
8.4667900678E7 1.59738103E8 1.2003936E7 5.29711E7
9.1457430275E7 8.36609845036E7 1.3554539E7 1.263006810166E8
6.587472615999999E7 1.3549426724E8 1.6134326E7 3.332041937E7
7.55314058E7 1.66058011E8 1.3201E7 5.3537448E7
1.2071088562E8 9.842879235E7 1.0217917E7 5.707364508E7
8.933354828999999E7 1.37204138E8 1.1939284E7 3.1738396040000003E7
7.329638911000001E7 1.56228551E8 1.3834889E7 3.590256397E7
7.0964500134E7 1.0909843842E8 1.6612755E7 3489540.867
1.0092079583E8 1.147556772E8 1.1427801E7 2.4529726E7
1.1361685188E8 7.48854369E7 1.1271095E7 1.042620416E8
8.016277735E7 1.232861392E8 1.3716134E7 1.893976184E7
5.0155517645E7 1.781643716E8 2.2040912E7 2.2805543E7
6.126971876E7 1.340080368E8 1.7552542E7 1.297442877E7
1.1061735185E8 7.794919186E7 1.1126952E7 1.5888855882E8
8.491400174999999E7 1.045387003E8 1.3856254E7 9085975.96
1.13177881512E8 9.22582134E7 1.1440513E7 1.02304066871E7
1.004222495E8 8.08296406E7 1.2596096E7 6.375866072E7
7.0943801445E7 1.036775297609E8 1.682635E7 4.846754750334E7
1.23129024945E8 6.9299327644E7 1.1115693E7 7.7756865675E7
5.576070476E7 1.85730659E8 1.7451508E7 4.0850894E7
1.2091641875E8 7.23968776E7 1.1355104E7 5.205715827E7
8.775080291000001E7 9.159868425E7 1.4444475E7 1371872.362
1.031691350974E8 7.594633034143E7 1.2218786E7 1.25884455517052E8
7.3524950818E7 1.0127848462E8 1.6603985E7 1.5624945042E7
7.280278285199998E7 1.1603201778E8 1.549664E7 1.45008667E7
1.103207568E8 8.74247812E7 1.1948306E7 6414329.43
1.2930417655E8 6.58473203E7 1.024599E7 1.508356547E8
9.4280595761E7 9.32725842E7 1.3228529E7 5513532.1147
8.690257653E7 1.240428654E8 1.2637481E7 2.294269176E7
5.1950927643E7 1.833575072E8 1.9566954E7 3.26096017E7
5.008289823E7 2.326377458E8 3.6468132E7 4310714.107
7.0844684697E7 1.07160379736E8 1.7334592E7 701125.5920000001
1.1674983134E8 1.18225351E8 1.0186221E7 2.7494736713E7
6.65164032175E7 1.1604635522E8 1.7260149E7 4991985.272
5.396174139000001E7 1.487055959E8 1.9265362E7 1.531599297E7
8.6476381743E7 1.013332358E8 1.3788659E7 7825386.061
1.0821545277E8 7.868222019E7 1.2621166E7 1.205209916E7
6.854469212300001E7 1.1030136483E8 1.7419743E7 1742067.143
6.350335542E7 1.27237513E8 1.7285468E7 1.0425639319999998E7
9.178767653E7 1.094431337E8 1.2632202E7 1.5242204927E7
9.7837203483E7 7.9584041685E7 1.2630776E7 1.39267440643E8
5.1628524513E7 1.554455284E8 2.0580172E7 1.492433622E7
6.662277319E7 1.80208132E8 1.4758238E7 5.11884647E7
6.049182945999999E7 1.59768923E8 1.6688696E7 2.866711676E7
9.795346798000002E7 8.374989917E7 1.3637637E7 3045254.718
1.0651065118E8 8.0429845427E7 1.2992242E7 350024.49600000004
1.08618134074E8 8.88151856E7 1.201024E7 6893748.7453000005
1.100226351E8 1.35378818E8 1.0194965E7 5.11002063E7
9.9550635723E7 8.1396257919E7 1.3140295E7 2.4923786476E7
1.2091649552000004E8 6.7234892881E7 1.0880898E7 1.43292374387E8
6.987198903000002E7 1.72684077E8 1.417752E7 4.41983329E7
1.0820750749000002E8 8.134841591000001E7 1.262881E7 1603398.0720000002
1.2299780026E8 6.6370959613E7 1.0758979E7 1.44842017145E8
9.403315449E7 8.6724265831E7 1.3988349E7 507950.916
1.1273323173E8 7.674683898E7 1.2387163E7 1.026604887E7
1.0656486898100002E8 7.3098629446E7 1.1866651E7 1.765684339437E8
7.052410963599999E7 1.0396963353346E8 1.7029306E7 3.6330743566E7
7.725874867999998E7 1.0181185944E8 1.5652822E7 2761066.3668
1.0462545133E8 1.067655547E8 1.1451556E7 1.76881331E7
9.067239155E7 9.943945184E7 1.3164231E7 1.924790986E7
9.399580183E7 1.293151313E8 1.1418561E7 9.59929447E7
1.1700915044E8 6.843763533E7 1.1093134E7 1.55667355802E8
5.851722123E7 1.2773999444E8 1.9040278E7 5389127.783
1.19133937726E8 7.2925237825E7 1.1671864E7 3.625300901E7
1.09907146701E8 7.3577728483E7 1.1374005E7 1.80070805666E8
1.0792884957E8 8.09440615E7 1.1227707E7 1.9402261412E8
8.953202239E7 1.213444564E8 1.2405456E7 2.220468387E7
9.345228414E7 1.42471647E8 1.1415308E7 3.672117302E7
7.866474316E7 9.935873272E7 1.5659309E7 1539261.889
1.226536408E8 7.32811203E7 1.0846983E7 8.10060556E7
6.5799583222E7 1.1007591184766E8 1.794727E7 3.991360394988E7
1.0645918956E8 1.23593883E8 1.074183E7 2.845947344E7
5.6333982203E7 1.2837166919E8 2.0175453E7 2631639.3865
9.56745897E7 1.246021302E8 1.1335956E7 9.520469198E7
1.2343408743E8 7.334498964E7 1.0220577E7 1.8184811245E8
5.077256875E7 1.753889498E8 2.0453423E7 2.59482856E7
6.455382786E7 1.74682059E8 1.528297E7 4.14956244E7
9.328113205E7 8.800562325999999E7 1.3853565E7 1392899.381
8.445511236E7 1.36916476E8 1.2552432E7 2.979036841E7
7.7047452518E7 9.930107693E7 1.546137E7 8.10896747997E7
