1.297883370100000054e+08 6.658877360000000149e+07 1.022506200000000000e+07 1.446200411999999881e+08
1.169277370499999970e+08 7.886101548999999464e+07 1.204339500000000000e+07 2.038796290000000037e+06
1.162569465900000036e+08 8.855734620000000298e+07 1.142338800000000000e+07 8.387066500000000000e+06
1.168061877300000042e+08 7.596193270000000298e+07 1.176894500000000000e+07 2.762257180000000075e+07
1.145524982800000012e+08 6.927947249070000648e+07 1.124473300000000000e+07 1.678945563260399997e+08
6.446703388000000268e+07 1.156147873560000062e+08 1.853972100000000000e+07 1.036223697999999975e+06
1.192973435699999928e+08 1.095940950000000000e+08 1.022415200000000000e+07 2.949642000000000000e+07
1.082107596043000221e+08 7.935579379210999608e+07 1.289890100000000000e+07 1.402902226860000053e+06
6.511073743999999762e+07 1.149889047600000054e+08 1.796672700000000000e+07 2.506973406799999997e+06
1.228528020999999940e+08 6.606781449000000209e+07 1.072259000000000000e+07 1.597655143610000014e+08
1.068133609399999976e+08 8.301939098000000417e+07 1.262320400000000000e+07 2.317028899999999907e+06
9.168803456000000238e+07 1.268041974000000060e+08 1.170438300000000000e+07 9.294840862000000477e+07
8.116197084999999404e+07 9.639603149899999797e+07 1.555693600000000000e+07 6.694729029999999329e+05
1.196061750999999791e+08 9.027632168999999762e+07 1.075858200000000000e+07 3.805849721000000089e+07
1.144131026239999980e+08 7.399209350200000405e+07 1.201479600000000000e+07 4.107282611800000072e+07
8.673754859600001574e+07 9.381166684000000358e+07 1.435169100000000000e+07 2.697311478199999779e+06
1.185662810090000033e+08 1.136121980000000000e+08 1.021881700000000000e+07 2.505946526999999955e+07
1.093000366299999952e+08 1.197784430000000000e+08 1.063490500000000000e+07 2.684340416699999943e+07
9.984401159299999475e+07 8.356207561100000143e+07 1.352330000000000000e+07 3.169359707000000053e+05
5.139681063999999315e+07 1.500948765999999940e+08 2.149441500000000000e+07 9.226174849999999627e+06
4.977425014999999851e+07 2.339148426200000048e+08 3.644703900000000000e+07 5.028725298000000417e+06
6.363679431630000472e+07 1.129886303437599987e+08 1.852741700000000000e+07 3.293184685399600118e+07
7.442656883599999547e+07 9.967851552534000576e+07 1.622710300000000000e+07 4.435560611000999808e+07
1.101685864800000042e+08 7.951589172200000286e+07 1.263612700000000000e+07 7.439398880000000354e+05
5.052107974000000209e+07 1.645320328000000119e+08 2.107601300000000000e+07 1.828406412000000104e+07
1.220002409329999983e+08 7.152534166599999368e+07 1.141940300000000000e+07 4.941168522999999672e+07
1.285961368100000024e+08 6.626104829999999702e+07 1.022373000000000000e+07 1.582417270000000000e+08
1.114726809800000042e+08 9.014152900000000000e+07 1.169806800000000000e+07 8.334072000000000000e+06
1.293362123729999959e+08 6.715347038400000334e+07 1.015512700000000000e+07 1.530339456430000067e+08
1.165384290300000161e+08 7.653415100800000131e+07 1.233852000000000000e+07 3.417003769999999786e+05
7.406019560999999940e+07 1.673165520000000000e+08 1.343462800000000000e+07 5.266388500000000000e+07
9.139370015700000525e+07 1.019013940000000000e+08 1.306117100000000000e+07 1.017534622699999996e+07
1.161275321959999949e+08 1.005098474000000060e+08 1.083861700000000000e+07 1.613724504179999977e+07
8.838140840999999642e+07 8.741340682600000501e+07 1.377871800000000000e+07 1.193591308763000071e+08
9.393191609000000358e+07 8.679414645199999213e+07 1.399068700000000000e+07 5.228346689999999944e+05
9.715489187360000610e+07 9.099416640000000596e+07 1.303985100000000000e+07 4.924857461460000835e+06
9.531476256000001729e+07 8.600750517499999702e+07 1.386422200000000000e+07 4.846722679999999818e+05
9.931632593999999762e+07 1.319650690000000000e+08 1.110573700000000000e+07 3.169101607000000030e+07
5.644222741399999708e+07 1.360070235000000000e+08 1.912863800000000000e+07 9.093095830000000075e+06
7.830362729999998212e+07 9.598152881000000238e+07 1.563272300000000000e+07 2.991926935300000012e+07
8.141533093000000715e+07 1.079204690000000000e+08 1.426318700000000000e+07 9.648783802999999374e+06
1.143037323299999982e+08 7.571639543999999762e+07 1.082868300000000000e+07 1.857972296399999857e+08
1.234911542950000018e+08 6.902998783200000226e+07 1.106037300000000000e+07 8.153185445499999821e+07
7.231427644900000095e+07 1.148250585999999940e+08 1.575163000000000000e+07 8.630879747999999672e+06
6.909725190000000596e+07 1.358365500900000036e+08 1.531888300000000000e+07 4.187903746000000089e+07
1.024657776840000004e+08 7.601840374377000332e+07 1.226235500000000000e+07 1.402819921750800014e+08
9.477859211810000241e+07 8.168097467620000243e+07 1.310581500000000000e+07 9.737727096435199678e+07
1.028235487199999988e+08 1.174691160000000000e+08 1.121164600000000000e+07 2.369857926099999994e+07
7.279670047999998927e+07 1.040390934650000036e+08 1.692452000000000000e+07 3.237799396000000183e+06
9.282403059999999404e+07 8.257840150600001216e+07 1.335911400000000000e+07 1.305543782644000053e+08
1.012558258739999980e+08 7.630029898190000653e+07 1.238977500000000000e+07 1.801193182685000002e+08
9.676495555900001526e+07 7.983160182400000095e+07 1.279293800000000000e+07 1.516183146380999982e+08
7.873225767000000179e+07 1.301766397999999970e+08 1.366936400000000000e+07 2.330421821000000089e+07
9.924703101000000536e+07 8.099106350000000000e+07 1.269778500000000000e+07 6.727404781999999285e+07
8.348127928299999237e+07 9.069889498370000720e+07 1.468192800000000000e+07 9.811558563892999291e+07
1.021011775300000161e+08 8.293854305600000918e+07 1.320815500000000000e+07 7.270331350000000093e+05
9.314595401000000536e+07 1.216903630000000000e+08 1.194962000000000000e+07 2.592411530000000075e+07
1.126852017099999934e+08 7.588747170000000298e+07 1.114546100000000000e+07 1.295097535000000000e+08
7.121803607400000095e+07 1.076230915000000000e+08 1.674088700000000000e+07 2.460629788999999873e+06
5.212487603000000119e+07 2.276570934199999869e+08 3.653523300000000000e+07 1.574380249000000069e+06
5.723288653000000119e+07 1.903656400000000000e+08 1.696248500000000000e+07 4.568071360000000149e+07
7.000707245000001788e+07 1.078310738509999961e+08 1.739927900000000000e+07 1.033297381000000052e+06
5.414165069000000507e+07 1.507298971999999881e+08 1.908665400000000000e+07 1.702027755000000075e+07
8.955616643000000715e+07 8.967264787199999392e+07 1.445230600000000000e+07 5.441682369999999646e+05
1.034190828499999940e+08 7.943774250000000000e+07 1.238708800000000000e+07 5.968561184000000358e+07
1.170886282800000012e+08 8.515786400000000000e+07 1.138375200000000000e+07 1.783503439999999851e+07
1.199670709539999962e+08 7.280121223849999905e+07 1.167235100000000000e+07 3.425837483730000257e+07
9.101512645000000298e+07 1.532118120000000000e+08 1.139161600000000000e+07 5.852089600000000000e+07
8.217739910999999940e+07 1.048442527000000030e+08 1.427426600000000000e+07 1.099688543999999948e+07
1.161970321200000048e+08 6.866344262000000477e+07 1.115218200000000000e+07 1.592289008100000024e+08
1.186868781099999994e+08 7.595889470000000298e+07 1.195403300000000000e+07 1.141365738000000082e+07
7.791117863999998569e+07 9.784017637000000477e+07 1.601021900000000000e+07 7.012860830000000075e+06
6.873891500000000000e+07 1.774790460000000000e+08 1.434064000000000000e+07 5.225738400000000000e+07
8.553509757400001585e+07 1.591814840000000000e+08 1.189348800000000000e+07 5.961336800000000000e+07
9.364708357799999416e+07 8.193991755810000002e+07 1.324088000000000000e+07 1.366358187360000014e+08
1.138800105400000066e+08 8.226801295000000298e+07 1.200139300000000000e+07 3.782381759999999776e+06
7.945275631199999154e+07 1.453703500000000000e+08 1.306819300000000000e+07 3.246909262999999896e+07
8.472750260999999940e+07 9.357931754299999774e+07 1.519617400000000000e+07 3.618584170000000158e+05
1.168361085300000012e+08 1.195058970000000000e+08 1.015243200000000000e+07 2.828137912099999934e+07
8.979038212900000811e+07 9.419737951000000536e+07 1.378884100000000000e+07 4.414591191100000404e+06
9.967200018299999833e+07 7.744887089100000262e+07 1.251772800000000000e+07 1.714254574242999852e+08
8.542923092000000179e+07 1.368528680000000000e+08 1.242352400000000000e+07 3.005489620000000298e+07
1.132131327148000002e+08 7.135447815425999463e+07 1.125279100000000000e+07 1.499880814639100134e+08
9.546606939000000060e+07 1.333907030000000000e+08 1.136331000000000000e+07 3.433814939999999851e+07
8.832390064000000060e+07 1.465927950000000000e+08 1.183115100000000000e+07 3.835485079999999702e+07
6.846298062800000608e+07 1.103805372600000054e+08 1.733709900000000000e+07 2.194705709300000221e+06
8.671792981999999285e+07 1.129852945000000000e+08 1.313108700000000000e+07 1.545478296600000001e+07
8.699809543000000715e+07 1.475299240000000000e+08 1.198355300000000000e+07 3.718738340000000596e+07
8.621744565000000596e+07 8.979823659999999404e+07 1.426760400000000000e+07 4.575768329999999702e+07
1.209907982549999952e+08 7.087157893999999762e+07 1.132390000000000000e+07 6.211456801099999994e+07
7.201280067199999094e+07 1.022789885476599932e+08 1.672277600000000000e+07 3.841749196887999773e+07
6.411192280999998748e+07 1.254863748499999940e+08 1.717314100000000000e+07 1.739001171000000089e+07
9.373594368000000715e+07 8.749544458200000226e+07 1.386246400000000000e+07 1.066678472999999998e+06
1.098819621400000006e+08 7.833607629999999702e+07 1.201551500000000000e+07 4.201502139999999851e+07
6.162147928365699202e+07 1.160315192771342993e+08 1.901373600000000000e+07 3.268070874548279867e+07
1.114868121500000060e+08 1.128614197999999970e+08 1.033555000000000000e+07 7.913824209999999404e+07
1.005536587800000012e+08 8.032938721999999881e+07 1.273160500000000000e+07 5.192333756000000238e+07
9.079307009700000286e+07 8.716878602920000255e+07 1.418127300000000000e+07 9.089441375919999555e+06
1.134576244699999988e+08 1.398299290000000000e+08 9.985242199999999255e+06 5.426121200000000000e+07
8.298857387000000477e+07 1.305559090999999940e+08 1.297948800000000000e+07 2.494612753000000119e+07
8.456340008710001409e+07 9.469412723000000417e+07 1.471759600000000000e+07 2.125529009459999856e+06
8.101877958399999142e+07 9.329255547010000050e+07 1.496146700000000000e+07 8.715943979099999368e+07
1.252210620460000187e+08 6.765158864000000060e+07 1.081545700000000000e+07 1.012388338120000064e+08
7.459338707199999690e+07 1.275872528199999928e+08 1.444691100000000000e+07 4.923964789000000060e+07
5.841088153999999166e+07 1.251875132530000061e+08 2.021336800000000000e+07 9.127859050000000279e+05
4.800566867000000179e+07 2.479341476999999881e+08 3.608180600000000000e+07 1.349023341000000015e+07
8.114280216899998486e+07 1.005387260699999928e+08 1.484446900000000000e+07 4.483445615000000224e+06
7.541580995999999344e+07 1.187616097000000030e+08 1.482526800000000000e+07 1.325941557000000030e+07
1.209791842440000176e+08 6.674796633860000223e+07 1.082510600000000000e+07 1.642499962807599902e+08
7.720651754000000656e+07 1.668826170000000000e+08 1.293373800000000000e+07 5.625143500000000000e+07
1.267569461710000038e+08 6.627698482000000030e+07 1.066554200000000000e+07 1.169530608990000039e+08
9.769998912000000477e+07 1.083368312000000030e+08 1.203219200000000000e+07 1.652854433500000089e+07
5.098597275000000000e+07 1.775573876999999881e+08 2.025514100000000000e+07 2.756367639999999851e+07
7.647153209000000358e+07 1.008386327049999982e+08 1.617368500000000000e+07 1.032726673999999999e+06
9.080971406000000238e+07 8.548350681999999285e+07 1.366856300000000000e+07 5.827393222999999672e+07
9.836418398999999464e+07 1.169812750799999982e+08 1.128578000000000000e+07 7.648338031999999285e+07
8.881824752999998629e+07 1.063742690999999940e+08 1.316093800000000000e+07 1.207929257399999909e+07
6.201339685300000012e+07 1.191949632999999970e+08 1.866203000000000000e+07 2.615000283600000199e+06
7.423792994799999893e+07 9.994013787000000477e+07 1.635260500000000000e+07 3.101325237700000033e+07
1.010459074099999964e+08 7.928698870000000298e+07 1.231543900000000000e+07 1.062254115000000000e+08
9.350584806999999285e+07 1.071199692999999970e+08 1.253349800000000000e+07 1.452963596000000089e+07
6.860085819300000370e+07 1.141479313400000036e+08 1.675190000000000000e+07 6.994695919000000693e+06
5.356250352899999917e+07 1.387775461899999976e+08 2.141260000000000000e+07 3.744398012999999803e+06
7.903976175000000000e+07 1.071602785000000000e+08 1.477892100000000000e+07 7.690936314000000246e+06
5.465227814999999851e+07 1.781577600000000000e+08 1.796328000000000000e+07 3.535782610000000149e+07
7.194929425000000000e+07 1.726487920000000000e+08 1.376931100000000000e+07 4.919687839999999851e+07
9.679496776000000536e+07 8.394642637000000477e+07 1.365479900000000000e+07 6.039025030000000261e+06
1.100950447430000007e+08 7.134319319749999046e+07 1.155682200000000000e+07 1.749887870036999881e+08
6.800869202999998629e+07 1.280844735999999940e+08 1.601037300000000000e+07 1.442346116999999993e+07
5.628485369600000232e+07 1.284815216400000006e+08 2.017528500000000000e+07 2.692043669999999925e+06
1.021760256030000150e+08 7.796678128900000453e+07 1.204485900000000000e+07 1.785465717860000134e+08
6.029724735999999940e+07 1.231161012999999970e+08 1.879288500000000000e+07 4.165205152999999933e+06
1.003372022339999974e+08 9.266506529999999702e+07 1.256701900000000000e+07 7.192426177999999374e+06
1.082690522789999992e+08 7.220845162740001082e+07 1.171311000000000000e+07 1.759659904411999881e+08
8.081407632000000775e+07 1.543693720000000000e+08 1.265723400000000000e+07 3.876433975000000000e+07
8.527882849000000954e+07 9.059875296400000155e+07 1.479909400000000000e+07 1.441779460799999908e+07
9.453412515500000119e+07 9.560373440000000596e+07 1.303624200000000000e+07 7.270816378999999724e+06
5.950612421999999881e+07 1.589852804000000060e+08 1.699945200000000000e+07 2.723327057000000030e+07
1.271053339800000042e+08 7.194950196999999881e+07 1.002700900000000000e+07 1.792421392299999893e+08
5.413162646999999881e+07 1.379723359000000060e+08 1.995021600000000000e+07 8.162594390000000596e+06
7.874233057199999690e+07 1.509276740000000000e+08 1.300832000000000000e+07 3.761724050000000000e+07
9.990094415999999642e+07 1.427758920000000000e+08 1.081686700000000000e+07 4.650686070000000298e+07
