1.045011991050000042e+08 7.934562930500000715e+07 1.285180700000000000e+07 1.879067536499999836e+07
1.168508395700000226e+08 8.818120379999999702e+07 1.141155600000000000e+07 8.250463700000000186e+06
9.972479042599999905e+07 8.365793629600000381e+07 1.355349900000000000e+07 2.728681766000000061e+05
8.143554186499999464e+07 9.652962117200000584e+07 1.570507400000000000e+07 3.333428290000000270e+05
7.467863043999999762e+07 1.028180873260000050e+08 1.654898600000000000e+07 8.147694150000000373e+05
9.632765726000000536e+07 8.351834493199999630e+07 1.355754600000000000e+07 1.496469485899999924e+07
6.196957110300000012e+07 1.197679720999999940e+08 1.856446000000000000e+07 3.097216646000000183e+06
9.854129907999999821e+07 8.121464288699999452e+07 1.312856200000000000e+07 3.769215934000000358e+07
1.057829283499999940e+08 8.457799972999998927e+07 1.258032100000000000e+07 3.256532629999999888e+06
1.204361154800000042e+08 1.010527045000000000e+08 1.011710400000000000e+07 6.159196688000000268e+07
7.719317135300000012e+07 1.036337735999999940e+08 1.547355400000000000e+07 4.045740555999999866e+06
8.217183618899998069e+07 9.972441179000000656e+07 1.471881100000000000e+07 4.314418786999999546e+06
1.102990722029999942e+08 7.120951445280000567e+07 1.154889900000000000e+07 1.741307417287000120e+08
1.058235167339999974e+08 7.943602899699999392e+07 1.292720600000000000e+07 8.024586709999999963e+06
1.179941436000000238e+08 7.471004842599999905e+07 1.203615300000000000e+07 1.355127271499999985e+07
1.009702822900000066e+08 1.459847680000000000e+08 1.068516300000000000e+07 5.523676900000000000e+07
5.848837402000000328e+07 1.249914285259999931e+08 2.011588300000000000e+07 1.016962111000000034e+06
1.079320946500000060e+08 7.985254810799999535e+07 1.288634000000000000e+07 3.509490310000000172e+05
1.082260566599999964e+08 8.345323176000000536e+07 1.242668000000000000e+07 3.183928049999999814e+06
1.251748510600000024e+08 7.088428529999999702e+07 1.069654700000000000e+07 9.361912859999999404e+07
9.581735923999999464e+07 8.569492504500000179e+07 1.382123300000000000e+07 4.899857119999999995e+05
8.671485441999998689e+07 1.024410627000000030e+08 1.368329400000000000e+07 8.631791191000001505e+06
1.089750169200000018e+08 1.216931510000000000e+08 1.058380000000000000e+07 2.918769930000000075e+07
4.998195474800000340e+07 1.761518441999999881e+08 2.361037400000000000e+07 1.644704017999999970e+07
1.030279824200000167e+08 8.209089357600000501e+07 1.323648400000000000e+07 3.553833440000000410e+05
9.877902451999999583e+07 1.078977942999999970e+08 1.195209300000000000e+07 1.642101759100000001e+07
1.281911079599999785e+08 7.205914573000000417e+07 1.014648400000000000e+07 1.316984395000000000e+08
1.273240257000000179e+08 6.502631417000000179e+07 1.048418100000000000e+07 1.444340108100000024e+08
6.369384578999999911e+07 1.163951704699999988e+08 1.864309700000000000e+07 1.255405513999999966e+06
9.427500445000000298e+07 1.506047450000000000e+08 1.113964300000000000e+07 5.783549700000000000e+07
1.094861487699999958e+08 1.416015520000000000e+08 1.019343400000000000e+07 5.354212200000000000e+07
1.253909746210000068e+08 6.520695799300000072e+07 1.056989300000000000e+07 1.612198532697899938e+08
8.506007735999998450e+07 9.308780417000000179e+07 1.499886800000000000e+07 6.527609270000000251e+05
1.165531326700000018e+08 7.909101003000000119e+07 1.204287000000000000e+07 2.203504620000000112e+06
8.840348042099998891e+07 9.736073140000000596e+07 1.376308500000000000e+07 5.930170683000000194e+06
5.207994313000000268e+07 2.277267970099999905e+08 3.653466800000000000e+07 1.611021594000000041e+06
6.518123259000000358e+07 1.333565709300000072e+08 1.641924900000000000e+07 2.890550201000000164e+07
7.171520984399999678e+07 1.122476709800000042e+08 1.608255600000000000e+07 6.522899663999999873e+06
6.215546346000000089e+07 1.185302742099999934e+08 1.895915800000000000e+07 1.451792457000000170e+06
9.360431309000000358e+07 8.700915163999998569e+07 1.406116300000000000e+07 4.185545370000000112e+05
1.118542647000000030e+08 7.825424604600000381e+07 1.262265700000000000e+07 3.799109079999999958e+05
5.847994901000000536e+07 1.285547799399999976e+08 1.893885600000000000e+07 6.248872748000000603e+06
6.646896414000000060e+07 1.127853616539999992e+08 1.833890000000000000e+07 6.359324319999999134e+05
8.529005053000000119e+07 1.480851900000000000e+08 1.217553900000000000e+07 3.685669053999999911e+07
1.143659082699999958e+08 1.186260300000000000e+08 1.032355000000000000e+07 2.726244007200000063e+07
9.856485950000000000e+07 8.680521215000000596e+07 1.321523200000000000e+07 2.487006030000000261e+06
1.174524436400000155e+08 8.729937120000000298e+07 1.143496100000000000e+07 7.773505599999999627e+06
7.594998169000001252e+07 1.013696495670000017e+08 1.627274000000000000e+07 9.970472029999999795e+05
5.939538809000001103e+07 1.335190832000000030e+08 1.819735800000000000e+07 1.076933480000000075e+07
8.343807785999999940e+07 9.443875295999999344e+07 1.522168900000000000e+07 6.611922180000001099e+05
4.995773187000001222e+07 2.331327167100000083e+08 3.645973300000000000e+07 4.589581611999999732e+06
5.080710065799999982e+07 1.634043413000000119e+08 2.084200900000000000e+07 1.803909926999999955e+07
1.149130785799999982e+08 8.516460379999999702e+07 1.172275100000000000e+07 5.857334500000000000e+06
1.121689319280000031e+08 7.193701682590000331e+07 1.128249200000000000e+07 1.594117119273000062e+08
8.113808776000002027e+07 1.252479110999999940e+08 1.347356200000000000e+07 2.065351966000000015e+07
8.467482684299999475e+07 9.804688210999999940e+07 1.436679500000000000e+07 4.490783815000000410e+06
4.803776317000000179e+07 2.474307121999999881e+08 3.609909400000000000e+07 1.316285974000000022e+07
1.147711808599999994e+08 1.213693630000000000e+08 1.019776300000000000e+07 3.115305430000000075e+07
1.097357668599999994e+08 8.922697590000000596e+07 1.189130400000000000e+07 7.370458899999999441e+06
6.805296240000000596e+07 1.410790985000000000e+08 1.541326000000000000e+07 2.283279505000000075e+07
7.407591348999997973e+07 1.347802455000000000e+08 1.426517900000000000e+07 5.546282982999999821e+07
5.419539922999999672e+07 1.385313824000000060e+08 1.985480400000000000e+07 8.606468740000000224e+06
1.293973403700000048e+08 6.629097129999999702e+07 1.021150900000000000e+07 1.513954465000000000e+08
5.204629300000000000e+07 1.454935624199999869e+08 2.159432000000000000e+07 6.531346419999999925e+06
1.042184086800000072e+08 1.313772950000000000e+08 1.074461100000000000e+07 3.264726139000000060e+07
9.110697640999999642e+07 1.338883390000000000e+08 1.183050100000000000e+07 3.034522469000000134e+07
1.260701342699999958e+08 7.287392629999999702e+07 1.006574200000000000e+07 1.759217897500000000e+08
5.639747550999999791e+07 1.890081640000000000e+08 1.722068400000000000e+07 4.368444420000000298e+07
1.183925214780000001e+08 1.147835200000000000e+08 1.019426500000000000e+07 2.564615233199999854e+07
1.201935768900000006e+08 7.238791795999999344e+07 1.138324800000000000e+07 5.318081111999999732e+07
9.208469587000000477e+07 8.611017231000000238e+07 1.383467100000000000e+07 2.046423941000000015e+07
1.247362701099999994e+08 6.909959059999999404e+07 1.076754100000000000e+07 9.811558353000000119e+07
1.170267931800000072e+08 9.925176959999999404e+07 1.083913100000000000e+07 1.549331709999999963e+07
5.793807147700000554e+07 1.223753064340000004e+08 1.994060300000000000e+07 3.292962197810000181e+07
7.872413707999999821e+07 1.114498239000000060e+08 1.456279900000000000e+07 1.048442527899999917e+07
4.768728425000000000e+07 2.606593375999999940e+08 3.552590000000000000e+07 2.242118089999999851e+07
1.195211900300000161e+08 7.323686098700000346e+07 1.177524200000000000e+07 2.823619583709999919e+07
7.269386789000000060e+07 1.052664515129999965e+08 1.673611600000000000e+07 1.291422861000000034e+06
1.138668721009999961e+08 6.957877120930001140e+07 1.128747200000000000e+07 1.703385980239999890e+08
7.940912777000001073e+07 9.877053256999999285e+07 1.547524300000000000e+07 1.914299773000000045e+06
1.146536286475999951e+08 7.657468707548999786e+07 1.243433100000000000e+07 2.642573082770000212e+06
8.662622127000002563e+07 9.362643087000000477e+07 1.441776800000000000e+07 2.316928720000000205e+06
1.187201804389999956e+08 9.260377196999999881e+07 1.065450600000000000e+07 4.316410439800000191e+07
8.073307878999999166e+07 1.632060320000000000e+08 1.246314300000000000e+07 5.390137800000000000e+07
7.031070812409998477e+07 1.079174844810000062e+08 1.743680300000000000e+07 6.905947179999999935e+05
9.796366289399999380e+07 9.938567759999999404e+07 1.243526700000000000e+07 1.075778239699999988e+07
9.231016079490000010e+07 9.142251020999999344e+07 1.365250000000000000e+07 3.403672966440000106e+06
1.179867497399999946e+08 7.096321736499999464e+07 1.137639900000000000e+07 7.947215695299999416e+07
1.062111584399999976e+08 7.870211740000000596e+07 1.259905000000000000e+07 2.431182744000000134e+07
1.003860397399999946e+08 1.206041727000000030e+08 1.104340400000000000e+07 7.005442779999999702e+07
1.094094954150000066e+08 9.851131920000000298e+07 1.142562500000000000e+07 1.340667903199999966e+07
8.792324755299998820e+07 8.661705214779999852e+07 1.408011600000000000e+07 1.193356018911000043e+08
1.003805454300000072e+08 1.239852360000000000e+08 1.121632100000000000e+07 2.709945996999999881e+07
5.412497685999999940e+07 1.687999645000000000e+08 1.839426000000000000e+07 2.878215439999999851e+07
8.966028778000000119e+07 8.954785631299999356e+07 1.446443400000000000e+07 5.145675879999999888e+05
9.986836334000000358e+07 7.777799675000000000e+07 1.242706200000000000e+07 1.693830737820999920e+08
7.477701368900001049e+07 9.979169800549000502e+07 1.629634000000000000e+07 1.980787991592999920e+07
5.280584256000000238e+07 1.671866535000000000e+08 1.919574800000000000e+07 2.562527050000000000e+07
1.213972200000000000e+08 6.961393912500000000e+07 1.117897800000000000e+07 8.118657080400000513e+07
6.534813764000000805e+07 1.703392460000000000e+08 1.517614600000000000e+07 3.939719470000000298e+07
1.195186199599999934e+08 6.878053990000000596e+07 1.079727000000000000e+07 1.561748729600000083e+08
1.125619339699999988e+08 7.393952059999999404e+07 1.161869000000000000e+07 8.099227653000000119e+07
1.037984105649999976e+08 7.838144141599999368e+07 1.264735600000000000e+07 4.317632870300000161e+07
1.019183172129999995e+08 9.325643029999999702e+07 1.237379000000000000e+07 7.915351356300000101e+06
8.615664451000000536e+07 1.313239370000000000e+08 1.249417700000000000e+07 2.691772598000000045e+07
1.286839072900000215e+08 6.737108529999999702e+07 1.022917600000000000e+07 1.442892245999999940e+08
5.513733550000000000e+07 1.321121338599999994e+08 2.010890300000000000e+07 4.745532822999999858e+06
8.887438192000000179e+07 1.499413460000000000e+08 1.163219200000000000e+07 5.418855500000000000e+07
8.485046758000001311e+07 1.599278250000000000e+08 1.196701100000000000e+07 5.950515900000000000e+07
9.650381898999999464e+07 1.366719840000000000e+08 1.125130000000000000e+07 3.373454621000000089e+07
9.338531243899999559e+07 8.297008614500001073e+07 1.314647600000000000e+07 1.357309466351999938e+08
1.277692003100000173e+08 6.598874757999999821e+07 1.045700600000000000e+07 1.329347869800000042e+08
5.414910287099999934e+07 1.363468530300000012e+08 2.110859300000000000e+07 3.538322197000000160e+06
1.187419668170000017e+08 6.814469517319999635e+07 1.089186500000000000e+07 1.689833425543000102e+08
6.793986867499998212e+07 1.114734329500000030e+08 1.732697000000000000e+07 2.787831870000000112e+06
1.153252578199999928e+08 7.369988657000000775e+07 1.083097100000000000e+07 1.813304888899999857e+08
6.845726752210000157e+07 1.064559201521700025e+08 1.745652500000000000e+07 3.468622901145000011e+07
