6.037645856000000238e+07 1.216287844960000068e+08 1.961738800000000000e+07 1.002948790000000037e+06
1.120165711700000018e+08 8.502394850000000000e+07 1.196225400000000000e+07 5.180089049999999814e+06
1.186123578200000226e+08 1.144267130000000000e+08 1.019492500000000000e+07 2.549582338200000301e+07
1.163329112800000012e+08 7.666714287500000000e+07 1.234174300000000000e+07 3.519539000000000233e+05
8.601901992000000179e+07 1.554177160000000000e+08 1.195341100000000000e+07 4.371081360000000149e+07
8.946112978999999166e+07 8.967428713899999857e+07 1.446308700000000000e+07 5.825534810000000289e+05
1.018102405000000000e+08 8.280286641999998689e+07 1.325078900000000000e+07 6.573633689999999478e+05
1.019144502698000073e+08 9.398937937500000000e+07 1.214019000000000000e+07 2.309143089869999886e+07
9.391713268000000715e+07 8.682314836400000751e+07 1.398680800000000000e+07 5.252348490000000456e+05
9.900585729999999702e+07 8.672451178999999166e+07 1.316269900000000000e+07 2.640961720000000205e+06
9.251916510999999940e+07 9.605257040000000596e+07 1.327786700000000000e+07 6.577854213999999687e+06
9.594503471999999881e+07 1.493305930000000000e+08 1.101929700000000000e+07 5.743345900000000000e+07
1.167088908199999928e+08 7.651680170000000298e+07 1.179906300000000000e+07 2.392168339999999851e+07
1.158983609819999933e+08 1.031593857000000030e+08 1.073817600000000000e+07 1.786956840399999917e+07
8.905442353099998832e+07 8.612149920870000124e+07 1.375727500000000000e+07 1.210781470021000057e+08
1.147989601400000006e+08 1.109897840000000000e+08 1.052146200000000000e+07 2.261703587799999863e+07
6.443344572999999672e+07 1.152626738159999996e+08 1.862560400000000000e+07 9.928814470000000438e+05
6.768002447999998927e+07 1.108809973850000054e+08 1.791749000000000000e+07 8.789439259999999776e+05
5.201394065000000596e+07 2.278307337100000083e+08 3.653383900000000000e+07 1.665633540999999968e+06
6.316824706000000238e+07 1.844909470000000000e+08 1.549274300000000000e+07 4.916576250000000000e+07
1.176958329179999977e+08 7.455374044900000095e+07 1.204974500000000000e+07 1.478794440899999999e+07
7.480788329999999702e+07 1.198406139000000060e+08 1.489540900000000000e+07 1.358550039000000060e+07
1.158430633299999982e+08 8.853299470000000298e+07 1.144431400000000000e+07 8.434367099999999627e+06
7.832913000000000000e+07 1.663183570000000000e+08 1.277555300000000000e+07 5.717035300000000000e+07
1.066262758599999994e+08 8.545783039999999106e+07 1.242427000000000000e+07 4.120502459999999963e+06
9.956422803000000119e+07 1.430127470000000000e+08 1.084250800000000000e+07 4.612929229999999702e+07
9.971345787100000679e+07 8.363785452400000393e+07 1.354075900000000000e+07 3.018901600999999791e+05
6.112952010000000149e+07 1.675283180000000000e+08 1.628876100000000000e+07 3.412665395000000298e+07
1.146391767300000042e+08 8.160441926999999583e+07 1.198740400000000000e+07 3.516559600000000093e+06
1.157732620600000024e+08 1.191900060000000000e+08 1.021661600000000000e+07 2.809593262999999896e+07
1.099655418400000036e+08 7.304696479999999702e+07 1.172890300000000000e+07 1.097806652020000070e+08
8.503212829999999702e+07 9.310512217000000179e+07 1.500392100000000000e+07 6.527609270000000251e+05
1.057514501599999964e+08 7.989684279999999702e+07 1.270408000000000000e+07 1.554596607000000030e+07
4.989238815999999642e+07 2.334024310099999905e+08 3.645528400000000000e+07 4.740886059999999590e+06
1.238396337750000060e+08 6.980944876500000060e+07 1.114504100000000000e+07 7.018323456599999964e+07
7.270371990099999309e+07 1.016614769800000042e+08 1.667425800000000000e+07 2.568659645600000024e+07
1.043105851037999988e+08 9.090087100000000000e+07 1.228812900000000000e+07 6.949325794139999896e+06
5.848054489999999851e+07 1.251204773850000054e+08 2.021335900000000000e+07 8.789439259999999776e+05
6.191339078000000119e+07 1.820523840000000000e+08 1.581063700000000000e+07 4.378563410000000149e+07
5.625972864500000328e+07 1.285418908900000006e+08 2.017429700000000000e+07 2.725972279999999795e+06
9.503470548000000417e+07 1.011704875999999940e+08 1.266025500000000000e+07 1.097819811600000039e+07
5.051598220000000298e+07 1.715452125999999940e+08 2.079086900000000000e+07 2.312215889999999851e+07
1.273661560770000070e+08 6.624655010899999738e+07 1.065414000000000000e+07 1.155016210489999950e+08
7.787939223999999464e+07 1.122086334000000060e+08 1.469191800000000000e+07 1.040180453199999966e+07
9.934250709000000358e+07 1.223402535999999940e+08 1.105036800000000000e+07 9.446867815000000596e+07
8.123904100000000000e+07 9.632169348100000620e+07 1.553718300000000000e+07 6.905947179999999935e+05
9.228251515000000596e+07 1.425495200000000000e+08 1.151731500000000000e+07 3.646141121999999881e+07
8.688862377629999816e+07 9.296304676000000536e+07 1.441886900000000000e+07 2.150258104890000075e+06
1.106586232800000012e+08 8.945391890000000596e+07 1.180518500000000000e+07 7.681996700000000186e+06
1.079176765400000066e+08 7.985565263999998569e+07 1.287211600000000000e+07 4.185545370000000112e+05
8.277860298000000417e+07 9.212522768000000715e+07 1.502794600000000000e+07 2.536600216200000048e+07
1.057493579900000244e+08 1.272553940000000000e+08 1.071024000000000000e+07 3.050824788000000268e+07
1.149411398630000204e+08 9.347935059999999404e+07 1.124933000000000000e+07 1.134570572780000046e+07
8.327532882999999821e+07 1.101992762000000030e+08 1.379464000000000000e+07 1.299429785999999940e+07
6.674504371999999136e+07 1.120274607999999970e+08 1.782138200000000000e+07 1.751456387000000104e+06
9.019676934000000358e+07 9.700533851999999583e+07 1.346213500000000000e+07 1.032017278999999911e+07
9.566804793000000715e+07 8.635037406400001049e+07 1.367853300000000000e+07 1.104564677999999840e+06
9.548830560600000620e+07 8.068063180210000277e+07 1.303817200000000000e+07 1.182117341304000020e+08
1.047548453599999994e+08 1.081006069000000060e+08 1.138978200000000000e+07 1.837852760900000110e+07
7.319700946999999881e+07 1.144138439000000060e+08 1.556670000000000000e+07 8.973782355999998748e+06
6.595466254830000550e+07 1.171039825100000054e+08 1.734503800000000000e+07 5.216732164000000805e+06
9.752145737999999523e+07 1.249596420000000000e+08 1.144410300000000000e+07 2.685218025000000000e+07
1.166239360499999970e+08 7.907497050000000000e+07 1.204068800000000000e+07 2.181818140000000130e+06
6.909818246999999881e+07 1.770022420000000000e+08 1.427195900000000000e+07 5.229532000000000000e+07
1.195058860199999958e+08 1.101013392000000030e+08 9.889146599999999627e+06 8.542985782999999821e+07
1.218877082399999946e+08 6.788331029999999702e+07 1.066367500000000000e+07 1.534406505600000024e+08
1.084528073100000173e+08 1.420264990000000000e+08 1.024542200000000000e+07 5.501214200000000000e+07
5.504061014000000060e+07 1.350143209199999869e+08 1.979833800000000000e+07 6.853746690999999642e+06
1.106925420000000000e+08 7.882949877600000799e+07 1.265511700000000000e+07 5.320889520000000484e+05
8.560432568999999762e+07 1.158663237000000030e+08 1.316393700000000000e+07 1.679544500200000033e+07
5.726693351600000262e+07 1.753325230000000000e+08 1.718213700000000000e+07 3.716402470000000298e+07
6.104395603999999911e+07 1.169419513700000048e+08 1.916644900000000000e+07 3.262477123000000045e+07
1.039619861300000399e+08 9.771388479999999702e+07 1.193963400000000000e+07 1.134063246900000051e+07
8.367794343999999762e+07 1.431970560000000000e+08 1.248468300000000000e+07 3.371664417999999970e+07
9.759371367000000179e+07 8.885731754000000656e+07 1.315300300000000000e+07 3.629510379999999888e+06
1.167945006190000027e+08 6.835036911549000442e+07 1.109209200000000000e+07 1.660745483679299951e+08
7.196367723999999464e+07 1.733487990000000000e+08 1.375587900000000000e+07 5.396609600000000000e+07
5.391727852000000328e+07 1.394189900000000000e+08 1.994782600000000000e+07 8.968592310000000522e+06
7.509463962469999492e+07 1.026848928700000048e+08 1.618069500000000000e+07 1.963121077999999980e+06
5.381053764999999851e+07 1.677735263000000119e+08 1.856329400000000000e+07 2.781074589999999851e+07
1.219271952300000042e+08 7.144164850000000000e+07 1.058208400000000000e+07 1.307058967000000030e+08
1.133311361099999994e+08 1.290663520000000000e+08 1.006852400000000000e+07 4.676187200000000000e+07
6.708816722999999672e+07 1.795757990000000000e+08 1.466448900000000000e+07 5.132274829999999702e+07
1.200229231800000072e+08 7.241600990000000596e+07 1.065347000000000000e+07 1.359334680000000000e+08
1.259577997199999988e+08 7.072039664999999106e+07 1.015574200000000000e+07 1.682662196599999964e+08
1.063144743199999928e+08 7.867374779999999702e+07 1.232275000000000000e+07 4.273964703000000119e+07
1.037760795600000024e+08 1.341228940000000000e+08 1.070879200000000000e+07 3.564283929999999702e+07
1.044814194500000030e+08 7.829688590000000596e+07 1.244495000000000000e+07 5.087412307999999821e+07
1.293267320100000203e+08 6.912257640000000596e+07 1.017025200000000000e+07 1.375498845000000000e+08
7.371060143999999762e+07 1.347857820999999940e+08 1.443438100000000000e+07 2.271701008999999985e+07
8.255949843000000715e+07 1.285364437000000030e+08 1.311219400000000000e+07 2.360996319000000134e+07
8.819493717100000381e+07 1.004003069000000060e+08 1.359730100000000000e+07 7.770697334999999963e+06
9.152896020000000298e+07 1.508399210000000000e+08 1.136469800000000000e+07 5.702518600000000000e+07
7.879559898999999464e+07 9.944067612999999523e+07 1.558767000000000000e+07 1.784539931000000099e+06
1.087417843920000046e+08 1.046483932000000030e+08 1.120604700000000000e+07 1.716482633100000024e+07
1.252293322399999946e+08 7.005296920000000298e+07 1.043928400000000000e+07 1.255302042000000030e+08
5.417906767800000310e+07 1.379841545000000000e+08 2.172818100000000000e+07 2.276932308900000062e+06
8.532591586799998581e+07 1.594001480000000000e+08 1.191624400000000000e+07 5.855513700000000000e+07
1.239671636061999947e+08 6.567390618862999976e+07 1.065554800000000000e+07 1.602913921776160002e+08
7.476207174000000954e+07 1.569662720000000000e+08 1.355412600000000000e+07 3.720872527000000328e+07
1.085748580279999971e+08 7.204765910969999433e+07 1.169317300000000000e+07 1.743611598569999933e+08
7.021070033600001037e+07 1.077884995359999985e+08 1.732239000000000000e+07 1.012347866999999969e+06
7.837339753100000322e+07 9.565219199300000072e+07 1.547540200000000000e+07 6.390874526979000121e+07
5.275600092000000179e+07 1.420816457599999905e+08 2.165725900000000000e+07 4.588063218999999575e+06
9.332069748000000417e+07 8.270927876000000536e+07 1.335972300000000000e+07 8.538109670600000024e+07
8.287926828000000119e+07 9.553502243999999762e+07 1.501627700000000000e+07 1.799856620000000112e+06
1.097405672600000054e+08 1.146104852000000030e+08 1.040435300000000000e+07 8.897373134000000358e+07
5.404195021199999750e+07 1.580451369000000060e+08 1.880047000000000000e+07 2.146542735000000149e+07
1.214356434700000435e+08 7.187286115999999642e+07 1.140136800000000000e+07 5.001334854999999702e+07
1.248140912099999934e+08 7.328310050000000000e+07 1.013137800000000000e+07 1.819158669699999988e+08
5.222889590999999642e+07 1.444945700800000131e+08 2.161478300000000000e+07 5.957717686000000685e+06
7.729790753000000119e+07 1.000091975339999944e+08 1.610016900000000000e+07 8.479858639999999432e+05
4.768510584000000358e+07 2.604888580000000000e+08 3.553921400000000000e+07 2.229310880000000075e+07
1.126145409200000018e+08 1.170918110000000000e+08 1.047049700000000000e+07 2.636182250000000000e+07
1.030829578480000049e+08 7.512366408750000596e+07 1.219265900000000000e+07 1.807211557218999863e+08
1.218314855300000012e+08 1.029611467999999970e+08 9.971852000000000000e+06 6.679928210000000149e+07
5.781814510000000149e+07 1.911016980000000000e+08 1.679875800000000000e+07 4.689402560000000149e+07
1.205371292700000405e+08 7.304302071999999881e+07 1.163788700000000000e+07 3.373592740999999642e+07
1.105292473499999940e+08 7.570661900000000000e+07 1.118076600000000000e+07 1.850277164099999964e+08
1.103566222199999988e+08 1.251650120000000000e+08 1.040032100000000000e+07 3.247851530000000075e+07
1.294018076200000048e+08 6.585311510000000149e+07 1.024201700000000000e+07 1.508158593000000119e+08
7.643058516000001132e+07 1.246607910000000000e+08 1.431883900000000000e+07 1.828430669999999925e+07
8.782706892000000179e+07 8.670152744589999318e+07 1.409508100000000000e+07 1.192485339435999990e+08
6.024798239599999785e+07 1.886517430000000000e+08 1.617925200000000000e+07 4.806591150000000000e+07
9.143082803000000119e+07 1.462722390000000000e+08 1.153632700000000000e+07 3.894745170000000298e+07
5.513070542000000179e+07 1.745184250000000000e+08 1.787490500000000000e+07 3.309031719999999925e+07
4.806489628000000119e+07 2.470221396999999881e+08 3.611292300000000000e+07 1.289818590000000037e+07
9.112989818700000644e+07 8.723401392870000005e+07 1.416833300000000000e+07 7.029729547299999744e+06
1.202458760330000073e+08 7.131833214900000393e+07 1.139747200000000000e+07 5.812263151699999720e+07
8.673695793760000169e+07 9.038879107548999786e+07 1.474766600000000000e+07 5.854977182770000771e+06
6.070572511200000346e+07 1.212632953100000024e+08 1.893125000000000000e+07 2.923838109999999870e+06
8.182559892379999161e+07 1.580935410000000000e+08 1.236881200000000000e+07 5.577389700000000000e+07
7.110599857400000095e+07 1.155672310999999940e+08 1.598298000000000000e+07 8.505421866000000387e+06
5.000925223399999738e+07 1.753610841999999881e+08 2.350088400000000000e+07 1.637760159999999963e+07
7.119263421999999881e+07 1.588762130000000000e+08 1.417141000000000000e+07 3.628947329999999702e+07
1.258878210289999843e+08 6.775929604000000656e+07 1.085043200000000000e+07 9.582192459489999712e+07
