9.509891684000000358e+07 8.615498852099999785e+07 1.384794000000000000e+07 6.125762820000000065e+05
1.172496732800000012e+08 8.713811700000000000e+07 1.145270000000000000e+07 7.643021799999999814e+06
1.104530298900000155e+08 7.301144852500000596e+07 1.174198900000000000e+07 1.028897668560000062e+08
9.799278940999999642e+07 8.344789475000000000e+07 1.358720800000000000e+07 4.725043933000000194e+06
1.182312857000000179e+08 9.293995864000000060e+07 1.071763200000000000e+07 3.867726704100000113e+07
8.558815353000000119e+07 1.555496670000000000e+08 1.192029300000000000e+07 5.696722800000000000e+07
1.003048800999999940e+08 1.120844630999999940e+08 1.161041100000000000e+07 2.057576371000000089e+07
1.231231735900000185e+08 7.242430059999999404e+07 1.084350500000000000e+07 8.249234959999999404e+07
7.293993789799998701e+07 1.047524572689999938e+08 1.670395600000000000e+07 1.268006927999999840e+06
1.056640520699999928e+08 1.269188130000000000e+08 1.072304900000000000e+07 3.028855605000000075e+07
8.050014800999999046e+07 9.747479098899999261e+07 1.567007100000000000e+07 5.629954600000000792e+05
1.119525805429999977e+08 7.088914027150000632e+07 1.136365000000000000e+07 1.745440667660000026e+08
9.703761075200000405e+07 9.921494420000000298e+07 1.254663300000000000e+07 1.029063050000000000e+07
1.169578433799999952e+08 9.903952779999999702e+07 1.084869600000000000e+07 1.542859909999999963e+07
1.039110189549999982e+08 9.645073040000000596e+07 1.200477500000000000e+07 1.056937946580000035e+07
1.201236129459999949e+08 7.342910514959999919e+07 1.178232300000000000e+07 2.566786493079999834e+07
1.139587572150000036e+08 6.953381500130000710e+07 1.128440800000000000e+07 1.690157387430000007e+08
1.169667474699999988e+08 8.818858879999999702e+07 1.140840800000000000e+07 8.227567900000000373e+06
5.430207558000000566e+07 1.377895823000000119e+08 1.987098700000000000e+07 8.172668709999999963e+06
7.580472701999998093e+07 1.151364672999999970e+08 1.494121400000000000e+07 1.114954508200000040e+07
6.159465645199999958e+07 1.204172694300000072e+08 1.866786900000000000e+07 3.011383561999999918e+06
1.135653048299999982e+08 1.238380730000000000e+08 1.026260500000000000e+07 3.020829135999999940e+07
1.299282877999999970e+08 7.108025950000000000e+07 9.995450000000000000e+06 1.475292650500000119e+08
7.522568005000001192e+07 1.697769890000000000e+08 1.322555700000000000e+07 5.509353600000000000e+07
5.398067047900000215e+07 1.383999214200000167e+08 2.172180900000000000e+07 2.507073976800000295e+06
9.016038825000000000e+07 1.060226974000000060e+08 1.300732400000000000e+07 1.227252244700000063e+07
7.668571623999999464e+07 1.008864618739999980e+08 1.606649500000000000e+07 1.200689744000000181e+06
1.165374181500000060e+08 7.651111800800000131e+07 1.234281400000000000e+07 3.417003769999999786e+05
1.074669728100000024e+08 8.552137551999999583e+07 1.233797800000000000e+07 4.381805580000000075e+06
5.823099178999999166e+07 1.253662544960000068e+08 2.021342500000000000e+07 1.002948790000000037e+06
1.033793822600000054e+08 8.206449485999999940e+07 1.167586200000000000e+07 1.885420135900000036e+08
1.235430748100000024e+08 7.472485129999999702e+07 1.017670200000000000e+07 1.848618219099999964e+08
7.962260084000000358e+07 1.642577720000000000e+08 1.265269800000000000e+07 4.664412010000000149e+07
5.785481863700000197e+07 1.260124342399999946e+08 1.983963700000000000e+07 2.176555937800000422e+06
8.777825148000000417e+07 1.462105830000000000e+08 1.191974700000000000e+07 3.667740160000000149e+07
1.200443609740000069e+08 7.050404243000000715e+07 1.060211700000000000e+07 1.740353239779999852e+08
1.149223921200000048e+08 8.347383109999999404e+07 1.182595100000000000e+07 4.845186839999999851e+06
6.790228301000000536e+07 1.072876120965999961e+08 1.748061100000000000e+07 4.325040562205000222e+07
8.366199391699998081e+07 1.008947659000000060e+08 1.432318100000000000e+07 6.014450658000000753e+06
1.060441556299999952e+08 8.001561134000000358e+07 1.302208600000000000e+07 2.419586047999999952e+06
9.361817487500000000e+07 1.032013932000000030e+08 1.272145600000000000e+07 1.176347784699999914e+07
8.139030165000000596e+07 1.449536410000000000e+08 1.277134900000000000e+07 3.374998999000000209e+07
6.264648546000000089e+07 1.443988040000000000e+08 1.665270900000000000e+07 2.083764435000000149e+07
1.184374594500000030e+08 1.070279299000000060e+08 1.000160100000000000e+07 8.056027759999999404e+07
1.243535693669999838e+08 6.554051997423000634e+07 1.063404100000000000e+07 1.598596577485420108e+08
8.978994939000000060e+07 1.321737842000000030e+08 1.181280300000000000e+07 9.351072000000000000e+07
1.178725897100000232e+08 7.458546442700000107e+07 1.204196800000000000e+07 1.426045250909999944e+07
8.280901483699998260e+07 1.526065780000000000e+08 1.241466000000000000e+07 3.856654639000000060e+07
8.059817566299998760e+07 1.001074372399999946e+08 1.500471500000000000e+07 3.818898015000000130e+06
1.240409134000000060e+08 6.975229990000000596e+07 1.078541800000000000e+07 9.639901890000000596e+07
5.996119237399999797e+07 1.226066276599999964e+08 1.918162000000000000e+07 2.518498869200000074e+06
9.478312959000000358e+07 1.234574150000000000e+08 1.175700500000000000e+07 2.505831750000000000e+07
8.925958852000001073e+07 9.013916207400000095e+07 1.436792800000000000e+07 9.057378429999999935e+05
1.107663464099999964e+08 7.926814936300000548e+07 1.257615200000000000e+07 9.205162989999999991e+05
1.176228709599999934e+08 1.143263160000000000e+08 1.024113600000000000e+07 2.526554096599999815e+07
1.012112941599999964e+08 8.337793160999999940e+07 1.324327700000000000e+07 9.472656779999999562e+05
8.491774332000000775e+07 1.316863544000000060e+08 1.247453900000000000e+07 8.428633889000000060e+07
1.036486859919999987e+08 9.334484129999999702e+07 1.220587400000000000e+07 8.386061266900000162e+06
9.355430062000000477e+07 1.049755785999999940e+08 1.263928400000000000e+07 1.289747850899999961e+07
1.155672927600000054e+08 7.668808384000000358e+07 1.068913600000000000e+07 1.880132689199999869e+08
1.284310555370000005e+08 6.593665077000000328e+07 1.058445500000000000e+07 1.195880412660000026e+08
8.466790067800000310e+07 1.597381030000000000e+08 1.200393600000000000e+07 5.297110000000000000e+07
9.592027946999999881e+07 1.393588690000000000e+08 1.125318100000000000e+07 3.539081151000000536e+07
1.092191503900000006e+08 1.418171450000000000e+08 1.020380400000000000e+07 5.491932200000000000e+07
1.000766333599999994e+08 1.466428580000000000e+08 1.074008000000000000e+07 5.668553100000000000e+07
9.145743027500000596e+07 8.366098450360000134e+07 1.355453900000000000e+07 1.263006810165999979e+08
6.587472615999998897e+07 1.354942672400000095e+08 1.613432600000000000e+07 3.332041937000000104e+07
7.553140579999999702e+07 1.660580110000000000e+08 1.320100000000000000e+07 5.353744800000000000e+07
1.207108856200000048e+08 9.842879234999999404e+07 1.021791700000000000e+07 5.707364507999999821e+07
7.081510473000001907e+07 1.746813790000000000e+08 1.395610200000000000e+07 5.350579010000000149e+07
8.933354828999999166e+07 1.372041380000000000e+08 1.193928400000000000e+07 3.173839604000000283e+07
5.450317110000000149e+07 1.768781280000000000e+08 1.804621400000000000e+07 3.440437360000000149e+07
7.329638911000001431e+07 1.562285510000000000e+08 1.383488900000000000e+07 3.590256396999999881e+07
7.096450013400000334e+07 1.090984384200000018e+08 1.661275500000000000e+07 3.489540867000000086e+06
1.009207958299999982e+08 1.147556772000000030e+08 1.142780100000000000e+07 2.452972600000000000e+07
1.136168518799999952e+08 7.488543690000000596e+07 1.127109500000000000e+07 1.042620415999999940e+08
8.016277734999999404e+07 1.232861392000000030e+08 1.371613400000000000e+07 1.893976183999999985e+07
1.169064809200000018e+08 7.902380779999999702e+07 1.203061800000000000e+07 2.145282540000000037e+06
9.392706045000000298e+07 8.689837911300000548e+07 1.397132000000000000e+07 5.389020330000000540e+05
5.015551764500000328e+07 1.781643715999999940e+08 2.204091200000000000e+07 2.280554300000000000e+07
6.126971875999999791e+07 1.340080367999999970e+08 1.755254200000000000e+07 1.297442876999999955e+07
1.106173518499999940e+08 7.794919185999999940e+07 1.112695200000000000e+07 1.588885588199999928e+08
1.041718030429999977e+08 7.893497438099999726e+07 1.273786600000000000e+07 2.931154278299999982e+07
1.016958360900000036e+08 9.121780295999999344e+07 1.243476900000000000e+07 1.209190974000000022e+07
8.491400174999998510e+07 1.045387002999999970e+08 1.385625400000000000e+07 9.085975960000000894e+06
1.131778815119999945e+08 9.225821340000000596e+07 1.144051300000000000e+07 1.023040668710000068e+07
1.004222495000000000e+08 8.082964059999999404e+07 1.259609600000000000e+07 6.375866071999999881e+07
7.094380144499999285e+07 1.036775297609000057e+08 1.682635000000000000e+07 4.846754750333999842e+07
1.231290249449999928e+08 6.929932764399999380e+07 1.111569300000000000e+07 7.775686567499999702e+07
7.930679407999999821e+07 9.864225420999999344e+07 1.552236800000000000e+07 1.813046756000000052e+06
7.435861799300000072e+07 1.048069474399999976e+08 1.611585000000000000e+07 2.838399440700000152e+06
9.778187023000000417e+07 1.361476240000000000e+08 1.115377700000000000e+07 3.379374663000000268e+07
5.576070475999999791e+07 1.857306590000000000e+08 1.745150800000000000e+07 4.085089400000000000e+07
1.209164187500000000e+08 7.239687759999999404e+07 1.135510400000000000e+07 5.205715827000000328e+07
9.973053401999999583e+07 1.207373192999999970e+08 1.104651400000000000e+07 9.300182764000000060e+07
8.775080291000001132e+07 9.159868425000000000e+07 1.444447500000000000e+07 1.371872361999999965e+06
1.031691350973999947e+08 7.594633034142999351e+07 1.221878600000000000e+07 1.258844555170519948e+08
1.092576429899999946e+08 1.039003557000000030e+08 1.119703300000000000e+07 1.680869131700000167e+07
5.160854421999999881e+07 1.483523919000000060e+08 2.153364900000000000e+07 8.200143489999999292e+06
7.352495081800000370e+07 1.012784846200000048e+08 1.660398500000000000e+07 1.562494504199999943e+07
6.230777358299999684e+07 1.187556545300000012e+08 1.870320500000000000e+07 2.094261240800000029e+06
7.280278285199998319e+07 1.160320177800000012e+08 1.549664000000000000e+07 1.450086669999999925e+07
1.103207567999999970e+08 8.742478120000000298e+07 1.194830600000000000e+07 6.414329429999999702e+06
5.222836179999999702e+07 2.275010135200000107e+08 3.653638700000000000e+07 1.492791111000000034e+06
1.293041765499999970e+08 6.584732029999999702e+07 1.024599000000000000e+07 1.508356546999999881e+08
9.088314932999999821e+07 1.533518900000000000e+08 1.140237900000000000e+07 5.856305400000000000e+07
8.484797776000000536e+07 9.354339102400000393e+07 1.490438200000000000e+07 9.862982630000000354e+05
9.428059576100000739e+07 9.327258420000000298e+07 1.322852900000000000e+07 5.513532114699999802e+06
1.266352980700000226e+08 7.157829023000000417e+07 1.006974700000000000e+07 1.784584755099999905e+08
4.784461343999999762e+07 2.509766193000000119e+08 3.597175200000000000e+07 1.549752501999999955e+07
8.369467504000000656e+07 1.332503970000000000e+08 1.278178300000000000e+07 2.698127601000000164e+07
9.262384434373000264e+07 9.062747106000000238e+07 1.367169600000000000e+07 3.036942399199999403e+06
8.690257653000000119e+07 1.240428654000000060e+08 1.263748100000000000e+07 2.294269176000000164e+07
6.397629583000000566e+07 1.835763280000000000e+08 1.531457500000000000e+07 4.964118989999999851e+07
1.148862163299999982e+08 1.392041450000000000e+08 9.916083199999999255e+06 5.401928300000000000e+07
5.195092764299999923e+07 1.833575071999999881e+08 1.956695400000000000e+07 3.260960169999999925e+07
5.610026925900000334e+07 1.289382939899999946e+08 2.016747800000000000e+07 2.949669532999999821e+06
5.008289822999999672e+07 2.326377458000000119e+08 3.646813200000000000e+07 4.310714106999999844e+06
6.626775036400000751e+07 1.137733477000000030e+08 1.761766300000000000e+07 3.092994970000000205e+06
7.084468469699999690e+07 1.071603797360000014e+08 1.733459200000000000e+07 7.011255920000000624e+05
1.167498313400000036e+08 1.182253510000000000e+08 1.018622100000000000e+07 2.749473671299999952e+07
6.651640321750000119e+07 1.160463552199999988e+08 1.726014900000000000e+07 4.991985271999999881e+06
7.847128042000000179e+07 9.639778077199999988e+07 1.577328100000000000e+07 1.495254724100000039e+07
9.075313117000000179e+07 8.715458387199999392e+07 1.421657700000000000e+07 8.750134081000000238e+06
1.009942544510000050e+08 7.647741006299999356e+07 1.242059900000000000e+07 1.804144824785999954e+08
5.396174139000000805e+07 1.487055959000000060e+08 1.926536200000000000e+07 1.531599297000000067e+07
8.264201914000000060e+07 1.154444865999999940e+08 1.364898700000000000e+07 1.525511707000000030e+07
7.639085450999999046e+07 1.270140720000000000e+08 1.422835500000000000e+07 1.945767766000000015e+07
8.647638174300000072e+07 1.013332357999999970e+08 1.378865900000000000e+07 7.825386060999999754e+06
1.082154527699999958e+08 7.868222018999999762e+07 1.262116600000000000e+07 1.205209916000000015e+07
6.440302896000000834e+07 1.126135713700000048e+08 1.848251900000000000e+07 1.486769923000000045e+07
6.854469212300001085e+07 1.103013648299999982e+08 1.741974300000000000e+07 1.742067142999999924e+06
5.803912535000000149e+07 1.913734370000000000e+08 1.673977400000000000e+07 4.732785850000000000e+07
6.350335542000000179e+07 1.272375130000000000e+08 1.728546800000000000e+07 1.042563931999999844e+07
7.760067705999998748e+07 1.096051950000000000e+08 1.489755000000000000e+07 8.666352599000001326e+06
9.178767653000000119e+07 1.094431337000000030e+08 1.263220200000000000e+07 1.524220492699999921e+07
9.783720348299999535e+07 7.958404168500000238e+07 1.263077600000000000e+07 1.392674406430000067e+08
1.225945947060000002e+08 6.793573273699998856e+07 1.055819300000000000e+07 1.687272848790000081e+08
5.162852451299999654e+07 1.554455284000000060e+08 2.058017200000000000e+07 1.492433622000000067e+07
6.662277318999999762e+07 1.802081320000000000e+08 1.475823800000000000e+07 5.118846470000000298e+07
5.322625265500000119e+07 1.404058699500000179e+08 2.168710900000000000e+07 3.639059626000000164e+06
6.049182945999999344e+07 1.597689230000000000e+08 1.668869600000000000e+07 2.866711676000000164e+07
