9.795346798000001907e+07 8.374989917000000179e+07 1.363763700000000000e+07 3.045254717999999877e+06
8.964496474000000954e+07 8.961495321899999678e+07 1.446630000000000000e+07 4.882102029999999795e+05
1.292492047249999940e+08 6.743607668999999762e+07 1.013757500000000000e+07 1.542161445349999964e+08
1.245807506159999967e+08 6.882213087199999392e+07 1.100774300000000000e+07 8.253669702290000021e+07
1.159125063199999928e+08 7.674766469499999285e+07 1.242829400000000000e+07 2.090539982000000018e+05
1.110153893639999926e+08 1.039446974000000060e+08 1.106273600000000000e+07 1.718828008900000155e+07
1.181970447510000020e+08 7.467296140000000596e+07 1.201356200000000000e+07 1.413093852700000070e+07
1.300472097800000459e+08 7.167583850000000000e+07 9.956797300000000745e+06 1.500182216699999869e+08
1.065106511800000072e+08 8.042984542700000107e+07 1.299224200000000000e+07 3.500244960000000428e+05
8.960620877000001073e+07 1.543845360000000000e+08 1.150969900000000000e+07 5.874740200000000000e+07
1.106803548900000006e+08 7.888341153800000250e+07 1.265023300000000000e+07 5.317614960000000428e+05
1.000531122500000000e+08 1.419330700000000000e+08 1.077441400000000000e+07 5.351229800000000000e+07
6.815306410999999940e+07 1.104273207160000056e+08 1.792923300000000000e+07 6.790396279999999097e+05
6.157302060999999940e+07 1.222976152600000054e+08 1.837732500000000000e+07 4.752675416999999434e+06
1.131026774229999930e+08 6.990654299589999020e+07 1.134714500000000000e+07 1.694343823837299943e+08
1.184076660300000012e+08 1.147853360000000000e+08 1.018347600000000000e+07 2.612205542000000179e+07
1.125355111800000072e+08 8.625282900000000000e+07 1.184001700000000000e+07 6.088085399999999441e+06
1.086181340740000010e+08 8.881518559999999404e+07 1.201024000000000000e+07 6.893748745300000533e+06
1.283978475409999937e+08 6.607938295900000632e+07 1.024195000000000000e+07 1.608720065000000000e+08
1.006701827500000000e+08 8.058081520000000298e+07 1.234585100000000000e+07 9.523993800000000000e+07
1.214670738499999940e+08 7.309616270000000298e+07 1.128803600000000000e+07 5.191921879999999702e+07
1.260424935499999821e+08 6.643514703000000119e+07 1.066173200000000000e+07 1.200765128519999981e+08
7.265816112999999523e+07 1.055409358199999928e+08 1.661762300000000000e+07 1.778316183999999892e+06
5.581888428000000119e+07 1.860214450000000000e+08 1.742867400000000000e+07 4.113006170000000298e+07
1.197312064099999964e+08 6.823753328599999845e+07 1.078759000000000000e+07 1.689781557035000026e+08
8.425240563000001013e+07 1.096064185000000000e+08 1.368286400000000000e+07 1.208827160799999908e+07
8.916069556599999964e+07 9.522888254000000656e+07 1.380803200000000000e+07 4.782435268099999055e+06
1.100226350999999940e+08 1.353788180000000000e+08 1.019496500000000000e+07 5.110020629999999702e+07
9.955063572300000489e+07 8.139625791899999976e+07 1.314029500000000000e+07 2.492378647599999979e+07
1.209164955200000405e+08 6.723489288099999726e+07 1.088089800000000000e+07 1.432923743869999945e+08
6.987198903000001609e+07 1.726840770000000000e+08 1.417752000000000000e+07 4.419833289999999851e+07
1.031803312999999970e+08 8.200167464100000262e+07 1.320311200000000000e+07 4.312400030000000261e+05
1.082075074900000244e+08 8.134841591000001132e+07 1.262881000000000000e+07 1.603398072000000160e+06
1.262843496899999976e+08 7.324093819999998808e+07 1.004548900000000000e+07 1.738145443700000048e+08
8.494727215000000596e+07 9.337077496400000155e+07 1.492155200000000000e+07 8.848315910000000149e+05
1.167286142000000030e+08 7.919289348000000417e+07 1.202151000000000000e+07 2.315046500000000000e+06
9.588511095200000703e+07 9.450132929999999702e+07 1.294689200000000000e+07 6.887641285099999979e+06
7.711479225000000000e+07 1.007096115629999936e+08 1.618822400000000000e+07 6.341439470000000438e+05
5.187211003999999911e+07 2.280600541300000548e+08 3.653209800000000000e+07 1.785820137999999803e+06
8.446342232000000775e+07 1.202224552000000030e+08 1.314731100000000000e+07 1.908388930000000075e+07
1.229978002600000054e+08 6.637095961299999803e+07 1.075897900000000000e+07 1.448420171450000107e+08
1.191932072820000201e+08 7.333128100259999931e+07 1.178267600000000000e+07 2.815685896469999850e+07
1.171907212699999958e+08 7.537095992999999225e+07 1.060463300000000000e+07 1.856981868300000131e+08
1.007429309940000027e+08 9.597667359999999404e+07 1.232884200000000000e+07 9.618171970000000671e+06
8.058041101999999583e+07 9.699952494799999893e+07 1.562137100000000000e+07 6.896869080000000540e+05
5.957119253000000119e+07 1.245800357500000000e+08 1.895245200000000000e+07 4.206371731999999844e+06
8.208351603000000119e+07 9.699484004999999702e+07 1.503935700000000000e+07 2.164826309640000109e+06
9.403315448999999464e+07 8.672426583100000024e+07 1.398834900000000000e+07 5.079509160000000265e+05
1.203008193499999791e+08 9.786141554000000656e+07 1.027769200000000000e+07 5.447872610000000149e+07
9.097669643999999762e+07 8.653326303499999642e+07 1.410899100000000000e+07 1.549831461800000072e+07
6.373594160999999940e+07 1.164982153499999940e+08 1.846010800000000000e+07 1.754948830000000075e+06
5.125885214999999851e+07 1.513719525999999940e+08 2.146411900000000000e+07 9.989923439999999478e+06
8.429233506900002062e+07 1.585273980000000000e+08 1.204070400000000000e+07 5.845327200000000000e+07
1.127332317300000042e+08 7.674683898000000417e+07 1.238716300000000000e+07 1.026604886999999918e+07
6.033589542700000107e+07 1.216813416009999961e+08 1.965129600000000000e+07 9.899552449999999953e+05
1.174695089399999976e+08 8.717079950000000000e+07 1.144200500000000000e+07 7.687572099999999627e+06
1.065648689810000211e+08 7.309862944599999487e+07 1.186665100000000000e+07 1.765684339436999857e+08
1.005634574099999964e+08 1.113833717999999970e+08 1.163527100000000000e+07 1.919278764900000021e+07
5.848531161000000685e+07 1.251159494619999975e+08 2.021335600000000000e+07 8.766638410000000149e+05
9.682296914000001550e+07 1.150084452999999970e+08 1.183363200000000000e+07 2.122202726000000164e+07
1.158964139599999934e+08 8.876828990000000596e+07 1.142858600000000000e+07 8.558142900000000373e+06
4.801246881000000238e+07 2.478253285999999940e+08 3.608556600000000000e+07 1.341941371000000089e+07
7.052410963599999249e+07 1.039696335334600061e+08 1.702930600000000000e+07 3.633074356599999964e+07
9.941613384000000358e+07 8.796186752000001073e+07 1.300588900000000000e+07 3.639945259999999776e+06
7.725874867999997735e+07 1.018118594399999976e+08 1.565282200000000000e+07 2.761066366799999960e+06
8.089450095999999344e+07 1.637065760000000000e+08 1.243544700000000000e+07 5.846606900000000000e+07
5.330695517800000310e+07 1.401580479399999976e+08 2.169193200000000000e+07 3.498613342999999877e+06
1.046254513299999982e+08 1.067655547000000030e+08 1.145155600000000000e+07 1.768813310000000149e+07
6.557552279999999702e+07 1.137572882300000042e+08 1.824390600000000000e+07 1.152972693000000203e+06
7.795565085999999940e+07 1.581752530000000000e+08 1.300208000000000000e+07 4.001927729999999702e+07
9.067239154999999702e+07 9.943945184000000358e+07 1.316423100000000000e+07 1.924790985999999940e+07
6.025920125999999046e+07 1.637362020000000000e+08 1.663288100000000000e+07 3.095445741000000015e+07
9.080256001000000536e+07 1.168459362999999970e+08 1.243275200000000000e+07 1.962738446200000122e+07
9.939357284000000358e+07 1.105729359000000060e+08 1.158211600000000000e+07 3.922379450000000000e+07
9.399580182999999821e+07 1.293151312999999970e+08 1.141856100000000000e+07 9.599294470000000298e+07
9.477583154600001872e+07 8.192865349130000174e+07 1.304148000000000000e+07 1.045713696347000003e+08
7.074052484000001848e+07 1.072702695300000012e+08 1.744194500000000000e+07 5.978786180000000168e+05
1.170091504399999976e+08 6.843763532999999821e+07 1.109313400000000000e+07 1.556673558019999862e+08
5.851722122999999672e+07 1.277399944399999976e+08 1.904027800000000000e+07 5.389127782999999821e+06
7.489324297999998927e+07 1.024046938159999996e+08 1.647192200000000000e+07 9.928814470000000438e+05
7.584298229000000656e+07 1.691018850000000000e+08 1.313153700000000000e+07 5.543633300000000000e+07
1.191339377259999961e+08 7.292523782500000298e+07 1.167186400000000000e+07 3.625300900999999791e+07
1.099071467010000050e+08 7.357772848299999535e+07 1.137400500000000000e+07 1.800708056660000086e+08
9.624051181000000238e+07 1.231475794000000060e+08 1.131186000000000000e+07 9.333590848000000417e+07
1.061610607900000215e+08 8.447826854999999702e+07 1.255760700000000000e+07 3.194104680000000168e+06
1.079288495699999928e+08 8.094406150000000000e+07 1.122770700000000000e+07 1.940226141200000048e+08
8.953202239000000060e+07 1.213444564000000060e+08 1.240545600000000000e+07 2.220468387000000104e+07
9.345228414000000060e+07 1.424716470000000000e+08 1.141530800000000000e+07 3.672117302000000328e+07
9.308884762000000477e+07 1.062784494000000060e+08 1.261859300000000000e+07 1.403882118999999948e+07
7.866474315999999642e+07 9.935873271999999881e+07 1.565930900000000000e+07 1.539261888999999966e+06
6.213417720999999344e+07 1.859455420000000000e+08 1.572801100000000000e+07 4.866310220000000298e+07
1.165314296099999994e+08 1.230891470000000000e+08 1.009962200000000000e+07 3.050892985000000149e+07
9.973586737000000477e+07 1.312403390000000000e+08 1.108215500000000000e+07 3.154008796000000089e+07
1.226536407999999970e+08 7.328112029999999702e+07 1.084698300000000000e+07 8.100605559999999404e+07
6.579958322200000286e+07 1.100759118476600051e+08 1.794727000000000000e+07 3.991360394987999648e+07
1.064591895600000024e+08 1.235938830000000000e+08 1.074183000000000000e+07 2.845947344000000134e+07
7.478116368999999762e+07 1.376313895999999940e+08 1.412128200000000000e+07 2.505250803000000119e+07
1.106437962580000162e+08 7.108508558289998770e+07 1.151375200000000000e+07 1.746538066198000014e+08
9.057770476000000536e+07 1.494450410000000000e+08 1.150879600000000000e+07 4.647139539999999851e+07
5.633398220300000161e+07 1.283716691899999976e+08 2.017545300000000000e+07 2.631639386500000022e+06
9.567458970000000298e+07 1.246021302000000030e+08 1.133595600000000000e+07 9.520469198000000417e+07
1.013870306200000048e+08 8.408598660899999738e+07 1.312783700000000000e+07 1.568905083999999799e+06
1.234340874300000072e+08 7.334498964000000060e+07 1.022057700000000000e+07 1.818481124499999881e+08
9.543074973999999464e+07 8.595995565199999511e+07 1.381343400000000000e+07 6.444971629999999423e+05
4.950128882999999821e+07 2.352092561500000060e+08 3.642608800000000000e+07 5.756274587000000291e+06
8.860823721000000834e+07 1.101384262999999970e+08 1.300182200000000000e+07 1.444227815499999933e+07
7.957468685000000894e+07 1.373837030000000000e+08 1.328680200000000000e+07 2.755417610000000149e+07
1.018467267999999970e+08 8.316722566000001132e+07 1.181809400000000000e+07 1.861139876599999964e+08
1.240020107199999988e+08 6.973250659999999404e+07 1.076967000000000000e+07 9.832112209999999404e+07
9.161020370999999344e+07 1.524451810000000000e+08 1.134439100000000000e+07 5.828526900000000000e+07
5.164781301299999654e+07 1.556641085999999940e+08 2.055670100000000000e+07 1.499846868000000156e+07
5.077256875000000000e+07 1.753889498000000119e+08 2.045342300000000000e+07 2.594828560000000149e+07
9.325624540000000596e+07 1.232715519000000060e+08 1.161932700000000000e+07 8.997354668000000715e+07
9.994480310999999940e+07 1.198430805000000000e+08 1.104650900000000000e+07 9.176908081999999285e+07
5.390794397400000691e+07 1.385672851999999881e+08 2.171899300000000000e+07 2.601344483800000045e+06
1.166301489440000057e+08 1.018818147000000030e+08 1.074325400000000000e+07 1.722064207149999961e+07
9.845469870999999344e+07 7.980540079799999297e+07 1.248339000000000000e+07 1.642445601960000098e+08
6.455382785999999940e+07 1.746820590000000000e+08 1.528297000000000000e+07 4.149562439999999851e+07
8.542651653600001335e+07 1.000335285999999940e+08 1.405674400000000000e+07 6.427926378000000492e+06
1.211160154200000018e+08 1.035419332999999970e+08 9.949537300000000745e+06 7.278137840000000596e+07
1.036172823199999928e+08 9.917746900000000000e+07 1.156487100000000000e+07 4.393186400000000000e+07
1.136495844810000062e+08 9.758132709999999404e+07 1.114322300000000000e+07 1.376860812680000067e+07
9.328113204999999702e+07 8.800562325999999046e+07 1.385356500000000000e+07 1.392899381000000052e+06
5.540320028999999911e+07 1.835256110000000000e+08 1.759987400000000000e+07 3.927997939999999851e+07
7.678079609000000358e+07 1.185164960000000000e+08 1.456257000000000000e+07 1.392028008999999985e+07
1.023176511800000072e+08 1.206954720000000000e+08 1.115047800000000000e+07 2.558266894599999860e+07
8.445511235999999940e+07 1.369164760000000000e+08 1.255243200000000000e+07 2.979036841000000015e+07
7.704745251800000668e+07 9.930107693000000715e+07 1.546137000000000000e+07 8.108967479970000684e+07
8.874281504999999702e+07 9.133058115000000596e+07 1.347229600000000000e+07 1.306559999549999982e+08
