1.2105011171300004E8 8.94835304753E7 2.5248859E7 3.14760751147E7
1.1677384641000004E8 8.86421983E7 2.464377E7 7.7532287595E7
1.2465167679999998E8 8.9792105E7 2.4107976E7 5.08470993E7
1.138795172E8 1.53160168E8 2.108583E7 4.8386996E7
1.1398288386E8 9.25014174E7 2.5797692E7 3.482519205E7
1.2175202775E8 1.038346134E8 2.3501566E7 3.061234189E7
9.8048847718E7 1.0622372322759E8 3.1029614E7 6.144327352472E7
8.318531893999998E7 1.643898077E8 3.2139066E7 2.703399457E7
1.2671534767E8 7.92779472993E7 2.2815451E7 1.906530715334E8
8.356643424E7 1.494566657E8 3.3509001E7 1.713869021E7
1.3166429112E8 8.74250021E7 2.0947763E7 1.7730566862E8
1.2512077717999998E8 8.52595636E7 2.2191742E7 1.47769515E8
1.220451647E8 1.35616911E8 2.1035639E7 4.33587509E7
1.0164260025E8 1.52307356E8 2.4331557E7 3.2858672770000003E7
1.0841313965E8 1.41324663E8 2.2782676E7 2.941104746E7
9.602859646E7 1.144820179E8 3.1152614E7 4082409.437
1.1986918640000004E8 1.182955878E8 2.2885893E7 1.72248352E7
1.0932637499E8 1.2847647097E8 2.2825886E7 7.846487563E7
1.0375899104E8 1.39851186E8 2.4334842E7 2.636142295E7
1.01636609867E8 1.1105357577E8 2.8521113E7 5546240.923
1.3164441832999998E8 8.383405755E7 2.1087756E7 1.965347991E8
1.22790266958E8 8.279409058800001E7 2.2881859E7 1.778266011635E8
9.4015976137E7 1.1130834046702E8 3.2774552E7 5.036095833139E7
1.2282551871E8 1.201224086E8 2.0982308E7 8.723748757E7
1.18162763673E8 8.8043723462E7 2.3469998E7 1.53861557236E8
1.1404792964E8 1.1221841446E8 2.3442537E7 3.580037172E7
8.144377598E7 1.3871873567E8 4.1590599E7 1.9736336973E7
1.01165502896E8 1.0830960514E8 2.9482774E7 2876093.8518
1.0381329414400002E8 1.095733374E8 2.7692153E7 5950980.939
9.457013858E7 1.116442464256E8 3.1880901E7 6.93322062344E7
7.520146233000001E7 1.752865018E8 4.3820496E7 1.82702019E7
9.887394948E7 1.311980089E8 2.7044838E7 1.7440714700000003E7
1.190250687E8 1.42770261E8 2.1029818E7 3.95363221E7
1.0414334025E8 1.64104357E8 2.2991297E7 4.33765599E7
1.0414047522E8 1.14772489E8 2.6725762E7 9662822.568
1.0374131358E8 1.186927986E8 2.6361357E7 1.2170143491E7
1.1415320638800004E8 1.188739399E8 2.3383984E7 1.6727029932E7
1.0795300559E8 1.151358158E8 2.5112248E7 1.2355940207E7
1.0122653988E8 1.3718496456E8 2.5184481E7 7.058355219E7
8.546714078999999E7 1.3102835638E8 3.5346698E7 5341541.647
1.208768692E8 9.82821206E7 2.4632433E7 1.63008365E7
1.16982294765E8 9.131512417E7 2.5595785E7 2.7963195181E7
1.0810730151E8 1.37442364E8 2.3070049E7 2.746289895E7
8.1435779445E7 1.659222777E8 3.3512885E7 2.671409866E7
9.89242952E7 1.282847825E8 2.7345749E7 1.546467839E7
8.33845219E7 1.537119292E8 3.3109421E7 1.990996134E7
8.959534924999999E7 1.499909936E8 2.9688353E7 2.29681367E7
1.0611033163E8 1.36571556E8 2.3727874E7 2.579987547E7
1.0617334292000002E8 9.817453062E7 2.8496225E7 2.2329375042E7
9.530814342E7 1.242149261E8 2.9719656E7 9749271.144
1.09369644384E8 1.101759812E8 2.5312863E7 9521182.557
9.058902359E7 1.444183585E8 2.9727266E7 1.980310988E7
1.2211062273999998E8 9.038113721E7 2.2004222E7 1.8668915785E8
1.1234085057000002E8 9.433426977E7 2.6530116E7 1.818985929E7
7.507041151E7 1.780169789E8 4.3267012E7 2.02743055E7
8.753611739999999E7 1.67530639E8 2.9395438E7 3.250973565E7
1.1495409365E8 9.4145583873E7 2.7047786E7 354458.771
1.12135603473E8 9.08403011478E7 2.618903E7 1.164497718911E8
9.921748791E7 1.53641672E8 2.5062057E7 3.4642338E7
1.3177125768E8 9.00013218E7 2.1099169E7 1.5473221303E8
1.210372674E8 1.1100305586E8 2.2166291E7 5.998515249E7
1.1025660845E8 1.36471295E8 2.262242E7 2.791048269E7
1.1675266115999998E8 1.047661969E8 2.463484E7 7833387.0
1.251294917E8 9.033400785E7 2.3470144E7 6.742945821E7
1.2274186778E8 9.01976617E7 2.3879114E7 6.00442882E7
8.5365873215E7 1.25558887911E8 3.7785401E7 3.05921679852E7
1.2707455250000004E8 8.911894202E7 2.2167448E7 1.164871296E8
1.2439714279E8 8.347155999E7 2.2749501E7 1.3605525142E8
7.536935923200001E7 2.05723016E8 3.9697765E7 4.0019054900000006E7
7.454800788E7 1.93344429E8 4.2125747E7 3.03410871E7
1.1874231726E8 9.87186465E7 2.5283989E7 4044187.35
1.1219537414499998E8 9.2810219795E7 2.5237151E7 1.16120051345E8
9.1578971384E7 1.2050763852E8 3.3064321E7 3128505.8379999995
1.137599085E8 1.38812548E8 2.1700972E7 3.80856029E7
1.02589774655E8 1.04277328481E8 2.8213909E7 9.4996996265E7
1.1664984415E8 8.710063984E7 2.5038182E7 1.0607758823E8
1.1694712061000004E8 9.3722816748E7 2.6516856E7 410535.387
1.179151533E8 1.202147403E8 2.1580391E7 7.706351252E7
1.20399468178E8 8.7768835332E7 2.464512E7 5.8775835952E7
1.1055380491E8 9.7095742459E7 2.7681697E7 637557.3
1.2648479497E8 8.37587058E7 2.2122139E7 1.520569605E8
1.2706182108E8 8.98796982E7 2.1092726E7 2.1313835227E8
1.10000484248E8 1.055563593E8 2.5795415E7 6619505.1116
1.1867257122000004E8 1.1580174009E8 2.1869427E7 7.014009753999999E7
1.1134188542380002E8 1.026745941E8 2.5919765E7 4928064.036326
8.091957408E7 1.94602547E8 3.2476788E7 4.5036265E7
1.1695723254E8 1.39193512E8 2.156413E7 3.032698274E7
1.2826722831E8 8.818091714E7 2.166411E7 1.4130266552E8
9.9467269634E7 1.1010124525E8 3.0124327E7 2708549.7509
8.14634687E7 1.4002110479E8 3.8859675E7 6079341.432
1.1429192946E8 1.070735778E8 2.4658898E7 8918273.2
1.29908819759E8 8.0437428008E7 2.2363883E7 1.46502481991E8
7.729570497E7 1.565531572E8 4.5090371E7 6622667.32
9.823116427E7 1.323873763E8 2.7195822E7 1.791696368E7
1.248788224E8 1.182631835E8 2.1028502E7 8.338262403999999E7
1.2202153661000004E8 9.012071357E7 2.3502224E7 7.6417386798E7
1.21182475674E8 8.36337225933E7 2.3377687E7 1.508093247612E8
8.94648184915E7 1.1859472318771E8 3.5415771E7 1.474101948834E7
1.214220865E8 1.20916502E8 2.2284978E7 2.73678552E7
8.979686371E7 1.2119224528E8 3.4758984E7 1553540.731
8.804237364000002E7 1.336633598E8 3.2724995E7 9849977.119
1.1663682079999998E8 1.46649387E8 2.1063044E7 4.20142099E7
1.1178441486500002E8 1.16419114E8 2.402111E7 1.449188153E7
8.050628945E7 1.648226998E8 3.4692533E7 2.448754938E7
8.758452270900002E7 1.2442639944E8 3.5563162E7 2320271.6067
1.0573364791E8 1.0349314287E8 2.8015965E7 2850441.908
1.2496968955E8 9.11852731E7 2.1371033E7 1.9199662778E8
1.0806630924400002E8 1.0250160671E8 2.7030227E7 3605272.2109
1.190880136E8 1.12725252E8 2.3495078E7 1.33143952E7
1.2789578207E8 8.3698726E7 2.2281304E7 1.344819191E8
1.2480727390000002E8 9.123428061E7 2.4065015E7 4.726490722E7
1.1694998721600004E8 1.06040999537E8 2.366368E7 3.2455022208E7
1.208462852E8 1.28684628E8 2.1665786E7 3.29929825E7
1.2286238797E8 9.10263804E7 2.4699023E7 3.364806608E7
1.1157402901E8 1.54832261E8 2.152567E7 4.13196347E7
9.916711543000002E7 1.367512166E8 2.6412934E7 2.110361201E7
7.912363547E7 1.9704886E8 3.4323456E7 4.31138665E7
1.11694308644E8 1.105100135E8 2.4700345E7 1.0565988881E7
7.699650634E7 2.01784826E8 3.7085531E7 4.15365624E7
1.2921886476E8 8.668256561E7 2.2197341E7 1.1943626735E8
1.2752224059E8 8.918240241999999E7 2.2830613E7 8.924812324E7
1.2052641454999998E8 1.0549511735E8 2.3339314E7 3.3249145E7
1.2032650676999998E8 1.046624709E8 2.3857831E7 2.031385595E7
1.2897188911999996E8 8.950763778E7 2.2241389E7 1.0794749663E8
9.393186517000002E7 1.14932339686E8 3.3703844E7 952271.262
1.005995353E8 1.70335981E8 2.3815108E7 5.6274416E7
1.119299249E8 1.52664006E8 2.1380675E7 4.58252075E7
1.1905903269E8 1.278023542E8 2.0917373E7 9.70668367E7
1.1836816712E8 1.072515221E8 2.4107479E7 1.067555069E7
1.126251871E8 1.6178628E8 2.0996497E7 5.756044E7
1.2300033062E8 8.59208324E7 2.2804783E7 1.246311698E8
8.309409446E7 1.7549433E8 3.1286769E7 3.79401318E7
9.189153741E7 1.1829591163E8 3.3704909E7 1607560.709
7.6653535283E7 1.612624997E8 4.4229313E7 1.005404787E7
1.146208862E8 1.47301811E8 2.1086271E7 5.21659436E7
1.2027805596E8 8.82169991E7 2.3347094E7 1.041942203E8
1.09901898979E8 1.0184139376E8 2.6482349E7 3848082.06028
7.462435707000001E7 1.966890708E8 4.1543011E7 3.28059198E7
9.467327929E7 1.412078694E8 2.7995181E7 2.094162198E7
1.1067096381000002E8 9.462725475E7 2.6930336E7 2.2358731733E7
1.08423976605E8 1.08445257E8 2.5860303E7 7868000.674000001
1.0796427876E8 1.57717693E8 2.1901567E7 5.6078103E7
1.01119326876E8 1.03155544239E8 2.9352668E7 8.46968018555E7
1.1393070097200002E8 1.120301671E8 2.4112512E7 1.2258126494E7
1.1985077474E8 8.6723316E7 2.3386237E7 1.2140280431E8
8.046314299000011E7 1.475827227E8 3.8005613E7 1.096992156E7
9.81101448E7 1.68425515E8 2.4696137E7 5.3175132E7
9.614057495E7 1.3427929366E8 2.7679988E7 5.076750292E7
1.2940607365E8 8.242914774E7 2.14795E7 2.0009726884E8
1.2235550986E8 8.344727256E7 2.3171894E7 1.392181814E8
8.351633819999999E7 1.82843188E8 3.0584745E7 4.25881141E7
8.561957521200001E7 1.2773365792E8 3.6500821E7 2779884.449
9.879527938E7 1.40947828E8 2.5905298E7 6.803616523E7
1.0758505785E8 1.278513368E8 2.3958305E7 2.054469492E7
7.470622319000001E7 1.852712181E8 4.2791662E7 2.50652677E7
7.91321445E7 1.4818423803E8 4.3530974E7 4249372.232
1.238437859E8 1.134564688E8 2.1666353E7 6.704320558E7
1.1408381434E8 1.261012963E8 2.1788598E7 8.189424106E7
1.2894148821E8 8.695134962E7 2.1052139E7 2.1024851109E8
1.1703135109800002E8 1.204014183E8 2.2908017E7 1.82648393979E7
1.1254110962E8 1.34409429E8 2.2390617E7 2.6273679351E7
8.727944297999999E7 1.79569356E8 2.8855061E7 4.02130328E7
8.348118307000001E7 1.3598043466E8 3.6117057E7 7562345.664
1.1831358200000004E8 9.07176322E7 2.4089187E7 7.11230969E7
9.34309108E7 1.86232548E8 2.6116328E7 5.8665454E7
1.0410067725E8 1.039081559E8 2.9021206E7 1595404.025
1.2490845099E8 8.908700468E7 2.2291197E7 1.2081396758E8
1.0937342635999998E8 1.223023779E8 2.3976373E7 1.7541160573000003E7
1.1481894683E8 1.291003751E8 2.1445206E7 9.304559065E7
8.333605174000001E7 1.67361577E8 3.1782463E7 2.912031159E7
8.500788114E7 1.88924377E8 2.9630967E7 4.43869879E7
1.2089535562E8 9.76337141E7 2.5281786E7 3533872.88
1.2555237891E8 8.73290011E7 2.3429601E7 7.91227835E7
1.1403387517999998E8 9.972263014E7 2.5815597E7 3702110.54
1.08283849751E8 9.70312780203E7 2.8013525E7 1.11788432295E7
1.2095710609999998E8 1.39748601E8 2.1028771E7 3.91614651E7
1.25901270016E8 8.3931256321E7 2.3334085E7 1.00439667833E8
1.160720374E8 1.35417346E8 2.1563553E7 3.91567686E7
1.2512779632999998E8 8.65570115E7 2.3385992E7 8.507376295E7
1.221957545E8 9.0444726E7 2.5317421E7 2.2383523E7
1.3210867115E8 8.334627597E7 2.1655379E7 1.5340872505E8
1.3083637186E8 8.734452025E7 2.1622266E7 1.3895140807E8
1.2873549411E8 8.018836076E7 2.2210152E7 1.6410111858E8
1.1391734423E8 1.030657903E8 2.529702E7 5987503.37
8.110033077E7 1.4032356987E8 4.0754015E7 4539894.2530000005
1.188843496E8 1.25641847E8 2.2304371E7 2.18691534E7
1.2269565273E8 1.097256468E8 2.2587672E7 4.329325633E7
1.2476911142E8 8.839084988E7 2.1594671E7 1.9770685287E8
1.1038104677000004E8 1.45268995E8 2.2152481E7 3.254425571E7
1.22660431882E8 9.6869820459E7 2.468016E7 1.6950760687E7
1.1454773107E8 1.224998147E8 2.2879119E7 2.29485978E7
1.0167098209E8 1.15568277E8 2.7724676E7 8751747.619
1.2754343784000002E8 8.696972168E7 2.1674519E7 1.5133679991E8
1.1652052563E8 1.008385575E8 2.5223108E7 5109759.5600000005
1.1857805783E8 1.33450443E8 2.1687474E7 2.86297009E7
9.80131713806E7 1.1050499497E8 3.1064927E7 2007322.10359
8.892123580000001E7 1.2376805347E8 3.4098238E7 4681986.313
1.0031315688000004E8 1.07183421696E8 3.0914999E7 1022934.263
1.0965190814000002E8 1.147743924E8 2.4694209E7 1.2552545912E7
9.174498952E7 1.2409943807E8 3.1896451E7 6571343.251999999
1.17802819091E8 8.7349605485E7 2.3734789E7 1.49340075738E8
1.120512605E8 1.60169692E8 2.1047087E7 6.1278545E7
1.1569426569E8 9.774346614E7 2.5839283E7 2919937.33
9.190149791E7 1.439027004E8 2.8865734E7 5.029093692E7
1.3314787939E8 7.96318691E7 2.1668703E7 1.7681204574E8
1.1814226317900002E8 9.0942926302E7 2.5646745E7 2.4213963842E7
7.505550494000001E7 2.04995767E8 4.0271892E7 3.88549008E7
1.1417699366E8 9.043332446E7 2.5200495E7 7.2370361265E7
1.0818094526E8 1.61906628E8 2.1920872E7 4.57580244E7
1.3360902379000002E8 8.378167758E7 2.1091634E7 1.8276501801E8
1.2724848892E8 8.93101887E7 2.1498716E7 1.5296245394E8
1.3028385627E8 8.96940359E7 2.1081739E7 1.6205646441E8
1.31625036875E8 8.0133690647E7 2.1560102E7 1.90962802009E8
1.0063181151E8 1.0409222435E8 3.0728953E7 1.7526251245E7
1.20737601892E8 9.4002658304E7 2.5916169E7 1077393.188
1.31018441439E8 8.012418314E7 2.2229485E7 1.50579419457E8
1.2395576331E8 9.07578777E7 2.4681257E7 3.355251188E7
8.341135669E7 1.416410286E8 3.489255E7 1.162432797E7
1.2945874156E8 8.81193676E7 2.0955323E7 1.9487729826E8
1.0029894026000002E8 1.66299012E8 2.4182176E7 4.15102241E7
1.037091718E8 1.0087841513E8 2.9694596E7 1.6129778644E7
1.05433794215E8 9.77791091084E7 2.8307341E7 9.342178280825E7
9.20839788E7 1.73856662E8 2.6817195E7 5.04263582E7
1.2289555843E8 8.9984455E7 2.4648658E7 3.850545424E7
1.0656725635E8 1.190800643E8 2.513574E7 1.4351153439E7
7.807488239999999E7 1.687508679E8 3.7843775E7 2.252099883E7
1.24887943672E8 8.3470248028E7 2.3181226E7 1.14033510728E8
1.3035567087E8 8.365039832000001E7 2.1667725E7 1.5579757771E8
8.446370332E7 1.79761577E8 3.0290165E7 3.79348683E7
1.1660562343E8 1.29185661E8 2.2242317E7 2.3742807081E7
8.981235279000002E7 1.65077955E8 2.8308721E7 3.94968628E7
1.1216387721000002E8 9.6391488258E7 2.7097007E7 716414.307
9.34377727135E7 1.1207240729087E8 3.3027235E7 4.962860231484E7
1.2559647584000003E8 9.060435333E7 2.3508854E7 6.46912397E7
1.0948072164000002E8 1.600735E8 2.1699469E7 4.52845871E7
9.033671529E7 1.485048391E8 2.9459383E7 2.233457012E7
9.19359767E7 1.82195794E8 2.6684184E7 5.510054E7
8.620608725999999E7 1.55777333E8 3.1104043E7 2.337102989E7
1.1056875059E8 1.43060945E8 2.2084241E7 3.52707489E7
1.21188362776E8 8.334745853345999E7 2.3779691E7 1.44233807566E8
7.595657647999999E7 1.73647679E8 4.1699837E7 1.986560783E7
8.339614848000003E7 1.3334314356E8 3.7666633E7 4273195.202
1.1467421473999998E8 9.5845092238E7 2.6468546E7 1110614.047
9.3209231643E7 1.1769227899E8 3.2543847E7 2663167.5864
8.530243266000001E7 1.332928505E8 3.4915159E7 6949285.556
1.210731625815E8 9.089230087629E7 2.5740063E7 1.427364623363E7
1.202534891E8 1.118583414E8 2.3509239E7 1.2959502E7
1.2144967231E8 1.013096726E8 2.4714521E7 6064361.300000001
1.2068759480000004E8 1.06414245E8 2.4097152E7 9399782.2
1.273713955E8 8.818590407E7 2.2865156E7 9.16798038E7
9.485869904E7 1.288064031E8 2.929476E7 1.2643500032000002E7
1.0788341832E8 1.05824472E8 2.6459132E7 5921540.160999999
8.754100883260003E7 1.2079856015222E8 3.6031669E7 3.682542601247E7
1.0351395249400002E8 1.0553062724E8 2.8789109E7 2642936.3035
1.0628038734000003E8 1.00920701258E8 2.9423087E7 560174.294
1.3287449284E8 8.59420755E7 2.1028346E7 1.7498772705E8
1.0663078697100002E8 9.72061822241E7 2.7323473E7 9.81439048496E7
9.172750652E7 1.1463453137E8 3.4083029E7 2.572686223E7
9.7127944241E7 1.0735295476784E8 3.1421488E7 5.804071189777E7
1.1864451799E8 1.32393347E8 2.1667713E7 3.05487033E7
1.2735145055000004E8 8.36392449E7 2.2679927E7 1.1976929827E8
7.923001433999999E7 1.4745533957E8 4.2715199E7 6383873.273
1.2263555985E8 8.559061373E7 2.3380603E7 1.022359855E8
1.0849331039999998E8 1.70096921E8 2.1617621E7 6.2819769E7
1.1755160104E8 1.1370533663E8 2.2419547E7 5.508085282E7
8.978869367590001E7 1.1722652360537E8 3.4820286E7 4.029830882625E7
1.2017774914E8 1.31504467E8 2.1644631E7 2.97566205E7
1.2103720753300002E8 8.7209089858E7 2.4489586E7 6.4204450962E7
1.121056511E8 1.38071266E8 2.2226081E7 2.852370934E7
1.302810779E8 8.9307412E7 2.166712E7 1.3076435282E8
1.1829141727E8 9.070146625E7 2.5182064E7 3.560430432E7
8.661780540999998E7 1.31955611E8 3.4087972E7 7346913.441
1.1196557028E8 9.439661281E7 2.6448825E7 2.292658004E7
1.2246275159E8 1.162164045E8 2.147738E7 7.107360171000001E7
1.03086654575E8 1.0036194277E8 2.9113443E7 8.235849320729E7
1.1071440711E8 9.818361288E7 2.7026815E7 1619916.408
9.271442244E7 1.330324584E8 2.9902518E7 1.375370785E7
1.1439577759000002E8 1.42292151E8 2.1675792E7 3.182315633E7
1.2320374171E8 9.15936793E7 2.5195445E7 1.989690178E7
1.01696692183E8 1.05393613714E8 2.8531407E7 9.271662118E7
1.1450687225E8 1.32955072E8 2.2204152E7 2.5807350647E7
9.457508930900002E7 1.1057987366928E8 3.2513194E7 5.211132576088E7
1.1247068351999998E8 9.818180174E7 2.6466341E7 2170719.29
1.08412188355E8 9.47208695409E7 2.7068531E7 1.036671321729E8
8.5319620002E7 1.540690801E8 3.1820802E7 2.144115739E7
1.053961115051E8 9.788974620809E7 2.8348096E7 7.1481566012856E7
1.0630080815300004E8 1.0671868592E8 2.7004975E7 5586728.318
9.78206251E7 1.71585962E8 2.476353E7 4.78335547E7
1.1184584482299998E8 1.065586476E8 2.5193861E7 7841671.5105
9.9538497541E7 1.044414020305E8 3.0426739E7 6.722131536852E7
1.1042314987E8 9.3498460596E7 2.6941133E7 4.3839170279E7
1.1070766668E8 1.246613689E8 2.3471783E7 1.9456008031000003E7
8.49956231E7 1.95138722E8 2.9507065E7 5.22995818E7
1.2552644984E8 8.68225655E7 2.282049E7 1.034672544E8
8.778347879173999E7 1.21061097166171E8 3.620258E7 1.6906688583122E7
1.0827343063E8 1.0030196164E8 2.7656717E7 1617624.209
1.2161908255900002E8 8.6693034208E7 2.4082307E7 7.5436011517E7
1.2289718982E8 1.0019387687E8 2.4049689E7 2.357814403E7
1.1499396206E8 9.0411504716E7 2.526961E7 5.7991162327E7
9.312749265E7 1.222341265E8 3.139147E7 6324375.392
1.0408016229999998E8 1.69283789E8 2.276996E7 5.8917056E7
1.168684167E8 1.246083133E8 2.1618557E7 6.65534627E7
