1.210501117130000442e+08 8.948353047529999912e+07 2.524885900000000000e+07 3.147607511470000073e+07
1.187316995000000000e+08 1.130294389000000060e+08 2.348487200000000000e+07 1.349909280000000075e+07
1.167738464100000411e+08 8.864219829999999702e+07 2.464377000000000000e+07 7.753228759499999881e+07
1.246516767999999821e+08 8.979210500000000000e+07 2.410797600000000000e+07 5.084709929999999702e+07
8.838594671000000834e+07 1.716828270000000000e+08 2.870732600000000000e+07 3.613627000000000000e+07
1.074587933799999952e+08 1.302263620999999940e+08 2.380311600000000000e+07 2.199819841000000015e+07
8.299849356000000238e+07 1.725847180000000000e+08 3.160971800000000000e+07 3.242727430000000075e+07
1.226855097080000043e+08 8.491851732099999487e+07 2.395165500000000000e+07 9.148923837899999321e+07
1.127259108100000024e+08 9.799274135999999940e+07 2.641767800000000000e+07 2.264903290000000037e+06
1.138795172000000030e+08 1.531601680000000000e+08 2.108583000000000000e+07 4.838699600000000000e+07
1.037865611299999952e+08 1.040669418379999995e+08 2.996622500000000000e+07 4.786831550000000279e+05
1.139828838599999994e+08 9.250141740000000596e+07 2.579769200000000000e+07 3.482519204999999702e+07
8.937760390000000596e+07 1.229152350349999964e+08 3.539992800000000000e+07 9.818712380000000121e+05
1.217520277500000000e+08 1.038346134000000060e+08 2.350156600000000000e+07 3.061234189000000060e+07
1.191523174599999785e+08 9.892490979999999702e+07 2.522419100000000000e+07 4.145326759999999776e+06
1.187171164775999933e+08 1.264404830000000000e+08 2.225575700000000000e+07 2.232548771888000146e+07
1.148301999399999976e+08 9.586331159000000358e+07 2.640181100000000000e+07 1.285773808999999892e+06
1.302017363360000402e+08 8.313377982000000775e+07 2.142036700000000000e+07 1.797840950900000036e+08
1.194911340800000429e+08 8.424474779170000553e+07 2.411440700000000000e+07 1.662105757037000060e+08
8.021614501999999583e+07 1.472237690999999940e+08 3.871182100000000000e+07 9.882540470000000671e+06
1.204787772999999970e+08 1.380016900000000000e+08 2.105831800000000000e+07 4.090566170000000298e+07
8.312502696000000834e+07 1.760972360000000000e+08 3.122431400000000000e+07 3.843135679999999702e+07
1.313355911539999843e+08 7.976282906599999964e+07 2.164359500000000000e+07 1.937070521640000045e+08
1.230414348900000006e+08 8.621517829999999702e+07 2.272710100000000000e+07 1.264515414000000060e+08
1.292549510600000024e+08 8.668685809000000358e+07 2.202423000000000000e+07 1.265724635000000000e+08
1.220255936099999994e+08 9.787969500000000000e+07 2.519126400000000000e+07 3.757989189999999944e+06
1.302552714800000042e+08 8.461519609999999404e+07 2.163448500000000000e+07 1.523752000200000107e+08
9.804884771799999475e+07 1.062237232275899947e+08 3.102961400000000000e+07 6.144327352471999824e+07
1.160247174389999807e+08 1.232839910000000000e+08 2.276498300000000000e+07 1.989816666930000111e+07
8.318531893999998271e+07 1.643898076999999881e+08 3.213906600000000000e+07 2.703399457000000030e+07
1.188288562999999970e+08 1.196414395000000000e+08 2.283195100000000000e+07 1.787415100000000000e+07
1.267153476700000018e+08 7.927794729930000007e+07 2.281545100000000000e+07 1.906530715333999991e+08
1.331155542699999958e+08 8.391186856000000238e+07 2.105009500000000000e+07 1.876624499799999893e+08
1.131381478100000024e+08 1.370589700000000000e+08 2.199445600000000000e+07 3.189875410000000149e+07
8.356643423999999464e+07 1.494566656999999881e+08 3.350900100000000000e+07 1.713869021000000089e+07
1.316642911200000048e+08 8.742500209999999404e+07 2.094776300000000000e+07 1.773056686200000048e+08
1.210613910879999995e+08 9.384146281299999356e+07 2.591615600000000000e+07 1.057848828999999911e+06
1.184668371000000238e+08 1.083319282999999970e+08 2.400735300000000000e+07 1.049566869999999925e+07
1.251207771799999774e+08 8.525956359999999404e+07 2.219174200000000000e+07 1.477695150000000000e+08
1.109750830729999840e+08 1.079593792000000030e+08 2.518805100000000000e+07 8.633782605999998748e+06
1.163188258099999577e+08 9.415085221500000358e+07 2.652411800000000000e+07 5.045298219999999856e+05
1.163878041200000048e+08 1.049287720000000000e+08 2.465335100000000000e+07 7.915397099999999627e+06
1.309487070799999982e+08 8.934767220000000298e+07 2.100455200000000000e+07 1.661657979399999976e+08
1.297106181300000399e+08 8.612280050000000000e+07 2.225802000000000000e+07 1.185372638199999928e+08
1.220451647000000030e+08 1.356169110000000000e+08 2.103563900000000000e+07 4.335875089999999851e+07
9.039780794000004232e+07 1.218398274599999934e+08 3.343789500000000000e+07 3.816421762999999803e+06
1.016426002500000000e+08 1.523073560000000000e+08 2.433155700000000000e+07 3.285867277000000328e+07
1.298165847740000039e+08 8.392852891999998689e+07 2.214795400000000000e+07 1.327242409340000004e+08
1.084131396500000060e+08 1.413246630000000000e+08 2.278267600000000000e+07 2.941104746000000089e+07
1.322577517199999988e+08 8.975266540000000596e+07 2.093931900000000000e+07 1.647758316100000143e+08
1.204696877000000030e+08 1.257619510000000000e+08 2.221605200000000000e+07 2.208089389999999851e+07
1.093788766009999961e+08 9.361301443230000138e+07 2.704227900000000000e+07 1.074586722595999986e+08
1.317680563599999994e+08 8.302589165999999642e+07 2.165027000000000000e+07 1.561555086299999952e+08
1.084987209699999988e+08 9.655842231999999285e+07 2.812425700000000000e+07 1.188387348200000077e+07
9.602859645999999344e+07 1.144820179000000060e+08 3.115261400000000000e+07 4.082409436999999918e+06
1.141192977600000203e+08 1.302749137999999970e+08 2.149676400000000000e+07 9.929310631000000238e+07
1.198691864000000358e+08 1.182955877999999970e+08 2.288589300000000000e+07 1.722483519999999925e+07
9.270922728610000014e+07 1.130512435738400072e+08 3.336418100000000000e+07 4.775013930868999660e+07
1.147493186300000399e+08 1.079506787999999970e+08 2.448810300000000000e+07 9.531026500000000000e+06
1.093263749899999946e+08 1.284764709699999988e+08 2.282588600000000000e+07 7.846487562999999523e+07
1.197707223499999940e+08 1.318503840000000000e+08 2.162502600000000000e+07 3.047920730000000075e+07
8.975445760000000894e+07 1.178539413700000048e+08 3.518246600000000000e+07 1.795310623000000045e+07
1.302294292300000191e+08 8.031263923000000417e+07 2.223510600000000000e+07 1.515345780300000012e+08
1.037589910400000066e+08 1.398511860000000000e+08 2.433484200000000000e+07 2.636142294999999925e+07
1.267176055063599795e+08 8.652167376349999011e+07 2.294753600000000000e+07 9.648666061610999703e+07
1.204981546999999583e+08 1.066463284000000060e+08 2.408063500000000000e+07 9.505033800000000745e+06
1.101288875680000186e+08 1.079469577000000030e+08 2.543928400000000000e+07 8.084005690299999900e+06
1.159944303530000001e+08 8.718859248350000381e+07 2.508485000000000000e+07 1.384740519397000074e+08
1.214981294400000423e+08 1.003989100000000000e+08 2.403815800000000000e+07 2.496264473999999836e+07
8.674680129820002615e+07 1.221383901522199959e+08 3.647895700000000000e+07 3.615614001246999949e+07
1.204066171079999954e+08 9.054391047059999406e+07 2.578313100000000000e+07 1.739334081940000132e+07
1.161377202610000074e+08 1.309376900000000000e+08 2.216031800000000000e+07 2.480669144099999964e+07
1.169818352600000203e+08 9.766079198000000417e+07 2.567798600000000000e+07 2.988994799999999814e+06
1.016366098669999987e+08 1.110535757699999958e+08 2.852111300000000000e+07 5.546240923000000417e+06
1.059520181099999994e+08 1.018435665269999951e+08 2.910629900000000000e+07 5.371097449999999953e+05
1.295023814500000030e+08 8.898022630000001192e+07 2.131791000000000000e+07 1.526176140300000012e+08
1.316444183299999833e+08 8.383405754999999702e+07 2.108775600000000000e+07 1.965347990999999940e+08
1.227902669580000043e+08 8.279409058800001442e+07 2.288185900000000000e+07 1.778266011635000110e+08
8.021271737000000477e+07 1.438199269499999881e+08 4.208389000000000000e+07 3.858450535000000149e+06
8.521542394800001383e+07 1.259803357259999961e+08 3.789708100000000000e+07 3.019161149529999867e+07
9.401597613699999452e+07 1.113083404670200050e+08 3.277455200000000000e+07 5.036095833139000088e+07
1.087579642099999934e+08 1.170132305000000000e+08 2.466639100000000000e+07 1.383941472299999930e+07
1.228255187099999934e+08 1.201224085999999940e+08 2.098230800000000000e+07 8.723748756999999285e+07
1.128019196400000006e+08 9.593841706800000370e+07 2.712199800000000000e+07 4.503970289999999804e+05
1.222948916500000060e+08 8.970372329999999702e+07 2.462634400000000000e+07 4.140464385999999940e+07
1.181627636729999930e+08 8.804372346199999750e+07 2.346999800000000000e+07 1.538615572360000014e+08
8.248072556000000238e+07 1.420783975000000000e+08 3.590394700000000000e+07 1.094206142999999970e+07
9.186242511000044644e+07 1.187469209669999927e+08 3.526650600000000000e+07 4.372888649999999907e+05
1.139929065380000025e+08 8.924464023039999604e+07 2.524102400000000000e+07 1.199061936172000021e+08
1.140479296400000006e+08 1.122184144599999934e+08 2.344253700000000000e+07 3.580037171999999881e+07
1.107827531600000411e+08 1.188997764000000060e+08 2.397974700000000000e+07 1.574945661099999957e+07
1.117852617000000179e+08 1.692661640000000000e+08 2.103447300000000000e+07 6.581126700000000000e+07
8.144377598000000417e+07 1.387187356699999869e+08 4.159059900000000000e+07 1.973633697300000116e+07
1.011655028959999979e+08 1.083096051400000006e+08 2.948277400000000000e+07 2.876093851799999829e+06
1.239048713400000036e+08 1.184652052999999970e+08 2.101338200000000000e+07 8.626998823999999464e+07
1.246730883800000399e+08 8.893557262000000477e+07 2.156580700000000000e+07 1.982310378899999857e+08
1.298662023400000036e+08 7.976148809199999273e+07 2.253984300000000000e+07 1.496383658050000072e+08
1.119827761410000026e+08 1.123040684000000060e+08 2.445565200000000000e+07 1.163221624340000004e+07
1.038132941440000236e+08 1.095733374000000060e+08 2.769215300000000000e+07 5.950980939000000246e+06
1.272650496400000155e+08 9.078004409999999404e+07 2.101894300000000000e+07 2.166416428799999952e+08
1.284480480600000024e+08 7.958645839399999380e+07 2.240219400000000000e+07 1.653094231180000007e+08
1.245578748299999982e+08 8.787334929999999702e+07 2.315547700000000000e+07 8.891850629999999702e+07
9.457013857999999821e+07 1.116442464256000072e+08 3.188090100000000000e+07 6.933220623440000415e+07
1.158241332999999970e+08 1.135140802000000030e+08 2.370522100000000000e+07 1.352215690000000037e+07
1.000043050010000020e+08 1.038939059930000007e+08 3.025021100000000000e+07 6.956446926978999376e+07
1.116054367800000459e+08 1.436033920000000000e+08 2.201642300000000000e+07 3.184315235999999940e+07
1.114677440199999958e+08 1.573832850000000000e+08 2.142351200000000000e+07 4.480310429999999702e+07
1.217529899000000060e+08 1.111445997000000030e+08 2.219784500000000000e+07 5.562835036999999732e+07
1.188493282900000066e+08 8.923938292499999702e+07 2.505102900000000000e+07 4.512441378899999708e+07
7.520146233000001311e+07 1.752865018000000119e+08 4.382049600000000000e+07 1.827020189999999851e+07
9.887394948000000417e+07 1.311980089000000060e+08 2.704483800000000000e+07 1.744071470000000298e+07
8.770644398000001907e+07 1.246647800499999970e+08 3.583289300000000000e+07 1.563887036000000080e+06
8.557235269000001252e+07 1.336959032999999970e+08 3.463926700000000000e+07 7.330983786000000313e+06
1.190250687000000030e+08 1.427702610000000000e+08 2.102981800000000000e+07 3.953632210000000149e+07
1.079977406930000037e+08 1.027807279899999946e+08 2.700575000000000000e+07 3.734189829200000037e+06
1.176459440400000066e+08 1.361422540000000000e+08 2.161140100000000000e+07 2.983022919999999925e+07
1.278474211700000018e+08 8.858407540000000596e+07 2.286472200000000000e+07 8.970053118999999762e+07
1.041433402500000000e+08 1.641043570000000000e+08 2.299129700000000000e+07 4.337655989999999851e+07
1.258137297099999934e+08 8.207759306399999559e+07 2.332593800000000000e+07 1.240037974459999949e+08
8.729305401000000536e+07 1.944640340000000000e+08 2.845745500000000000e+07 5.640582070000000298e+07
1.287127772099999934e+08 9.002653329999999702e+07 2.087912100000000000e+07 2.108036809799999893e+08
9.350508432000002265e+07 1.161515105300000012e+08 3.316143700000000000e+07 1.304540203000000212e+06
1.041404752199999988e+08 1.147724890000000000e+08 2.672576200000000000e+07 9.662822567999999970e+06
8.303376511000001431e+07 1.361266094099999964e+08 4.079601400000000000e+07 1.548932027000000002e+06
1.266262707000000179e+08 8.981075648999999464e+07 2.329067500000000000e+07 7.287034712000000477e+07
1.223866808199999779e+08 1.184994625999999940e+08 2.129039000000000000e+07 7.440748673000000417e+07
1.278577426700000018e+08 8.626437580000001192e+07 2.125713100000000000e+07 2.077774872500000000e+08
1.280108355600000024e+08 8.923648206999999285e+07 2.222520300000000000e+07 1.110643753299999982e+08
1.092953221899999976e+08 1.012121683499999940e+08 2.682327600000000000e+07 3.180355270700000226e+06
1.037413135799999982e+08 1.186927985999999940e+08 2.636135700000000000e+07 1.217014349100000039e+07
1.084919077600000054e+08 9.864325138799999654e+07 2.859434100000000000e+07 6.861931770000000251e+05
7.726570989000000060e+07 1.565135234699999988e+08 4.504547300000000000e+07 9.559757673000000417e+06
1.141532063880000412e+08 1.188739399000000060e+08 2.338398400000000000e+07 1.672702993200000003e+07
1.144715132889999598e+08 1.155612162000000030e+08 2.365905200000000000e+07 1.469327869299999997e+07
1.079530055900000036e+08 1.151358157999999970e+08 2.511224800000000000e+07 1.235594020700000040e+07
1.012265398799999952e+08 1.371849645600000024e+08 2.518448100000000000e+07 7.058355218999999762e+07
1.233988966200000048e+08 1.096414485999999940e+08 2.235242600000000000e+07 5.090368800999999791e+07
8.546714078999999166e+07 1.310283563799999952e+08 3.534669800000000000e+07 5.341541646999999881e+06
1.208768692000000030e+08 9.828212059999999404e+07 2.463243300000000000e+07 1.630083650000000000e+07
1.212323536969999969e+08 1.013943575000000000e+08 2.470721200000000000e+07 6.203386606999999844e+06
1.081208899000000060e+08 1.620879010000000000e+08 2.182941000000000000e+07 5.018100920000000298e+07
9.751904536300000548e+07 1.118725310699999928e+08 3.099078400000000000e+07 2.325882795500000007e+06
1.169822947650000006e+08 9.131512417000000179e+07 2.559578500000000000e+07 2.796319518100000173e+07
9.312805150100000203e+07 1.192893208299999982e+08 3.204867800000000000e+07 4.127373158999999985e+06
1.081073015100000054e+08 1.374423640000000000e+08 2.307004900000000000e+07 2.746289894999999925e+07
1.212229991599999815e+08 9.592283329999999702e+07 2.519325000000000000e+07 9.487012099999999627e+06
7.573345982000000775e+07 1.720545661999999881e+08 4.287528600000000000e+07 1.738680645000000298e+07
1.335613513528999984e+08 7.995077597280000150e+07 2.156801100000000000e+07 1.790641270866999924e+08
8.143577944499999285e+07 1.659222776999999881e+08 3.351288500000000000e+07 2.671409866000000015e+07
9.892429520000000298e+07 1.282847825000000000e+08 2.734574900000000000e+07 1.546467839000000060e+07
7.789850977000001073e+07 1.536878152899999917e+08 4.519001400000000000e+07 4.979529809999999590e+06
9.067172190000002086e+07 1.518878350000000000e+08 2.882259900000000000e+07 5.849731301000000536e+07
8.338452190000000596e+07 1.537119291999999881e+08 3.310942100000000000e+07 1.990996133999999985e+07
1.126941681099999994e+08 1.018097802000000030e+08 2.572635500000000000e+07 4.846688480000000447e+06
1.236824010799999982e+08 1.128067430000000000e+08 2.170072300000000000e+07 6.773163003000000119e+07
8.959534924999998510e+07 1.499909935999999940e+08 2.968835300000000000e+07 2.296813669999999925e+07
1.061103316299999952e+08 1.365715560000000000e+08 2.372787400000000000e+07 2.579987546999999881e+07
7.936473244299998879e+07 1.492362803899999857e+08 4.532513100000000000e+07 2.457130671500000171e+06
1.061733429200000167e+08 9.817453062000000477e+07 2.849622500000000000e+07 2.232937504199999943e+07
9.530814342000000179e+07 1.242149260999999940e+08 2.971965600000000000e+07 9.749271143999999389e+06
7.578928675000000000e+07 1.679892450000000000e+08 4.440590600000000000e+07 1.356744163000000082e+07
8.463507965800000727e+07 1.297889204899999946e+08 3.716621300000000000e+07 3.106658509999999776e+06
1.093696443840000033e+08 1.101759812000000030e+08 2.531286300000000000e+07 9.521182557000000030e+06
1.282986329500000179e+08 8.731161517000000179e+07 2.261320900000000000e+07 1.025478886899999976e+08
9.058902359000000358e+07 1.444183585000000000e+08 2.972726600000000000e+07 1.980310987999999896e+07
1.221106227399999797e+08 9.038113720999999344e+07 2.200422200000000000e+07 1.866891578499999940e+08
1.123408505700000226e+08 9.433426976999999583e+07 2.653011600000000000e+07 1.818985928999999911e+07
1.166919600400000066e+08 1.009023384000000060e+08 2.522241500000000000e+07 5.007080400000000373e+06
9.717459100000000000e+07 1.818955710000000000e+08 2.484299100000000000e+07 5.958572300000000000e+07
7.507041151000000536e+07 1.780169789000000060e+08 4.326701200000000000e+07 2.027430550000000000e+07
9.503244728100001812e+07 1.099916197278800011e+08 3.231431100000000000e+07 5.314462585603000224e+07
8.425455760800004005e+07 1.287935084179999977e+08 3.896556400000000000e+07 2.965015561719999835e+07
1.278332047029999942e+08 8.252524790600000322e+07 2.281210800000000000e+07 1.206634435240000039e+08
1.105421791000000238e+08 9.741523076299999654e+07 2.752178100000000000e+07 6.893069350000000559e+05
8.753611739999999106e+07 1.675306390000000000e+08 2.939543800000000000e+07 3.250973564999999851e+07
1.274939752699999809e+08 8.666033660999999940e+07 2.256750500000000000e+07 1.082695820900000036e+08
1.093498660999999940e+08 1.620332110000000000e+08 2.147998000000000000e+07 6.015988900000000000e+07
1.149540936500000060e+08 9.414558387299999595e+07 2.704778600000000000e+07 3.544587710000000079e+05
1.121356034730000049e+08 9.084030114779999852e+07 2.618903000000000000e+07 1.164497718911000043e+08
1.052790760699999928e+08 1.243715507000000030e+08 2.506234900000000000e+07 1.724354916000000015e+07
