9.921748790999999642e+07 1.536416720000000000e+08 2.506205700000000000e+07 3.464233800000000000e+07
1.128023135699999928e+08 9.618671604799999297e+07 2.696890400000000000e+07 6.356909519999999320e+05
1.187512110600000024e+08 1.353601890000000000e+08 2.161113000000000000e+07 2.846321114000000060e+07
1.317712576800000072e+08 9.000132179999999702e+07 2.109916900000000000e+07 1.547322130300000012e+08
1.001870796099999994e+08 1.073639999420000017e+08 3.115865800000000000e+07 8.047285339999999851e+05
1.211349713900000006e+08 9.776819859999999404e+07 2.524593900000000000e+07 3.659690370000000112e+06
1.210372674000000060e+08 1.110030558599999994e+08 2.216629100000000000e+07 5.998515249000000209e+07
1.265845277300000191e+08 8.958368685000000894e+07 2.262719500000000000e+07 9.689192859000000358e+07
1.314783319599999934e+08 7.996832395999999344e+07 2.201373600000000000e+07 1.599631875399999917e+08
1.187711075000000000e+08 1.082143635000000000e+08 2.400397000000000000e+07 1.037446559999999963e+07
1.316621131200000048e+08 8.106577429999999702e+07 2.169951500000000000e+07 1.671429053000000119e+08
1.314781774399999976e+08 8.610181190000000596e+07 2.103855200000000000e+07 1.789717457599999905e+08
1.102566084500000030e+08 1.364712950000000000e+08 2.262242000000000000e+07 2.791048269000000134e+07
1.167526611599999815e+08 1.047661969000000060e+08 2.463484000000000000e+07 7.833387000000000000e+06
1.189264734000000060e+08 1.190414330000000000e+08 2.287251500000000000e+07 1.757145839999999851e+07
1.286509457409999967e+08 8.173839756200000644e+07 2.271098000000000000e+07 1.276837405900000036e+08
1.225039142500000000e+08 9.139980990000000596e+07 2.183398400000000000e+07 1.916445922500000000e+08
1.186549107999999970e+08 1.142848399000000060e+08 2.335258900000000000e+07 1.439921859999999963e+07
1.275520158499999940e+08 8.517332820000000298e+07 2.263283700000000000e+07 1.123239915000000000e+08
1.209572230499999970e+08 9.391055337999999523e+07 2.590930600000000000e+07 1.102102264999999898e+06
1.220193383499999940e+08 9.126379940000000596e+07 2.515485500000000000e+07 2.336973764999999851e+07
1.302811965400000215e+08 8.698912634999999404e+07 2.134645400000000000e+07 1.566430444699999988e+08
1.210994802800000012e+08 8.422315218999999762e+07 2.372634500000000000e+07 1.214375275219999999e+08
1.251294917000000030e+08 9.033400784999999404e+07 2.347014400000000000e+07 6.742945820999999344e+07
1.146811973499999940e+08 1.030936870000000000e+08 2.517778500000000000e+07 6.112262799999999814e+06
1.206318254300000370e+08 1.314471452000000030e+08 2.063484900000000000e+07 1.100104770999999940e+08
1.216848542000000179e+08 1.287010840000000000e+08 2.161939200000000000e+07 3.347394660000000149e+07
1.218072336899999827e+08 1.013782495000000000e+08 2.461765500000000000e+07 7.678729200000000186e+06
1.202084166700000018e+08 1.328795980000000000e+08 2.157169000000000000e+07 3.007408160000000149e+07
1.297225151200000048e+08 8.982723610000000894e+07 2.165461100000000000e+07 1.306274294699999988e+08
1.227114489099999964e+08 9.090574000000000000e+07 2.424183100000000000e+07 4.657115639999999851e+07
1.187649929000000060e+08 1.258655920000000000e+08 2.229380600000000000e+07 2.200758930000000075e+07
1.227418677800000012e+08 9.019766170000000298e+07 2.387911400000000000e+07 6.004428820000000298e+07
8.536587321500000358e+07 1.255588879109999985e+08 3.778540100000000000e+07 3.059216798519999906e+07
1.270745525000000447e+08 8.911894201999999583e+07 2.216744800000000000e+07 1.164871295999999940e+08
1.243971427900000066e+08 8.347155998999999464e+07 2.274950100000000000e+07 1.360552514199999869e+08
1.207697724000000060e+08 1.103321044000000060e+08 2.344180700000000000e+07 1.713430719999999925e+07
1.114348881800000072e+08 1.389888610000000000e+08 2.228931900000000000e+07 2.887359775000000000e+07
1.262678206019999981e+08 7.951137437639999390e+07 2.288094200000000000e+07 1.905617617926999927e+08
7.536935923200000823e+07 2.057230160000000000e+08 3.969776500000000000e+07 4.001905490000000596e+07
1.216534624619999975e+08 8.962019266769999266e+07 2.524270600000000000e+07 2.901331942280000076e+07
1.189085386599999964e+08 1.462859210000000000e+08 2.107857700000000000e+07 3.683779270000000298e+07
8.602975470000001788e+07 1.956965430000000000e+08 2.900364200000000000e+07 5.455166389999999851e+07
1.184582918850000054e+08 8.547678095800000429e+07 2.395607500000000000e+07 1.531284944681000113e+08
1.239410523889999837e+08 8.596519048999999464e+07 2.377140000000000000e+07 7.974121315899999440e+07
1.193960996299999952e+08 8.888985518199999630e+07 2.564335700000000000e+07 3.870697786259999871e+07
7.454800787999999523e+07 1.933444290000000000e+08 4.212574700000000000e+07 3.034108710000000149e+07
1.249088794300000072e+08 8.819340064000000060e+07 2.204538000000000000e+07 1.395943519199999869e+08
1.187423172600000054e+08 9.871864650000000000e+07 2.528398900000000000e+07 4.044187350000000093e+06
7.896928115699999034e+07 1.501638155699999928e+08 4.529703800000000000e+07 2.980908066000000108e+06
7.491835284999999404e+07 1.837297310999999940e+08 4.474041600000000000e+07 2.139885330000000075e+07
1.336203395900000036e+08 8.022833882000000775e+07 2.152218800000000000e+07 1.794821696980000138e+08
8.520862048399998248e+07 1.353650836999999881e+08 3.450188900000000000e+07 8.650754073000000790e+06
1.121953741449999809e+08 9.281021979500000179e+07 2.523715100000000000e+07 1.161200513449999988e+08
1.162938398449999988e+08 1.240295380000000000e+08 2.268013100000000000e+07 2.036521295899999887e+07
9.157897138400000334e+07 1.205076385199999958e+08 3.306432100000000000e+07 3.128505837999999523e+06
1.137599085000000000e+08 1.388125480000000000e+08 2.170097200000000000e+07 3.808560289999999851e+07
1.025897746550000012e+08 1.042773284810000062e+08 2.821390900000000000e+07 9.499699626500000060e+07
1.166498441500000060e+08 8.710063984000000358e+07 2.503818200000000000e+07 1.060775882300000042e+08
8.239460993999998271e+07 1.359872706699999869e+08 3.923657600000000000e+07 4.172180382999999914e+06
1.010918837999999970e+08 1.074123931130000055e+08 3.074091700000000000e+07 5.389020330000000540e+05
1.292735216689999849e+08 7.848677778460000455e+07 2.224918900000000000e+07 1.910257678772000074e+08
1.169471206100000441e+08 9.372281674799999595e+07 2.651685600000000000e+07 4.105353869999999879e+05
1.081373698100000173e+08 1.453903810000000000e+08 2.262839000000000000e+07 3.189037739999999851e+07
1.179151532999999970e+08 1.202147402999999970e+08 2.158039100000000000e+07 7.706351251999999583e+07
1.217188110000000000e+08 1.363091850000000000e+08 2.096502400000000000e+07 4.632914489999999851e+07
1.139902986609999985e+08 9.433915575599999726e+07 2.692881500000000000e+07 2.670521412299999967e+06
1.287610048240000010e+08 7.834875255590000749e+07 2.255230900000000000e+07 1.896166313893699944e+08
1.172161030700000226e+08 9.681131907999999821e+07 2.578437500000000000e+07 2.530858200000000186e+06
7.875650455999998748e+07 1.494642957700000107e+08 4.331825700000000000e+07 6.839595073000000790e+06
1.203994681780000031e+08 8.776883533200000226e+07 2.464512000000000000e+07 5.877583595199999958e+07
1.294643440100000054e+08 8.753137140000000596e+07 2.095282000000000000e+07 2.060573863899999857e+08
1.076550497999999970e+08 1.685383390000000000e+08 2.181510100000000000e+07 6.089924800000000000e+07
7.805760010999999940e+07 1.990297380000000000e+08 3.562537300000000000e+07 4.218473150000000000e+07
1.131428356400000155e+08 1.360909360000000000e+08 2.218907900000000000e+07 2.748929508500000089e+07
1.141084679529999793e+08 1.192736714000000060e+08 2.336854700000000000e+07 1.682575673900000006e+07
1.105538049099999964e+08 9.709574245900000632e+07 2.768169700000000000e+07 6.375573000000000466e+05
1.285936157800000161e+08 8.422409779999999702e+07 2.228542100000000000e+07 1.283994397000000030e+08
1.264847949699999988e+08 8.375870579999999702e+07 2.212213900000000000e+07 1.520569605000000000e+08
1.312834177220000029e+08 7.947691430799999833e+07 2.169923700000000000e+07 1.940673113109999895e+08
1.270618210799999982e+08 8.987969820000000298e+07 2.109272600000000000e+07 2.131383522700000107e+08
1.125085315900000185e+08 9.865553370000000298e+07 2.637264700000000000e+07 2.449616660000000149e+06
1.270620779119999558e+08 8.656142878000000119e+07 2.243001300000000000e+07 1.155023780400000066e+08
9.569186828000000119e+07 1.138247578100000024e+08 3.190149200000000000e+07 1.839457932999999961e+06
1.148946444000000060e+08 1.006907550000000000e+08 2.550611900000000000e+07 4.545988040000000037e+06
1.100004842479999959e+08 1.055563592999999970e+08 2.579541500000000000e+07 6.619505111600000411e+06
1.182414741899999976e+08 8.984445129999999702e+07 2.474169200000000000e+07 5.261758339000000060e+07
1.237587327800000012e+08 1.164540179000000060e+08 2.133261000000000000e+07 7.430581621999999881e+07
1.152950039399999529e+08 1.013287222000000030e+08 2.530911600000000000e+07 5.307869870000000112e+06
1.256273918299999982e+08 8.845568132000000775e+07 2.170164800000000000e+07 1.566644368199999928e+08
1.271635449189999998e+08 8.275655711300000548e+07 2.302265200000000000e+07 1.147230019249999970e+08
1.058381767100000381e+08 1.012859434899999946e+08 2.947004900000000000e+07 6.666363969999999972e+05
1.094261275600000173e+08 9.439560230500000715e+07 2.728580900000000000e+07 4.131115160199999809e+07
1.145698528700000346e+08 8.872592842159999907e+07 2.504922700000000000e+07 1.240430204754000008e+08
8.343575496999999881e+07 1.931045390000000000e+08 3.044705700000000000e+07 4.786148289999999851e+07
1.186725712200000435e+08 1.158017400900000036e+08 2.186942700000000000e+07 7.014009753999999166e+07
1.337314799300000072e+08 8.393526623999999464e+07 2.104719500000000000e+07 1.852048682299999893e+08
1.113418854238000214e+08 1.026745940999999940e+08 2.591976500000000000e+07 4.928064036325999536e+06
1.205859559000000060e+08 1.379387340000000000e+08 2.107085400000000000e+07 4.024944729999999702e+07
8.091957407999999821e+07 1.946025470000000000e+08 3.247678800000000000e+07 4.503626500000000000e+07
1.089496762350000441e+08 9.461834291869999468e+07 2.660673900000000000e+07 1.045856989641000032e+08
8.660688224200001359e+07 1.224092485476599932e+08 3.661744200000000000e+07 3.195405196888000146e+07
9.326886884000000358e+07 1.170486043199999928e+08 3.301191600000000000e+07 1.629686506999999983e+06
1.238403847900000066e+08 9.028509109999999404e+07 2.461302700000000000e+07 3.693331482999999821e+07
7.460457643999999762e+07 1.912754655999999940e+08 4.411198000000000000e+07 2.652807900000000000e+07
8.853633084999999404e+07 1.844968340000000000e+08 2.810108500000000000e+07 4.524490000000000000e+07
1.212099140000000000e+08 1.035489715100000054e+08 2.366735200000000000e+07 2.725419663000000268e+07
1.086809865999999940e+08 1.424346280000000000e+08 2.244765000000000000e+07 3.939975200000000000e+07
1.169572325400000066e+08 1.391935120000000000e+08 2.156413000000000000e+07 3.032698273999999836e+07
7.457026174000000954e+07 1.927435293000000119e+08 4.389530300000000000e+07 2.752006750000000000e+07
1.010929629000000209e+08 1.746472310000000000e+08 2.362086500000000000e+07 5.914463800000000000e+07
1.282672283100000024e+08 8.818091714000000060e+07 2.166411000000000000e+07 1.413026655200000107e+08
1.092866123000000417e+08 1.601998170000000000e+08 2.152651300000000000e+07 5.854480100000000000e+07
1.039508017200000435e+08 1.644021050000000000e+08 2.304023100000000000e+07 4.348514079999999702e+07
1.126735362500000000e+08 1.115342650000000000e+08 2.440288500000000000e+07 1.137228326070000045e+07
9.152903167000001669e+07 1.181564895300000012e+08 3.415347800000000000e+07 1.607559664000000106e+06
9.946726963400000334e+07 1.101012452500000000e+08 3.012432700000000000e+07 2.708549750899999868e+06
8.146346870000000298e+07 1.400211047899999917e+08 3.885967500000000000e+07 6.079341432000000030e+06
1.082489321120000035e+08 1.102657615999999940e+08 2.564133000000000000e+07 9.166618032999999821e+06
1.142919294599999934e+08 1.070735777999999970e+08 2.465889800000000000e+07 8.918273199999999255e+06
1.131064413799999952e+08 1.282932380000000000e+08 2.274463900000000000e+07 2.246908039999999851e+07
1.104604305900000036e+08 1.473957470000000000e+08 2.203822400000000000e+07 3.401803836999999732e+07
1.179997309399999827e+08 8.855600220000000298e+07 2.394928600000000000e+07 9.549435285999999940e+07
8.523222798299999535e+07 1.283272869200000018e+08 3.675099100000000000e+07 2.914599912000000477e+06
1.121962709099999964e+08 9.466152204000000656e+07 2.640533300000000000e+07 2.067495705000000075e+07
1.299088197590000033e+08 8.043742800800000131e+07 2.236388300000000000e+07 1.465024819909999967e+08
1.211889978359999955e+08 9.938120181999999285e+07 2.438509100000000000e+07 1.894731303900000080e+07
1.124902439000000060e+08 1.678264890000000000e+08 2.094424200000000000e+07 6.551869200000000000e+07
1.084552323190000206e+08 1.026777804899999946e+08 2.684460600000000000e+07 3.847421036199999973e+06
1.134700297999999970e+08 1.537156160000000000e+08 2.103923500000000000e+07 5.370232700000000000e+07
9.006739136000001431e+07 1.297022127000000030e+08 3.200982400000000000e+07 8.956111075999999419e+06
1.071534034099999964e+08 9.766838075000000000e+07 2.865776700000000000e+07 1.294424773299999908e+07
1.139000947699999809e+08 1.425186960000000000e+08 2.164628700000000000e+07 3.377143570000000298e+07
7.729570496999999881e+07 1.565531571999999881e+08 4.509037100000000000e+07 6.622667320000000298e+06
1.176809384810000062e+08 9.140678243899999559e+07 2.568351300000000000e+07 2.262727023299999908e+07
9.823116426999999583e+07 1.323873762999999970e+08 2.719582200000000000e+07 1.791696367999999970e+07
1.248788224000000060e+08 1.182631835000000000e+08 2.102850200000000000e+07 8.338262403999999166e+07
1.308292632599999756e+08 8.976225920000000298e+07 2.093162300000000000e+07 1.709977369600000083e+08
1.027980865400000066e+08 1.132168487999999970e+08 2.755259200000000000e+07 7.880259866000000387e+06
1.220215366100000441e+08 9.012071356999999285e+07 2.350222400000000000e+07 7.641738679799999297e+07
1.143623814249999970e+08 1.123147560000000000e+08 2.402224100000000000e+07 1.245227445050000027e+07
1.129844530400000066e+08 9.040393389000000060e+07 2.601938900000000000e+07 8.127074959900000691e+07
1.211824756739999950e+08 8.363372259329999983e+07 2.337768700000000000e+07 1.508093247612000108e+08
8.537903020000000298e+07 1.316410572000000030e+08 3.525000700000000000e+07 5.773931175999999978e+06
1.077144757999999821e+08 1.010197943499999940e+08 2.766745900000000000e+07 2.018624773999999976e+06
8.946481849150000513e+07 1.185947231877100021e+08 3.541577100000000000e+07 1.474101948833999969e+07
1.140449723199999779e+08 9.718305654999999702e+07 2.627997500000000000e+07 2.009919330000000075e+06
1.214220865000000000e+08 1.209165020000000000e+08 2.228497800000000000e+07 2.736785519999999925e+07
1.307896360900000334e+08 8.382505639999999106e+07 2.178989400000000000e+07 1.470494602599999905e+08
1.090031051510000229e+08 1.109516692999999970e+08 2.531699400000000000e+07 9.891490641000000760e+06
8.979686370999999344e+07 1.211922452800000012e+08 3.475898400000000000e+07 1.553540730999999912e+06
1.251751608200000226e+08 8.574317509999999404e+07 2.249663800000000000e+07 1.259391405000000000e+08
8.804237364000001550e+07 1.336633597999999970e+08 3.272499500000000000e+07 9.849977119000000879e+06
1.025083366480000019e+08 1.111033317000000030e+08 2.804736600000000000e+07 6.292908508999999613e+06
1.034003246700000018e+08 1.039056338509999961e+08 2.976482000000000000e+07 1.033297381000000052e+06
1.166368207999999821e+08 1.466493870000000000e+08 2.106304400000000000e+07 4.201420989999999851e+07
1.117844148650000244e+08 1.164191140000000000e+08 2.402111000000000000e+07 1.449188152999999933e+07
8.050628945000000298e+07 1.648226998000000119e+08 3.469253300000000000e+07 2.448754937999999896e+07
1.092160207000000030e+08 1.621752770000000000e+08 2.166714300000000000e+07 4.794902289999999851e+07
1.215337729699999988e+08 1.237873542000000030e+08 2.087693300000000000e+07 9.177063520000000298e+07
9.741948609999999404e+07 1.816085640000000000e+08 2.476295500000000000e+07 5.965326400000000000e+07
1.024923667500000000e+08 1.461289540000000000e+08 2.438178400000000000e+07 2.949779389000000060e+07
1.018601817999999821e+08 1.545190450000000000e+08 2.413736700000000000e+07 3.445556209999999404e+07
8.758452270900002122e+07 1.244263994399999976e+08 3.556316200000000000e+07 2.320271606699999887e+06
1.260924225799999982e+08 8.671549950000000000e+07 2.333389200000000000e+07 8.391181204000000656e+07
1.057336479099999964e+08 1.034931428700000048e+08 2.801596500000000000e+07 2.850441907999999821e+06
8.118104484000000358e+07 1.465005543139999807e+08 4.538603200000000000e+07 9.849943930000000400e+05
1.122906002300000042e+08 9.342034618099999428e+07 2.652987300000000000e+07 2.469191300200000033e+07
1.249696895499999970e+08 9.118527309999999404e+07 2.137103300000000000e+07 1.919966277800000012e+08
1.205391266699999571e+08 1.079900270199999958e+08 2.298539000000000000e+07 3.807647185999999940e+07
