1.145193976799999774e+08 1.029564524000000060e+08 2.518865400000000000e+07 6.202895219999999739e+06
1.161092802400000244e+08 1.051324372000000030e+08 2.466187100000000000e+07 7.977284000000000000e+06
1.080663092440000176e+08 1.025016067099999934e+08 2.703022700000000000e+07 3.605272210899999831e+06
1.059781927300000042e+08 1.012076354239999950e+08 2.895849900000000000e+07 9.826942330000000075e+05
1.334398871599999964e+08 8.386594454999999702e+07 2.106206200000000000e+07 1.854026016899999976e+08
1.303320731700000167e+08 8.963570429999999702e+07 2.149334900000000000e+07 1.377832193000000119e+08
1.190880135999999940e+08 1.127252520000000000e+08 2.349507800000000000e+07 1.331439519999999925e+07
1.278957820699999928e+08 8.369872600000000000e+07 2.228130400000000000e+07 1.344819190999999940e+08
1.185048303200000226e+08 1.037966695999999940e+08 2.457829500000000000e+07 7.392662100000000559e+06
1.212418302999999821e+08 1.108883667000000030e+08 2.334507000000000000e+07 1.804050839999999851e+07
1.059344381539999992e+08 1.097484854000000060e+08 2.668167200000000000e+07 7.339296549999999814e+06
1.240042377999999970e+08 8.397908067399999499e+07 2.334221000000000000e+07 1.088544442779999971e+08
1.200543019000000060e+08 1.068709922000000030e+08 2.408177800000000000e+07 9.566381400000000373e+06
1.248072739000000209e+08 9.123428060999999940e+07 2.406501500000000000e+07 4.726490721999999881e+07
1.169499872160000354e+08 1.060409995370000005e+08 2.366368000000000000e+07 3.245502220800000057e+07
1.208462852000000030e+08 1.286846280000000000e+08 2.166578600000000000e+07 3.299298250000000000e+07
1.228623879699999988e+08 9.102638040000000596e+07 2.469902300000000000e+07 3.364806607999999821e+07
1.035039371990000010e+08 1.090563929399999976e+08 2.801962900000000000e+07 5.026688360999999568e+06
1.249952653500000238e+08 8.910296003999999166e+07 2.345078400000000000e+07 7.248392557400000095e+07
1.115740290100000054e+08 1.548322610000000000e+08 2.152567000000000000e+07 4.131963470000000298e+07
1.202901274699999988e+08 1.244120510000000000e+08 2.228882900000000000e+07 2.217910014999999851e+07
1.075636880610000193e+08 1.068701597000000030e+08 2.642876900000000000e+07 6.369893412000000477e+06
9.916711543000002205e+07 1.367512165999999940e+08 2.641293400000000000e+07 2.110361201000000164e+07
7.912363546999999881e+07 1.970488600000000000e+08 3.432345600000000000e+07 4.311386650000000000e+07
1.314663485869999975e+08 8.020696990500000119e+07 2.155925200000000000e+07 1.927696828589999974e+08
1.201820509000000060e+08 1.367863250000000000e+08 2.107248900000000000e+07 4.322700039999999851e+07
9.558570203100000322e+07 1.092861132283899933e+08 3.206638100000000000e+07 5.485929179422000051e+07
1.116943086439999938e+08 1.105100135000000000e+08 2.470034500000000000e+07 1.056598888099999912e+07
7.699650634000000358e+07 2.017848260000000000e+08 3.708553100000000000e+07 4.153656239999999851e+07
1.292188647600000054e+08 8.668256560999999940e+07 2.219734100000000000e+07 1.194362673499999940e+08
1.189140277199999839e+08 1.463658730000000000e+08 2.106677400000000000e+07 3.715036489999999851e+07
9.183582270000000298e+07 1.885081800000000000e+08 2.668795200000000000e+07 5.854186300000000000e+07
1.275222405900000036e+08 8.918240241999998689e+07 2.283061300000000000e+07 8.924812323999999464e+07
1.205264145499999821e+08 1.054951173499999940e+08 2.333931400000000000e+07 3.324914500000000000e+07
1.038684850999999940e+08 1.722696450000000000e+08 2.282365500000000000e+07 5.713755700000000000e+07
1.208281302580000013e+08 9.414350571999999881e+07 2.588567900000000000e+07 1.153824098999999929e+06
1.190268183299999982e+08 9.929321990000000596e+07 2.516091800000000000e+07 4.510996009999999776e+06
1.122858424599999934e+08 1.040947290999999940e+08 2.545587900000000000e+07 6.293480190000000410e+06
1.203265067699999809e+08 1.046624709000000060e+08 2.385783100000000000e+07 2.031385594999999925e+07
1.289718891199999601e+08 8.950763778000000119e+07 2.224138900000000000e+07 1.079474966299999952e+08
1.316063115400000066e+08 8.439653146999999881e+07 2.103101000000000000e+07 1.974532163499999940e+08
9.393186517000001669e+07 1.149323396860000044e+08 3.370384400000000000e+07 9.522712619999999879e+05
1.325841528599999845e+08 8.903178400000000000e+07 2.098258700000000000e+07 1.637415359099999964e+08
1.278272577620000243e+08 8.596781254999999702e+07 2.281158300000000000e+07 1.016444624350000024e+08
1.310839059099999964e+08 7.927590634000000358e+07 2.206318800000000000e+07 1.660215701699999869e+08
1.005995352999999970e+08 1.703359810000000000e+08 2.381510800000000000e+07 5.627441600000000000e+07
1.119299249000000060e+08 1.526640060000000000e+08 2.138067500000000000e+07 4.582520750000000000e+07
8.059748415000000596e+07 1.423511262100000083e+08 4.156425500000000000e+07 3.774048503000000957e+06
8.776865329999999702e+07 1.243717913819999993e+08 3.609570400000000000e+07 1.274549343000000110e+06
1.104671204000000060e+08 1.697975410000000000e+08 2.123414200000000000e+07 6.480128100000000000e+07
1.219200300499999970e+08 1.010068883499999940e+08 2.394567900000000000e+07 2.524196148000000045e+07
1.177134789759999812e+08 8.570609341209998727e+07 2.455964900000000000e+07 1.537202923413000107e+08
1.190590326899999976e+08 1.278023542000000030e+08 2.091737300000000000e+07 9.706683670000000298e+07
1.142680603439999968e+08 9.386834092859999835e+07 2.699071000000000000e+07 3.143345289410000201e+06
1.178076150530000031e+08 1.281465790000000000e+08 2.219751100000000000e+07 2.333623257700000331e+07
1.176505771400000155e+08 1.356056070000000000e+08 2.170106100000000000e+07 2.812323574799999967e+07
1.247149070000000000e+08 8.901932620000000298e+07 2.407663300000000000e+07 5.443825314999999851e+07
1.183681671200000048e+08 1.072515220999999940e+08 2.410747900000000000e+07 1.067555068999999948e+07
1.204209906800000221e+08 1.171172210999999940e+08 2.283998400000000000e+07 1.969496789999999851e+07
1.126251870999999940e+08 1.617862800000000000e+08 2.099649700000000000e+07 5.756044000000000000e+07
8.669498989590001106e+07 1.222296032678100020e+08 3.652710000000000000e+07 3.509495832363999635e+07
1.222940947800000012e+08 1.101291029399999976e+08 2.215276300000000000e+07 5.934622568999999762e+07
1.230003306200000048e+08 8.592083240000000596e+07 2.280478300000000000e+07 1.246311697999999970e+08
1.224858660999999940e+08 1.045452589000000060e+08 2.328195500000000000e+07 3.449411548000000417e+07
8.309409445999999344e+07 1.754943300000000000e+08 3.128676900000000000e+07 3.794013179999999702e+07
1.203710992000000179e+08 9.882757500000000000e+07 2.448466300000000000e+07 1.940304039999999851e+07
9.189153740999999642e+07 1.182959116299999952e+08 3.370490900000000000e+07 1.607560709000000032e+06
1.292109035680000037e+08 7.861790893930000067e+07 2.221162400000000000e+07 1.915524474625999928e+08
7.665353528300000727e+07 1.612624996999999881e+08 4.422931300000000000e+07 1.005404786999999918e+07
1.146208862000000030e+08 1.473018110000000000e+08 2.108627100000000000e+07 5.216594360000000149e+07
1.202780559599999934e+08 8.821699909999999404e+07 2.334709400000000000e+07 1.041942202999999970e+08
1.150047292380000055e+08 8.808868023029999435e+07 2.540321500000000000e+07 1.322366836171000004e+08
8.494588915000000596e+07 1.318118395199999958e+08 3.562119100000000000e+07 5.636737096000000834e+06
1.099018989790000021e+08 1.018413937600000054e+08 2.648234900000000000e+07 3.848082060279999860e+06
1.243680206200000048e+08 1.232716755999999940e+08 2.068465300000000000e+07 9.719249140000000596e+07
1.274605609480000436e+08 8.729712174000000954e+07 2.297137900000000000e+07 9.124690849199999869e+07
8.797586519000011683e+07 1.204249213700000048e+08 3.599847600000000000e+07 2.120343423000000045e+07
1.219239087500000000e+08 9.774340479999999702e+07 2.521324000000000000e+07 3.697976819999999832e+06
1.168002315400000066e+08 9.687156915000000596e+07 2.576428800000000000e+07 3.831749311999999918e+06
1.333671824899999797e+08 7.985787909999999404e+07 2.157542500000000000e+07 1.800891205999999940e+08
1.149218824899999946e+08 1.433024650000000000e+08 2.155666000000000000e+07 3.288540560999999940e+07
7.462435707000000775e+07 1.966890708000000119e+08 4.154301100000000000e+07 3.280591980000000075e+07
9.757513665000000596e+07 1.111021386700000018e+08 3.123129900000000000e+07 1.886848573000000091e+06
9.467327929000000656e+07 1.412078694000000060e+08 2.799518100000000000e+07 2.094162198000000045e+07
8.972501168000000715e+07 1.218107334520000070e+08 3.618462200000000000e+07 5.228346689999999944e+05
1.106709638100000173e+08 9.462725475000000000e+07 2.693033600000000000e+07 2.235873173299999908e+07
1.084239766050000042e+08 1.084452570000000000e+08 2.586030300000000000e+07 7.868000674000000581e+06
1.324210921700000018e+08 8.681967679999999702e+07 2.094972100000000000e+07 1.774829384300000072e+08
1.079642787600000054e+08 1.577176930000000000e+08 2.190156700000000000e+07 5.607810300000000000e+07
1.258529398700000048e+08 8.691433050000000000e+07 2.351696400000000000e+07 7.769835437999999523e+07
1.011193268760000020e+08 1.031555442389999926e+08 2.935266800000000000e+07 8.469680185549999774e+07
1.139307009720000178e+08 1.120301670999999940e+08 2.411251200000000000e+07 1.225812649400000088e+07
1.198507747399999946e+08 8.672331600000000000e+07 2.338623700000000000e+07 1.214028043100000024e+08
8.566463300000000000e+07 1.956425110000000000e+08 2.917579000000000000e+07 5.402132110000000149e+07
8.046314299000011384e+07 1.475827226999999881e+08 3.800561300000000000e+07 1.096992156000000052e+07
9.811014479999999702e+07 1.684255150000000000e+08 2.469613700000000000e+07 5.317513200000000000e+07
9.614057495000000298e+07 1.342792936599999964e+08 2.767998800000000000e+07 5.076750292000000179e+07
1.294060736500000060e+08 8.242914773999999464e+07 2.147950000000000000e+07 2.000972688400000036e+08
7.703968117000000179e+07 1.579917673000000119e+08 4.503372000000000000e+07 7.466876890000000596e+06
8.599400166999998689e+07 1.360540180000000000e+08 3.378137800000000000e+07 9.706149117000000551e+06
1.087000439699999988e+08 1.518462280000000000e+08 2.221111100000000000e+07 3.632243346999999881e+07
1.221895290000000000e+08 9.057274300000000000e+07 2.538443400000000000e+07 2.050061600000000000e+07
8.354116756000000238e+07 1.438678133000000119e+08 3.436703600000000000e+07 1.329473450000000000e+07
1.223555098599999994e+08 8.344727256000000238e+07 2.317189400000000000e+07 1.392181814000000060e+08
7.514035026999999583e+07 1.798723910999999940e+08 4.505197000000000000e+07 1.884731487000000104e+07
9.233710678000000119e+07 1.248809770999999940e+08 3.137327000000000000e+07 7.626337049999999814e+06
1.273801426700000167e+08 8.542101159999999404e+07 2.262611100000000000e+07 1.118146260999999940e+08
8.447257952000001073e+07 1.349231910000000000e+08 3.528571800000000000e+07 7.556293667999999598e+06
8.351633819999998808e+07 1.828431880000000000e+08 3.058474500000000000e+07 4.258811410000000149e+07
1.247093768660000414e+08 8.097438768860000372e+07 2.275690800000000000e+07 1.783843087836000025e+08
1.014997300999999940e+08 1.029354842099999934e+08 3.032179400000000000e+07 2.162470683799999952e+07
1.228564700719999969e+08 8.875588297300000489e+07 2.463579800000000000e+07 4.391411119099999964e+07
8.561957521200001240e+07 1.277336579200000018e+08 3.650082100000000000e+07 2.779884449000000022e+06
9.879527937999999523e+07 1.409478280000000000e+08 2.590529800000000000e+07 6.803616523000000417e+07
1.055800550199999958e+08 1.027618388799999952e+08 2.863570300000000000e+07 1.315073155999999959e+06
1.075850578499999940e+08 1.278513367999999970e+08 2.395830500000000000e+07 2.054469492000000179e+07
1.304700617699999958e+08 8.841402490000000596e+07 2.099774700000000000e+07 1.744070964099999964e+08
1.001946775400000215e+08 1.073363021770000011e+08 3.133676500000000000e+07 7.521787369999999646e+05
1.148479645999999940e+08 1.263818460000000000e+08 2.244080100000000000e+07 2.862543160000000149e+07
7.470622319000001252e+07 1.852712180999999940e+08 4.279166200000000000e+07 2.506526769999999925e+07
8.350993816779999435e+07 1.336665060300000012e+08 3.952655700000000000e+07 1.943810243990000105e+06
7.913214450000000000e+07 1.481842380300000012e+08 4.353097400000000000e+07 4.249372231999999844e+06
1.218758338079999983e+08 9.013865459000000358e+07 2.518912900000000000e+07 2.690918620699999854e+07
1.088768913840000033e+08 1.113344770999999940e+08 2.531226200000000000e+07 1.004039975999999978e+07
8.257035166000001132e+07 1.512120325999999940e+08 3.414092300000000000e+07 1.767160752999999747e+07
1.083927688887999952e+08 1.007293424000000060e+08 2.733409700000000000e+07 2.375080395120000001e+06
1.159145982500000000e+08 9.442616185799999535e+07 2.652513300000000000e+07 6.400431539999999804e+05
1.238437859000000060e+08 1.134564687999999970e+08 2.166635300000000000e+07 6.704320557999999821e+07
1.123462540900000036e+08 1.266291962000000030e+08 2.297195400000000000e+07 2.164822651000000164e+07
8.384231857000002265e+07 1.495389543000000119e+08 3.329494700000000000e+07 1.735985021999999881e+07
1.101403161300000399e+08 9.762682673600000143e+07 2.766201200000000000e+07 7.011255920000000624e+05
1.250198257900000066e+08 8.399793806000000238e+07 2.204223200000000000e+07 1.925263944560000002e+08
1.054417670199999809e+08 1.393085560000000000e+08 2.378823400000000000e+07 2.685014451000000164e+07
1.140838143400000036e+08 1.261012962999999970e+08 2.178859800000000000e+07 8.189424106000000238e+07
1.116492548100000024e+08 1.445990020000000000e+08 2.196396900000000000e+07 3.247762305999999866e+07
7.479948413000001013e+07 1.825959189000000060e+08 4.333519700000000000e+07 2.303423760000000149e+07
1.289414882099999934e+08 8.695134962000000477e+07 2.105213900000000000e+07 2.102485110900000036e+08
1.170313510980000198e+08 1.204014182999999970e+08 2.290801700000000000e+07 1.826483939790000021e+07
1.125411096200000048e+08 1.344094290000000000e+08 2.239061700000000000e+07 2.627367935099999979e+07
8.727944297999998927e+07 1.795693560000000000e+08 2.885506100000000000e+07 4.021303279999999702e+07
1.115494063700000197e+08 9.694786225000000000e+07 2.712587800000000000e+07 9.114785300000000279e+05
8.348118307000000775e+07 1.359804346599999964e+08 3.611705700000000000e+07 7.562345663999999873e+06
1.183135820000000447e+08 9.071763220000000298e+07 2.408918700000000000e+07 7.112309690000000596e+07
1.270035741099999845e+08 8.928521028000000119e+07 2.275463300000000000e+07 9.234264393999999762e+07
1.206810331400000155e+08 1.304579090000000000e+08 2.166548600000000000e+07 2.998911050000000000e+07
1.092886316448999941e+08 1.006030592199999988e+08 2.697188500000000000e+07 2.708158236440000124e+06
1.091093035499999970e+08 1.337743380000000000e+08 2.310206700000000000e+07 2.486413576999999955e+07
7.511994702000001073e+07 2.058595230000000000e+08 4.014658300000000000e+07 3.946973470000000298e+07
1.141420220070000440e+08 1.210840325000000000e+08 2.319903200000000000e+07 1.800673725699999928e+07
9.343091079999999702e+07 1.862325480000000000e+08 2.611632800000000000e+07 5.866545400000000000e+07
1.171316965900000036e+08 8.921896533400000632e+07 2.494896800000000000e+07 5.828422150999999791e+07
1.147511200300000161e+08 1.000807205600000024e+08 2.559566200000000000e+07 4.303932900000000373e+06
1.306964406299999952e+08 8.665000875000000000e+07 2.159968700000000000e+07 1.430898905399999917e+08
1.041006772500000000e+08 1.039081559000000060e+08 2.902120600000000000e+07 1.595404024999999907e+06
1.152579822999999821e+08 1.483839890000000000e+08 2.108914100000000000e+07 4.495587439999999851e+07
1.249084509899999946e+08 8.908700468000000715e+07 2.229119700000000000e+07 1.208139675799999982e+08
1.093734263599999845e+08 1.223023779000000060e+08 2.397637300000000000e+07 1.754116057300000265e+07
1.143033806499999762e+08 1.363723390000000000e+08 2.200089700000000000e+07 2.807345962000000104e+07
1.163085410339999944e+08 8.690951982299999893e+07 2.497983800000000000e+07 1.405442586083000004e+08
1.326498071599999964e+08 8.387640471999999881e+07 2.144242000000000000e+07 1.606651685699999928e+08
1.118918818499999940e+08 9.142989923999999464e+07 2.628790500000000000e+07 7.565726552199999988e+07
1.148189468299999982e+08 1.291003750999999940e+08 2.144520600000000000e+07 9.304559065000000596e+07
8.333605174000000954e+07 1.673615770000000000e+08 3.178246300000000000e+07 2.912031158999999985e+07
8.500788114000000060e+07 1.889243770000000000e+08 2.963096700000000000e+07 4.438698789999999851e+07
