1.208953556200000048e+08 9.763371409999999404e+07 2.528178600000000000e+07 3.533872879999999888e+06
1.106463282500000000e+08 9.725739162999999523e+07 2.747342100000000000e+07 7.829976309999999357e+05
1.255523789099999964e+08 8.732900109999999404e+07 2.342960100000000000e+07 7.912278350000000000e+07
1.169914897300000191e+08 9.391011738300000131e+07 2.648305600000000000e+07 3.589478099999999977e+05
1.243918147199999988e+08 8.973117240000000596e+07 2.406999700000000000e+07 5.245311760000000149e+07
1.097144913499999940e+08 1.405754300000000000e+08 2.251755000000000000e+07 2.960189783999999985e+07
1.126340260100000054e+08 1.023375502999999970e+08 2.565558800000000000e+07 5.179493629999999888e+06
1.140338751799999774e+08 9.972263014000000060e+07 2.581559700000000000e+07 3.702110540000000037e+06
1.206892692999999970e+08 1.325086640000000000e+08 2.151537900000000000e+07 3.168153600000000000e+07
1.082838497510000020e+08 9.703127802030000091e+07 2.801352500000000000e+07 1.117884322949999943e+07
1.209571060999999791e+08 1.397486010000000000e+08 2.102877100000000000e+07 3.916146510000000149e+07
1.184731680000000000e+08 1.412073820000000000e+08 2.108039100000000000e+07 4.060015410000000149e+07
1.191675755419999957e+08 8.785560681200000644e+07 2.454096100000000000e+07 6.687077731499999762e+07
1.201553732999999970e+08 1.185583539000000060e+08 2.285637900000000000e+07 1.730845850000000000e+07
1.207058145999999940e+08 1.067229907000000030e+08 2.406656500000000000e+07 9.527074500000000000e+06
1.259012700160000026e+08 8.393125632099999487e+07 2.333408500000000000e+07 1.004396678330000043e+08
1.160720374000000060e+08 1.354173460000000000e+08 2.156355300000000000e+07 3.915676860000000149e+07
1.251277963299999833e+08 8.655701150000000000e+07 2.338599200000000000e+07 8.507376295000000298e+07
1.185883705399999768e+08 1.034813780000000000e+08 2.460967100000000000e+07 7.213753400000000373e+06
1.221957545000000000e+08 9.044472600000000000e+07 2.531742100000000000e+07 2.238352300000000000e+07
1.201088489899999946e+08 1.336542970999999940e+08 2.063002500000000000e+07 1.138944010000000000e+08
1.242718834099999964e+08 1.218866262999999970e+08 2.075650900000000000e+07 9.420427279999999702e+07
1.190384647859999985e+08 8.951575888400000334e+07 2.508850800000000000e+07 4.140808799199999869e+07
1.321086711500000060e+08 8.334627596999999881e+07 2.165537900000000000e+07 1.534087250500000119e+08
1.229705197199999988e+08 1.004004058700000048e+08 2.398984000000000000e+07 2.457816503000000119e+07
1.308363718599999994e+08 8.734452025000000000e+07 2.162226600000000000e+07 1.389514080699999928e+08
1.121457450859999955e+08 9.083031623450000584e+07 2.618520900000000000e+07 1.165492967106000036e+08
1.287354941099999994e+08 8.018836076000000536e+07 2.221015200000000000e+07 1.641011185800000131e+08
1.139173442300000042e+08 1.030657902999999970e+08 2.529702000000000000e+07 5.987503370000000112e+06
8.110033076999999583e+07 1.403235698700000048e+08 4.075401500000000000e+07 4.539894253000000492e+06
1.260999235339999944e+08 7.960420691570000350e+07 2.290717500000000000e+07 1.902799023968999982e+08
9.887919398000001907e+07 1.053676778422999978e+08 3.042635400000000000e+07 7.269911294533999264e+07
1.188843495999999940e+08 1.256418470000000000e+08 2.230437100000000000e+07 2.186915339999999851e+07
1.214857595000000000e+08 1.276512460000000000e+08 2.168016100000000000e+07 3.371765650000000000e+07
1.226956527300000042e+08 1.097256467999999970e+08 2.258767200000000000e+07 4.329325632999999821e+07
1.247691114200000018e+08 8.839084987999999523e+07 2.159467100000000000e+07 1.977068528700000048e+08
1.059135053600000441e+08 1.014561391400000006e+08 2.964477300000000000e+07 4.503294629999999888e+05
1.316470211500000060e+08 8.447367728000000119e+07 2.102175100000000000e+07 1.971660681999999881e+08
1.103810467700000405e+08 1.452689950000000000e+08 2.215248100000000000e+07 3.254425571000000089e+07
1.207565766500000060e+08 1.056465134200000018e+08 2.324063800000000000e+07 3.556916860999999940e+07
8.946821503589999676e+07 1.177167436053700000e+08 3.498847700000000000e+07 3.971055582625000179e+07
8.548369461200001836e+07 1.278855885199999958e+08 3.662287400000000000e+07 2.779492350000000093e+06
1.226604318819999993e+08 9.686982045900000632e+07 2.468016000000000000e+07 1.695076068699999899e+07
1.141368404930000007e+08 1.211246220000000000e+08 2.319603200000000000e+07 1.803265413599999994e+07
1.126937069899999797e+08 1.070992279000000060e+08 2.493165100000000000e+07 8.605429514999998733e+06
8.342135024000000954e+07 1.930329730000000000e+08 3.045730200000000000e+07 4.780607429999999702e+07
1.234069463599999994e+08 1.175174122000000030e+08 2.134871900000000000e+07 7.132861859999999404e+07
1.145477310699999928e+08 1.224998147000000030e+08 2.287911900000000000e+07 2.294859780000000075e+07
1.016709820900000036e+08 1.155682770000000000e+08 2.772467600000000000e+07 8.751747619000000879e+06
1.317677581700000167e+08 8.535542246000000834e+07 2.109456500000000000e+07 1.778503638100000024e+08
1.283031248499999940e+08 8.697752151999999583e+07 2.269670200000000000e+07 1.008391534300000072e+08
1.275434378400000185e+08 8.696972168000000715e+07 2.167451900000000000e+07 1.513367999099999964e+08
7.519433366000001132e+07 1.753995856999999881e+08 4.383127100000000000e+07 1.832726914999999851e+07
1.165205256299999952e+08 1.008385575000000000e+08 2.522310800000000000e+07 5.109759560000000522e+06
1.185780578299999982e+08 1.334504430000000000e+08 2.168747400000000000e+07 2.862970089999999851e+07
9.801317138060000539e+07 1.105049949699999988e+08 3.106492700000000000e+07 2.007322103589999955e+06
1.301673965799999982e+08 8.304019120000000298e+07 2.222710800000000000e+07 1.334722317000000030e+08
1.263864576100000441e+08 8.920224246000000834e+07 2.259382900000000000e+07 1.000102627999999970e+08
8.892123580000001192e+07 1.237680534699999988e+08 3.409823800000000000e+07 4.681986313000000082e+06
1.187229046999999583e+08 1.146662914000000060e+08 2.330340400000000000e+07 1.473441040000000037e+07
1.003131568800000399e+08 1.071834216959999949e+08 3.091499900000000000e+07 1.022934263000000035e+06
7.787217779000000656e+07 1.537985467699999809e+08 4.518652900000000000e+07 5.042574524000000209e+06
1.096519081400000155e+08 1.147743924000000060e+08 2.469420900000000000e+07 1.255254591200000048e+07
7.455636591000001132e+07 1.940098954000000060e+08 4.200820400000000000e+07 3.083731400000000000e+07
1.191974276800000072e+08 1.157839675000000000e+08 2.180752500000000000e+07 7.047553576000000536e+07
9.174498951999999583e+07 1.240994380699999928e+08 3.189645100000000000e+07 6.571343251999999397e+06
1.178028190910000056e+08 8.734960548499999940e+07 2.373478900000000000e+07 1.493400757380000055e+08
1.074828805199999958e+08 1.304437759000000060e+08 2.378190200000000000e+07 2.211956487999999896e+07
1.129969044000000060e+08 1.523495150000000000e+08 2.141505200000000000e+07 3.971786470000000298e+07
1.120512605000000000e+08 1.601696920000000000e+08 2.104708700000000000e+07 6.127854500000000000e+07
1.156942656899999976e+08 9.774346614000000060e+07 2.583928300000000000e+07 2.919937330000000075e+06
1.262599007859999985e+08 8.100072508300000429e+07 2.227375300000000000e+07 1.913115275589999855e+08
9.190149790999999642e+07 1.439027004000000060e+08 2.886573400000000000e+07 5.029093692000000179e+07
1.183439377999999970e+08 1.083512315000000000e+08 2.401849900000000000e+07 1.046238709999999963e+07
1.331478793900000006e+08 7.963186909999999404e+07 2.166870300000000000e+07 1.768120457400000095e+08
1.181422631790000200e+08 9.094292630200000107e+07 2.564674500000000000e+07 2.421396384200000018e+07
8.961047560999999940e+07 1.214389338799999952e+08 3.486943000000000000e+07 1.539240678000000073e+06
7.505550494000001252e+07 2.049957670000000000e+08 4.027189200000000000e+07 3.885490079999999702e+07
1.050283950999999940e+08 1.726311450000000000e+08 2.249682800000000000e+07 6.115300300000000000e+07
9.361352845000000298e+07 1.141382847189999968e+08 3.380492300000000000e+07 5.872261529000000097e+06
1.284074762769999951e+08 8.240945257199999690e+07 2.278308700000000000e+07 1.207428775540000051e+08
1.165682729399999976e+08 1.570860590000000000e+08 2.064369800000000000e+07 5.985293800000000000e+07
1.141769936599999964e+08 9.043332445999999344e+07 2.520049500000000000e+07 7.237036126500000060e+07
1.081809452600000054e+08 1.619066280000000000e+08 2.192087200000000000e+07 4.575802439999999851e+07
9.161201971960000694e+07 1.145697591753800064e+08 3.389020200000000000e+07 4.495630952059999853e+07
8.485077068000000715e+07 1.924272720000000000e+08 2.961378400000000000e+07 4.825467529999999702e+07
1.336090237900000215e+08 8.378167757999999821e+07 2.109163400000000000e+07 1.827650180099999905e+08
1.272484889200000018e+08 8.931018870000000298e+07 2.149871600000000000e+07 1.529624539399999976e+08
1.302838562699999958e+08 8.969403590000000596e+07 2.108173900000000000e+07 1.620564644099999964e+08
1.085973912999999970e+08 9.897039495299999416e+07 2.787535300000000000e+07 1.190327389999999898e+06
1.316250368750000000e+08 8.013369064699999988e+07 2.156010200000000000e+07 1.909628020090000033e+08
1.006318115100000054e+08 1.040922243499999940e+08 3.072895300000000000e+07 1.752625124500000104e+07
1.207376018920000046e+08 9.400265830400000513e+07 2.591616900000000000e+07 1.077393188000000082e+06
1.310184414389999956e+08 8.012418314000000060e+07 2.222948500000000000e+07 1.505794194569999874e+08
1.239557633100000024e+08 9.075787770000000298e+07 2.468125700000000000e+07 3.355251187999999896e+07
8.159550456999999285e+07 1.683464780000000000e+08 3.312300700000000000e+07 2.856483817000000179e+07
8.341135668999999762e+07 1.416410285999999940e+08 3.489255000000000000e+07 1.162432797000000067e+07
1.187022411899999529e+08 8.807573564000000060e+07 2.430332600000000000e+07 7.593759820000000298e+07
1.148590162699999958e+08 9.441796209900000691e+07 2.690175500000000000e+07 3.728350559999999823e+05
1.266164787600000054e+08 8.450995109999999404e+07 2.269839100000000000e+07 1.166047093900000006e+08
1.035014935400000066e+08 1.037746511889999956e+08 3.024622600000000000e+07 6.257158649999999907e+05
1.294587415600000024e+08 8.811936759999999404e+07 2.095532300000000000e+07 1.948772982599999905e+08
1.002989402600000203e+08 1.662990120000000000e+08 2.418217600000000000e+07 4.151022410000000149e+07
1.228348631899999529e+08 1.259525140999999940e+08 2.064394300000000000e+07 1.023760584000000060e+08
1.119695619000000060e+08 1.528890620000000000e+08 2.137607400000000000e+07 4.558405670000000298e+07
1.181842149000000060e+08 1.201038264000000060e+08 2.282544200000000000e+07 1.823011160000000149e+07
1.223233216500000060e+08 1.106864025000000000e+08 2.211830900000000000e+07 5.895065889000000060e+07
1.037091717999999970e+08 1.008784151299999952e+08 2.969459600000000000e+07 1.612977864399999939e+07
1.054337942150000036e+08 9.777910910840000212e+07 2.830734100000000000e+07 9.342178280824999511e+07
9.208397879999999702e+07 1.738566620000000000e+08 2.681719500000000000e+07 5.042635820000000298e+07
7.467961043000000715e+07 1.964873290000000000e+08 4.134778100000000000e+07 3.291716350000000000e+07
1.027322320799999982e+08 1.051722202769999951e+08 2.994831000000000000e+07 7.949750829999999842e+05
1.105846503000000417e+08 1.275828260999999940e+08 2.321786400000000000e+07 2.193885554000000283e+07
1.223735159800000042e+08 9.097278312000000477e+07 2.189483900000000000e+07 1.901366595999999940e+08
1.228955584300000072e+08 8.998445500000000000e+07 2.464865800000000000e+07 3.850545424000000209e+07
1.051438805999999940e+08 9.948811712999999523e+07 2.925782900000000000e+07 1.498076264399999939e+07
1.174374679420000017e+08 8.748839115299999714e+07 2.385881500000000000e+07 1.448137731649000049e+08
1.065672563499999940e+08 1.190800642999999970e+08 2.513574000000000000e+07 1.435115343899999931e+07
7.940022610000000894e+07 1.964948880000000000e+08 3.401526400000000000e+07 4.330743360000000149e+07
1.020646448299999982e+08 1.052886197360000014e+08 3.063473100000000000e+07 7.011255920000000624e+05
1.284545266400000006e+08 8.287290051999999583e+07 2.155207900000000000e+07 2.008921044499999881e+08
7.807488239999999106e+07 1.687508679000000060e+08 3.784377500000000000e+07 2.252099882999999821e+07
8.690980062899999321e+07 1.269586642800000012e+08 3.526312800000000000e+07 3.417986248999999836e+06
1.127947696500000060e+08 1.103450539000000060e+08 2.448552100000000000e+07 1.119757607000000030e+07
1.248879436720000058e+08 8.347024802799999714e+07 2.318122600000000000e+07 1.140335107280000001e+08
9.501304162999999523e+07 1.187793546299999952e+08 3.081989400000000000e+07 5.790052018000000156e+06
1.303556708700000048e+08 8.365039832000000775e+07 2.166772500000000000e+07 1.557975777100000083e+08
8.446370331999999285e+07 1.797615770000000000e+08 3.029016500000000000e+07 3.793486829999999702e+07
8.613772460000000894e+07 1.959490930000000000e+08 2.895413100000000000e+07 5.515541970000000298e+07
7.458597678640000522e+07 1.886748165000000000e+08 4.256387700000000000e+07 2.741552850000000000e+07
1.276596625699999928e+08 9.015295065999999642e+07 2.213481800000000000e+07 1.125565169599999934e+08
1.166056234300000072e+08 1.291856610000000000e+08 2.224231700000000000e+07 2.374280708100000024e+07
8.981235279000002146e+07 1.650779550000000000e+08 2.830872100000000000e+07 3.949686279999999702e+07
1.206899776900000423e+08 1.027577551500000060e+08 2.382015800000000000e+07 2.583822289000000060e+07
8.173005317000000179e+07 1.573594430999999940e+08 3.413750700000000000e+07 2.191047019999999925e+07
1.121638772100000232e+08 9.639148825800000131e+07 2.709700700000000000e+07 7.164143070000000298e+05
1.221443643700000048e+08 8.784022759999999404e+07 2.300787500000000000e+07 1.079199710000000000e+08
1.237459633700000048e+08 8.233660321399998665e+07 2.267624100000000000e+07 1.836582731999000013e+08
1.153231421615999937e+08 8.890703315538001060e+07 2.465152600000000000e+07 1.033244197556000054e+08
1.106374274650000036e+08 1.053546065999999940e+08 2.567432200000000000e+07 6.542036103600000031e+06
9.343777271349999309e+07 1.120724072908699960e+08 3.302723500000000000e+07 4.962860231483999640e+07
9.466118470999999344e+07 1.141953297360000014e+08 3.362959700000000000e+07 7.011255920000000624e+05
1.143402224599999934e+08 9.098247661900000274e+07 2.558759500000000000e+07 5.010852818599999696e+07
1.255964758400000334e+08 9.060435332999999821e+07 2.350885400000000000e+07 6.469123970000000298e+07
1.094807216400000155e+08 1.600735000000000000e+08 2.169946900000000000e+07 4.528458710000000149e+07
7.808011290000000596e+07 1.529555015199999809e+08 4.521349900000000000e+07 4.562104943000000902e+06
8.752924491999998689e+07 1.247347314800000042e+08 3.604133500000000000e+07 1.485255242000000086e+06
1.140223035030000061e+08 1.129463347999999970e+08 2.400338800000000000e+07 1.277882645629999973e+07
9.164155163300000131e+07 1.185498801700000018e+08 3.350854400000000000e+07 2.571356492999999784e+06
9.033671529000000656e+07 1.485048390999999940e+08 2.945938300000000000e+07 2.233457012000000104e+07
8.066263104000000656e+07 1.946632720000000000e+08 3.271686800000000000e+07 4.445348060000000149e+07
1.184821596899999976e+08 1.440474840000000000e+08 2.109018900000000000e+07 3.759309260000000149e+07
9.193597670000000298e+07 1.821957940000000000e+08 2.668418400000000000e+07 5.510054000000000000e+07
8.620608725999999046e+07 1.557773330000000000e+08 3.110404300000000000e+07 2.337102989000000060e+07
1.213269400400000364e+08 1.096654679000000060e+08 2.291322900000000000e+07 3.449111235999999940e+07
7.497303032000000775e+07 1.802449650000000000e+08 4.299737200000000000e+07 2.179982596999999881e+07
1.219576375489999950e+08 8.639149513600000739e+07 2.394972400000000000e+07 7.997492899500000477e+07
1.097666861439999938e+08 1.027730396099999994e+08 2.633161100000000000e+07 4.618094467000000179e+06
8.662529332150007784e+07 1.223673831877100021e+08 3.660543100000000000e+07 3.261415948834000155e+07
1.105687505900000036e+08 1.430609450000000000e+08 2.208424100000000000e+07 3.527074889999999851e+07
7.573267340000000596e+07 1.685993740999999940e+08 4.438288400000000000e+07 1.393498753999999911e+07
1.167263245999999940e+08 1.416187700000000000e+08 2.147740100000000000e+07 3.170910264699999988e+07
1.211883627759999931e+08 8.334745853345999122e+07 2.377969100000000000e+07 1.442338075660000145e+08
7.595657647999998927e+07 1.736476790000000000e+08 4.169983700000000000e+07 1.986560782999999821e+07
9.631988650000000000e+07 1.828932140000000000e+08 2.512578500000000000e+07 5.941131800000000000e+07
8.224353245000001788e+07 1.583987575000000000e+08 3.350129600000000000e+07 2.367297320000000298e+07
8.339614848000003397e+07 1.333431435600000024e+08 3.766663300000000000e+07 4.273195201999999583e+06
1.077924779259999990e+08 1.038175347999999970e+08 2.686669200000000000e+07 4.446170830000000075e+06
8.410412157000000775e+07 1.554011340000000000e+08 3.243205100000000000e+07 2.146071264999999851e+07
1.146742147399999797e+08 9.584509223800000548e+07 2.646854600000000000e+07 1.110614047000000020e+06
9.320923164300000668e+07 1.176922789899999946e+08 3.254384700000000000e+07 2.663167586399999913e+06
1.082078509099999964e+08 1.093842245999999940e+08 2.576304300000000000e+07 8.932034269999999553e+06
1.162738562399999946e+08 8.931397259000000358e+07 2.481780500000000000e+07 6.975103798999999464e+07
7.721143198999999464e+07 1.570073838000000119e+08 4.506746600000000000e+07 6.890105950000000186e+06
1.000166538299999982e+08 1.088002814699999988e+08 3.039268100000000000e+07 1.585022770999999950e+06
8.530243266000001132e+07 1.332928505000000000e+08 3.491515900000000000e+07 6.949285555999999866e+06
