1.187535215000000000e+08 1.257230450000000000e+08 2.230405100000000000e+07 2.194550600000000000e+07
1.163409793099999577e+08 9.426330213799999654e+07 2.651241200000000000e+07 4.588239459999999963e+05
1.210731625814999938e+08 9.089230087628999352e+07 2.574006300000000000e+07 1.427364623362999968e+07
1.331422925000000000e+08 7.993474279999999702e+07 2.156121500000000000e+07 1.812076870999999940e+08
1.281779131400000006e+08 8.202776040000000596e+07 2.204578800000000000e+07 1.587942995999999940e+08
1.202534890999999940e+08 1.118583414000000060e+08 2.350923900000000000e+07 1.295950200000000000e+07
1.214496723100000024e+08 1.013096725999999940e+08 2.471452100000000000e+07 6.064361300000000745e+06
1.137989057800000012e+08 1.005335025000000000e+08 2.571964100000000000e+07 4.215038610000000335e+06
1.206875948000000417e+08 1.064142450000000000e+08 2.409715200000000000e+07 9.399782199999999255e+06
1.273713955000000000e+08 8.818590406999999285e+07 2.286515600000000000e+07 9.167980379999999702e+07
8.895082171000000834e+07 1.232414859679999948e+08 3.585245600000000000e+07 8.119241360000000568e+05
1.308817026400000155e+08 8.197276529999999702e+07 2.201015700000000000e+07 1.471911733000000119e+08
9.485869904000000656e+07 1.288064030999999940e+08 2.929476000000000000e+07 1.264350003200000152e+07
1.189027735999999940e+08 1.132409659000000060e+08 2.345552000000000000e+07 1.362534640000000037e+07
1.078834183199999928e+08 1.058244720000000000e+08 2.645913200000000000e+07 5.921540160999999382e+06
1.318057666200000048e+08 7.998963400000000000e+07 2.188298400000000000e+07 1.653295014900000095e+08
1.232055780499999821e+08 1.128033514000000060e+08 2.198619300000000000e+07 5.655777709000000358e+07
1.041678015900000036e+08 1.030214286159999967e+08 3.000171700000000000e+07 6.750369660000000149e+05
1.145462662310000062e+08 1.189912980000000000e+08 2.333516300000000000e+07 1.673438994180000015e+07
8.296716858599999547e+07 1.348165318499999940e+08 3.960848500000000000e+07 2.427228582200000063e+06
7.949349654000000656e+07 1.963186150000000000e+08 3.391299400000000000e+07 4.335026029999999702e+07
1.301156538900000006e+08 8.687579500000000000e+07 2.162442800000000000e+07 1.422806221200000048e+08
1.208081120999999940e+08 9.409791036300000548e+07 2.588280900000000000e+07 1.223608290999999968e+06
8.754100883260002732e+07 1.207985601522199959e+08 3.603166900000000000e+07 3.682542601246999949e+07
1.106988858519999981e+08 1.065103547999999970e+08 2.547541600000000000e+07 7.416735590699999593e+06
1.035139524940000176e+08 1.055306272399999946e+08 2.878910900000000000e+07 2.642936303499999922e+06
1.217591040499999970e+08 9.103963279999999702e+07 2.458838800000000000e+07 3.874339229999999702e+07
1.262368281069999933e+08 7.952823575730000436e+07 2.288519100000000000e+07 1.904408012351000011e+08
1.181579755000000000e+08 1.081675347999999970e+08 2.407033300000000000e+07 1.021293859999999963e+07
1.058734920699999928e+08 1.015528496030000001e+08 2.882469500000000000e+07 1.016072138000000035e+06
1.062803873400000334e+08 1.009207012580000013e+08 2.942308700000000000e+07 5.601742939999999944e+05
1.328744928400000036e+08 8.594207550000000000e+07 2.102834600000000000e+07 1.749877270500000119e+08
1.066307869710000157e+08 9.720618222409999371e+07 2.732347300000000000e+07 9.814390484960000217e+07
9.172750651999999583e+07 1.146345313700000048e+08 3.408302900000000000e+07 2.572686223000000045e+07
9.147408478499999642e+07 1.207611790100000054e+08 3.292054900000000000e+07 3.711286231000000145e+06
9.712794424099999666e+07 1.073529547678399980e+08 3.142148800000000000e+07 5.804071189777000248e+07
9.441977040999999642e+07 1.154764092399999946e+08 3.243168900000000000e+07 1.798506720000000205e+06
1.186445179899999946e+08 1.323933470000000000e+08 2.166771300000000000e+07 3.054870330000000075e+07
1.206390768799999952e+08 1.049596391899999976e+08 2.333870500000000000e+07 3.458459434000000358e+07
1.163869888499999940e+08 1.014404959000000060e+08 2.514016400000000000e+07 5.591719370000000112e+06
9.176408980400000513e+07 1.177773618739999980e+08 3.446557200000000000e+07 1.200689744000000181e+06
1.273514505500000417e+08 8.363924490000000596e+07 2.267992700000000000e+07 1.197692982699999958e+08
1.200684887000000179e+08 1.185483754000000060e+08 2.285835800000000000e+07 1.732667550000000000e+07
7.923001433999998868e+07 1.474553395699999928e+08 4.271519900000000000e+07 6.383873273000000045e+06
1.271233033799999952e+08 8.655352159999999404e+07 2.312763400000000000e+07 8.957521150000000000e+07
1.226355598499999940e+08 8.559061373000000417e+07 2.338060300000000000e+07 1.022359855000000000e+08
1.084933103999999762e+08 1.700969210000000000e+08 2.161762100000000000e+07 6.281976900000000000e+07
1.175516010400000066e+08 1.137053366299999952e+08 2.241954700000000000e+07 5.508085282000000030e+07
1.331804512500000447e+08 8.346426813000001013e+07 2.109607800000000000e+07 1.869924846399999857e+08
1.097128812730000168e+08 1.617516860000000000e+08 2.157835100000000000e+07 4.822477810000000149e+07
8.978869367590001225e+07 1.172265236053700000e+08 3.482028600000000000e+07 4.029830882625000179e+07
1.185692045000000000e+08 1.440837110000000000e+08 2.102668600000000000e+07 3.964780470000000298e+07
1.276735677500000000e+08 8.290439429199999571e+07 2.298920700000000000e+07 1.127349594290000051e+08
1.201777491400000006e+08 1.315044670000000000e+08 2.164463100000000000e+07 2.975662050000000000e+07
1.099030135199999958e+08 1.418328530000000000e+08 2.241801900000000000e+07 3.026973471000000089e+07
1.210372075330000222e+08 8.720908985799999535e+07 2.448958600000000000e+07 6.420445096199999750e+07
8.444980971999999881e+07 1.388287420999999940e+08 3.447105200000000000e+07 1.034246085999999940e+07
1.121056510999999940e+08 1.380712660000000000e+08 2.222608100000000000e+07 2.852370933999999985e+07
1.167947031400000155e+08 1.389813510000000000e+08 2.143799200000000000e+07 3.456666160000000149e+07
1.248305321800000072e+08 8.963321062000000477e+07 2.207668600000000000e+07 1.307344282399999946e+08
1.234190953074000180e+08 8.868942358540000021e+07 2.468831200000000000e+07 4.194875540999999642e+07
1.302810779000000060e+08 8.930741200000000000e+07 2.166712000000000000e+07 1.307643528199999928e+08
1.304676935400000066e+08 8.741072109999999404e+07 2.089414000000000000e+07 1.968916397199999988e+08
1.175237572859999985e+08 8.927578846999999881e+07 2.351500800000000000e+07 1.500278356290000081e+08
1.252640489300000072e+08 8.779006959999999404e+07 2.387608800000000000e+07 6.425397861999999732e+07
1.105725318700000048e+08 1.146238227000000030e+08 2.445489800000000000e+07 1.317822919999999925e+07
8.978592954999999702e+07 1.218068325030000061e+08 3.620035300000000000e+07 4.962461579999999958e+05
1.182914172699999958e+08 9.070146625000000000e+07 2.518206400000000000e+07 3.560430432000000030e+07
1.286800872300000042e+08 8.675399493999999762e+07 2.213288100000000000e+07 1.228552934099999964e+08
8.661780540999998152e+07 1.319556110000000000e+08 3.408797200000000000e+07 7.346913440999999642e+06
1.311789899899999797e+08 8.784151500000000000e+07 2.082950100000000000e+07 1.919088457899999917e+08
1.293655942500000000e+08 8.407971236999998987e+07 2.150339200000000000e+07 1.705976270900000036e+08
1.291059972129999548e+08 7.884978247589999437e+07 2.216086100000000000e+07 1.910922760735999942e+08
1.257904911800000221e+08 9.058938659999999404e+07 2.124879700000000000e+07 2.065307920300000012e+08
1.119655702800000012e+08 9.439661281000000238e+07 2.644882500000000000e+07 2.292658003999999911e+07
9.216544479999999702e+07 1.880409270000000000e+08 2.656789800000000000e+07 5.858868700000000000e+07
1.229570732699999958e+08 1.228568560999999940e+08 2.078257200000000000e+07 9.464488079999999702e+07
1.224627515900000036e+08 1.162164045000000000e+08 2.147738000000000000e+07 7.107360171000000834e+07
1.288531563519999981e+08 7.831291909370000660e+07 2.254532600000000000e+07 1.891346120757299960e+08
1.197012542000000030e+08 1.405977400000000000e+08 2.109551500000000000e+07 3.768511820000000298e+07
1.195821266089999974e+08 8.512346759399999678e+07 2.351743600000000000e+07 1.594146399081000090e+08
1.120562416729999930e+08 9.091849814769999683e+07 2.621306400000000000e+07 1.163894818911000043e+08
1.207000109000000060e+08 9.780203620000000298e+07 2.526698400000000000e+07 3.630439850000000093e+06
1.208026879399999976e+08 9.046131129999999702e+07 2.372327000000000000e+07 7.198520059999999404e+07
1.199821857000000179e+08 1.002504290000000000e+08 2.426674200000000000e+07 2.185928869999999925e+07
1.030866545750000030e+08 1.003619427699999958e+08 2.911344300000000000e+07 8.235849320728999376e+07
1.255028102099999934e+08 8.939179723000000417e+07 2.344609100000000000e+07 7.074501045000000298e+07
1.107144071099999994e+08 9.818361287999999523e+07 2.702681500000000000e+07 1.619916408000000054e+06
1.188552496300000399e+08 9.970764759999999404e+07 2.512066900000000000e+07 4.721812859999999404e+06
9.743716948000000417e+07 1.109300055869999975e+08 3.178473500000000000e+07 1.037547984999999986e+06
1.120652782700000405e+08 9.661537542299999297e+07 2.708999400000000000e+07 7.095432959999999730e+05
8.469142986899998784e+07 1.295821903700000048e+08 3.734447800000000000e+07 3.050254303000000305e+06
9.271442243999999762e+07 1.330324584000000060e+08 2.990251800000000000e+07 1.375370784999999963e+07
8.574015556000000238e+07 1.294798943799999952e+08 3.556131900000000000e+07 4.329084588999999687e+06
8.648126234999999404e+07 1.933263400000000000e+08 2.881808200000000000e+07 5.207904229999999702e+07
1.215535574560000002e+08 9.040249484999999404e+07 2.513106700000000000e+07 2.788097546000000089e+07
1.143957775900000185e+08 1.422921510000000000e+08 2.167579200000000000e+07 3.182315632999999821e+07
1.085254812800000012e+08 1.290414555000000000e+08 2.358924400000000000e+07 2.189003776000000164e+07
1.232037417099999934e+08 9.159367929999999702e+07 2.519544500000000000e+07 1.989690178000000119e+07
9.356906790000000596e+07 1.167014702699999958e+08 3.273287000000000000e+07 1.904302672999999952e+06
1.323832537000000030e+08 8.286921703999999166e+07 2.150126600000000000e+07 1.638481816200000048e+08
1.132480997150000036e+08 8.975554791099999845e+07 2.585264900000000000e+07 1.201777349852000028e+08
1.207552602999999821e+08 1.367045520000000000e+08 2.107685800000000000e+07 4.169642770000000298e+07
1.095068116959999949e+08 1.117609354000000060e+08 2.506792600000000000e+07 1.067217880800000019e+07
1.293182074699999988e+08 8.826807529999999702e+07 2.152794900000000000e+07 1.439347641500000060e+08
1.133573430799999982e+08 9.699616685999999940e+07 2.649331200000000000e+07 1.648636872999999905e+06
1.016966921829999983e+08 1.053936137140000015e+08 2.853140700000000000e+07 9.271662118000000715e+07
1.183566670000000000e+08 1.208994590000000000e+08 2.274810900000000000e+07 1.867872169999999925e+07
1.145068722500000000e+08 1.329550720000000000e+08 2.220415200000000000e+07 2.580735064699999988e+07
1.239001514100000411e+08 1.113844497999999970e+08 2.193917900000000000e+07 6.128151115999999642e+07
1.315155313700000048e+08 8.101814759999999404e+07 2.168096800000000000e+07 1.693705433000000119e+08
7.936439862300001085e+07 1.492369830200000107e+08 4.532511100000000000e+07 2.457521656400000211e+06
1.154086577200000435e+08 9.792114040999999642e+07 2.587885300000000000e+07 2.808647810000000056e+06
1.307914522999999970e+08 7.906730512999999523e+07 2.203494900000000000e+07 1.725965487599999905e+08
1.090574480400000066e+08 1.481455010000000000e+08 2.227316300000000000e+07 3.425170507000000030e+07
9.457508930900001526e+07 1.105798736692799926e+08 3.251319400000000000e+07 5.211132576088000089e+07
9.358963109999999404e+07 1.153806483700000048e+08 3.384319600000000000e+07 9.624295180000000400e+05
1.314172401500000060e+08 7.977718814299999177e+07 2.163317100000000000e+07 1.928827240430000126e+08
1.164597675999999940e+08 1.531380470000000000e+08 2.093159700000000000e+07 4.540614939999999851e+07
7.454306302000001073e+07 1.925943925000000000e+08 4.226606800000000000e+07 2.978553100000000000e+07
1.146154460840000063e+08 9.425852878100000322e+07 2.730137400000000000e+07 3.101978329999999842e+05
1.132029623719999790e+08 1.136347095000000000e+08 2.407822000000000000e+07 1.288269870959999971e+07
1.156220247580000162e+08 1.161175330000000000e+08 2.346643500000000000e+07 1.516646497839999944e+07
1.124706835199999809e+08 9.818180173999999464e+07 2.646634100000000000e+07 2.170719290000000037e+06
1.084121883550000042e+08 9.472086954090000689e+07 2.706853100000000000e+07 1.036671321729000062e+08
1.188075629479999542e+08 8.479494539869999886e+07 2.432433700000000000e+07 1.647895223725999892e+08
9.507793601999999583e+07 1.137141976350000054e+08 3.296132500000000000e+07 8.828561049999999814e+05
8.531962000200000405e+07 1.540690800999999940e+08 3.182080200000000000e+07 2.144115739000000060e+07
1.053961115050999969e+08 9.788974620809000731e+07 2.834809600000000000e+07 7.148156601285600662e+07
8.410118780999998748e+07 1.336578646700000018e+08 3.603155700000000000e+07 6.348062951000000350e+06
1.063008081530000418e+08 1.067186859200000018e+08 2.700497500000000000e+07 5.586728317999999970e+06
9.782062509999999404e+07 1.715859620000000000e+08 2.476353000000000000e+07 4.783355470000000298e+07
8.332581884000000358e+07 1.373046136500000060e+08 3.583870600000000000e+07 1.315864086600000039e+07
7.580557700999999046e+07 1.678587055999999940e+08 4.447400700000000000e+07 1.343454944999999925e+07
1.118458448229999840e+08 1.065586475999999940e+08 2.519386100000000000e+07 7.841671510499999858e+06
1.158086493199999928e+08 1.220330349000000060e+08 2.275710400000000000e+07 2.315653019999999925e+07
1.278332400699999928e+08 8.345646260999999940e+07 2.157188500000000000e+07 2.014605605500000119e+08
1.125004651420000046e+08 9.471600548999999464e+07 2.481663100000000000e+07 1.205532307349999994e+08
1.180384161400000006e+08 1.362358420000000000e+08 2.163115500000000000e+07 2.857136114799999818e+07
9.953849754099999368e+07 1.044414020304999948e+08 3.042673900000000000e+07 6.722131536852000654e+07
1.189868570400000066e+08 1.314135424000000060e+08 2.077874100000000000e+07 1.076089265999999940e+08
1.096776095869999975e+08 1.028309706700000018e+08 2.635906500000000000e+07 4.514566303700000048e+06
8.736549243999999762e+07 1.248051216720000058e+08 3.683464900000000000e+07 1.001343234000000055e+06
1.102166866000000238e+08 9.750159930099999905e+07 2.758921800000000000e+07 8.365842260000000242e+05
1.263909412789999992e+08 8.132757359899999201e+07 2.217552400000000000e+07 1.924412163089999855e+08
1.104231498700000048e+08 9.349846059600000083e+07 2.694113300000000000e+07 4.383917027899999917e+07
1.323459398199999928e+08 9.011866620000000298e+07 2.098384100000000000e+07 1.602687043499999940e+08
1.107076666800000072e+08 1.246613689000000060e+08 2.347178300000000000e+07 1.945600803100000322e+07
1.170241874309999943e+08 8.628742824889999628e+07 2.477072800000000000e+07 1.476836661162999868e+08
8.499562309999999404e+07 1.951387220000000000e+08 2.950706500000000000e+07 5.229958179999999702e+07
1.134622010699999928e+08 9.106482404000000656e+07 2.545838600000000000e+07 6.589189085100000352e+07
1.074431504000000060e+08 9.736638912999999523e+07 2.856496400000000000e+07 1.317370464399999939e+07
1.086043354500000030e+08 9.611129902899999917e+07 2.807841700000000000e+07 1.629287385799999908e+07
7.505603294000001252e+07 2.050017330000000000e+08 4.027081700000000000e+07 3.885882200000000000e+07
1.255264498400000036e+08 8.682256550000000000e+07 2.282049000000000000e+07 1.034672544000000060e+08
8.778347879173998535e+07 1.210610971661709994e+08 3.620258000000000000e+07 1.690668858312200010e+07
7.718170801000002027e+07 1.571733199000000060e+08 4.506615300000000000e+07 6.985149559999999590e+06
1.082734306299999952e+08 1.003019616400000006e+08 2.765671700000000000e+07 1.617624209000000032e+06
1.233799658289999962e+08 8.143578294680000842e+07 2.318159600000000000e+07 1.834441466281999946e+08
1.216190825590000153e+08 8.669303420800000429e+07 2.408230700000000000e+07 7.543601151700000465e+07
1.228971898199999928e+08 1.001938768700000048e+08 2.404968900000000000e+07 2.357814403000000119e+07
1.189635694599999934e+08 1.033329434000000060e+08 2.458899600000000000e+07 7.221136599999999627e+06
8.112827173000000417e+07 1.465548495360000134e+08 4.538593400000000000e+07 1.012347866999999969e+06
1.200435440100000054e+08 1.035212435699999928e+08 2.365932700000000000e+07 2.992740401000000164e+07
1.123693587000000179e+08 1.611972400000000000e+08 2.098942200000000000e+07 6.211045900000000000e+07
1.211411702150000036e+08 8.304345239659999311e+07 2.359837400000000000e+07 1.762693427531999946e+08
1.149939620600000024e+08 9.041150471600000560e+07 2.526961000000000000e+07 5.799116232699999958e+07
1.148243872999999970e+08 1.080058335999999940e+08 2.447331400000000000e+07 9.563023699999999255e+06
9.312749265000000596e+07 1.222341265000000000e+08 3.139147000000000000e+07 6.324375391999999993e+06
1.040801622999999821e+08 1.692837890000000000e+08 2.276996000000000000e+07 5.891705600000000000e+07
8.354327090999998152e+07 1.349598169600000083e+08 3.637377500000000000e+07 6.749470127000000328e+06
1.168684167000000030e+08 1.246083132999999970e+08 2.161855700000000000e+07 6.655346270000000298e+07
