7.515900461E7 1.319922656E8 3.1001336E7 1.402501401E7
1.09647656876E8 8.027644554E7 2.2843483E7 1.30242030433E7
1.1437389006E8 7.157196798E7 2.0291944E7 1.47704778456E8
1.0816139388E8 9.17227493E7 2.1696799E7 6417795.0
1.1269449734E8 1.02113395E8 1.9252748E7 5.300806293E7
1.1883215777E8 6.9633242597E7 1.9840587E7 1.52557253406E8
9.795523753E7 8.38216009787E7 2.3932631E7 1.173847677607E8
6.866391326E7 1.748377416E8 3.6456695E7 2.99877292E7
1.1272932564E8 7.476978069E7 2.041265E7 1.074571645E8
1.1700248078E8 7.939466637E7 1.9866116E7 8.849657909E7
9.5375281042E7 8.9946283951E7 2.3664044E7 1.08857092447E8
1.153423244E8 7.63841922E7 2.0412748E7 8.200039607E7
8.569008541319999E7 9.697510913459E7 2.8123136E7 4.6632990828538E7
1.085163047E8 8.72017262E7 2.2303418E7 3421072.46
1.0413428226E8 9.62236055E7 2.1667946E7 8746014.5
1.0237881047E8 8.9949219E7 2.2860534E7 4051865.75
8.731817007E7 9.660881937E7 2.8240235E7 8745345.33
1.1016263317E8 7.97156847E7 2.1539556E7 4.519819853E7
8.33682424E7 1.0029268137E8 2.9445221E7 3.566370023E7
1.120107714E8 8.064677152E7 2.2224014E7 1.886728375E7
8.140977774000001E7 1.75558662E8 2.350465E7 5.6286047E7
6.870642493E7 1.795066962E8 3.6032932E7 3.2941518E7
7.278920565E7 1.80124156E8 2.9545318E7 4.24200779E7
8.063405493000004E7 1.226192431E8 2.7110534E7 1.381823488E7
9.613151736E7 1.41407998E8 2.0184441E7 3.53466679E7
1.1851027828E8 7.283818281E7 1.9862019E7 1.147517195E8
1.0442360187500004E8 1.024762033E8 2.0948179E7 1.324047151E7
1.0962116501E8 1.004623325E8 2.0484261E7 1.6032616499999998E7
9.325094234E7 1.34560554E8 2.1177898E7 2.918902334E7
1.0545154316600004E8 8.0633329661E7 2.1139524E7 1.42107050574E8
9.257930019300002E7 9.2404393554E7 2.4572129E7 9.9814000995E7
8.303551863E7 1.0096133137E8 2.9769155E7 2.497446623E7
9.604730754000002E7 9.0351608802E7 2.5182453E7 1017403.432
7.917733664400001E7 1.1134213948E8 3.1841941E7 2455971.6416
9.736011319E7 1.020190505E8 2.2545936E7 1.0280312327E7
1.0305195056E8 8.39866459E7 2.2261212E7 4.86694257E7
6.934158544E7 1.580212603E8 3.77088E7 1.883172897E7
1.0982854489000002E8 9.07384173E7 2.1692808E7 6005076.5
8.874848557000002E7 1.304453488E8 2.2777212E7 2.423883036E7
1.1050639377E8 8.035275216999999E7 1.9772395E7 1.6393004423E8
1.19498113988E8 6.9877108063E7 1.9709665E7 1.45074535287E8
1.1109256151000002E8 9.050456815E7 2.0924817E7 2.568961139E7
9.614723546E7 1.079305296E8 2.2282224E7 1.3560368556E7
1.086802728E8 1.26792056E8 1.868397E7 3.71009018E7
8.298058093E7 1.0710233295E8 2.8176259E7 4719595.765
1.0021810169E8 8.7009762374E7 2.4380961E7 617145.304
1.08361750909E8 1.18415664E8 1.9280526E7 2.39759618411E7
1.17025273277E8 7.341586166000001E7 1.9229258E7 1.71930139304E8
1.0862873381E8 8.356752674E7 2.2904417E7 1151336.482
1.0580404699E8 8.604081381E7 2.2901919E7 2081170.42
1.0315548810000002E8 1.49434276E8 1.866762E7 5.5067934E7
8.609528556E7 1.065335442E8 2.6342146E7 6813175.318
1.0389041109E8 1.18256729E8 1.9789804E7 2.2995710705E7
1.08414586E8 9.65130491E7 2.1096252E7 9713947.4
7.941384367E7 1.199670918E8 2.8322235E7 1.801770099E7
9.6688134561E7 8.50069289829E7 2.426654E7 1.099525381851E8
1.093273519E8 1.062574215E8 1.9876382E7 2.31523509E7
9.1097907779E7 9.066736711549E7 2.5994731E7 8.163929936793E7
1.03966706105E8 1.106210542E8 2.0326879E7 1.8049085243E7
9.0549494277E7 9.126471527435E7 2.6168108E7 7.696909868057E7
1.0060590145E8 1.159050954E8 2.0489494E7 2.0527346068E7
7.918769213999999E7 1.7216967E8 2.4477282E7 4.55910026E7
1.0127943670999998E8 1.22851624E8 1.987224E7 2.64229136E7
1.0191214302E8 8.739326559E7 2.3453349E7 2094737.394
1.1745701684E8 7.679607596E7 1.9880695E7 9.648736577E7
1.0640114323E8 8.308410942999999E7 2.3499531E7 394535.131
1.0167854236E8 8.3539650932E7 2.3875594E7 1.4046172859E7
8.219547269000001E7 1.322936178E8 2.5195757E7 2.185083446E7
1.1908257177E8 7.65264772E7 1.8664354E7 1.8507034489E8
1.1571794134800002E8 7.305533032E7 2.0441697E7 1.03134809784E8
7.28436733E7 1.3164138437E8 3.7784832E7 6648913.673
7.940009922999999E7 1.1403303517E8 2.986669E7 5762872.69
8.960678513E7 1.43536898E8 2.1787351E7 3.300220789E7
1.02211436248E8 1.002697222E8 2.1538171E7 1.1004484310000002E7
7.662896610000002E7 1.34956528E8 2.8700904E7 1.84458239E7
1.0447438849E8 7.978978817E7 2.2179697E7 6.7069449482E7
8.847259082810003E7 9.360121689019E7 2.6936095E7 6.434224056161E7
1.20321515468E8 7.276716107000001E7 1.9271424E7 1.38541270111E8
8.080563216999999E7 1.1538085918E8 2.798295E7 1.667936382E7
9.324442686E7 1.124720345E8 2.275449E7 1.501199351E7
6.867819099E7 1.701798549E8 3.7339308E7 2.65567179E7
1.12599884122E8 7.25748293095E7 2.0316693E7 1.626253939913E8
7.702376770000002E7 1.55659882E8 2.6367508E7 3.48195204E7
1.0422283829999998E8 8.14903323E7 2.2452703E7 4.250181533E7
1.0234032209E8 8.526549082E7 2.1631538E7 1.3764591804E8
9.986744663E7 1.112217558E8 2.1004959E7 1.72652415E7
9.760263804000002E7 1.41460611E8 1.9866526E7 3.62135363E7
8.09119166E7 1.63577639E8 2.3836463E7 4.84686862E7
6.940714426E7 1.78549072E8 3.4594087E7 3.43041997E7
9.186216347E7 1.54972766E8 2.0783814E7 4.35221253E7
1.1267701269E8 1.075588643E8 1.8642521E7 7.397683594E7
7.723904903799999E7 1.1634644768E8 3.3439066E7 2884271.617
7.866916592E7 1.65463557E8 2.49127E7 4.0112695E7
8.214049546E7 1.4472749E8 2.4331694E7 2.9360406970000003E7
1.1216118789E8 1.009531777E8 1.9280207E7 5.617969217E7
1.08395346024E8 8.0398277009E7 2.285985E7 1.63559252458E7
1.10724045069E8 7.92645078188E7 2.2178037E7 2.75399271372E7
9.124975427E7 9.5075342221E7 2.6378602E7 1258260.002
7.560241483E7 1.2767357678E8 3.1278482E7 1.7735972037E7
1.144776215E8 8.02989887E7 2.0460693E7 6.718955629E7
1.0821192437E8 7.98964648E7 2.0629171E7 1.053689996E8
8.754613088210002E7 9.468195015217E7 2.7301778E7 5.953836401145E7
8.972186333E7 9.611672089E7 2.6921524E7 1293936.157
7.4791727595E7 1.2530873278E8 3.7258579E7 2468440.5297000003
1.0632096379699998E8 7.695985827340001E7 2.1577076E7 1.469250057928E8
1.1173655854000002E8 9.704998419E7 1.9789991E7 4.606707494E7
1.0436298464000005E8 1.28460342E8 1.9232106E7 2.954265611E7
7.047282536000001E7 1.446638176E8 3.9148439E7 1.013526384E7
7.105581008E7 1.421527232E8 3.9957199E7 7671614.42
1.106194523E8 1.2102918E8 1.8681833E7 3.96834809E7
9.1149469E7 1.47788735E8 2.1197476E7 3.68343298E7
1.0721611261E8 1.214841246E8 1.8641404E7 9.417764203E7
8.751022304699999E7 1.0037512445E8 2.6852893E7 3203714.2492
1.1222564904E8 7.6774019008E7 2.1386057E7 5.77206641672E7
1.063828897E8 1.1933555E8 1.9203448E7 3.3136738200000003E7
8.752524222E7 1.49904979E8 2.2149985E7 3.5992905510000005E7
1.10314755957E8 7.6096516115E7 2.0277695E7 1.54863938408E8
1.082101112E8 1.033734115E8 2.0423577E7 1.42770118E7
9.466238106E7 1.203929549E8 2.1656044E7 2.089634526E7
7.058119778E7 1.438349615E8 3.9226441E7 9619563.57
9.747435634E7 8.72987009374E7 2.5017858E7 7007981.729010001
9.7164317232E7 9.253132841E7 2.4016382E7 3630388.0969
9.61415154E7 1.51340079E8 1.9867623E7 4.45699226E7
9.257688443E7 1.25623597E8 2.1888727E7 2.328471938E7
1.2093451913E8 7.61179922E7 1.868481E7 1.5760491198E8
1.096440587E8 8.72039251E7 2.1700598E7 1.53410626E7
7.901580364E7 1.200617554E8 2.8804188E7 1.01674253E7
1.1264875045000002E8 7.860536E7 2.0980279E7 5.90821144E7
1.0038517347300002E8 8.267119656040001E7 2.2695445E7 1.223947121771E8
9.150249515E7 1.067124019E8 2.3958784E7 1.0371130561E7
1.1141449591700004E8 7.32820988531E7 2.0530424E7 1.59354866202E8
1.00993185506E8 8.4405534313E7 2.2171995E7 1.2822576741E8
9.78399596E7 1.192923829E8 2.0875879E7 2.171453525E7
8.033982098000002E7 1.169665948E8 2.8183945E7 9604062.04
9.3515492044E7 8.81919719271E7 2.5026927E7 9.416916012347E7
8.306082110000001E7 1.093095844E8 2.7683799E7 6103611.093
7.16230962000001E7 1.434914437E8 3.5342767E7 1.424515013E7
7.726405638E7 1.67377841E8 2.5633048E7 4.24114223E7
1.08403750379E8 9.578592939E7 2.0417864E7 3.5502891005E7
1.1237085111E8 7.98552925E7 2.1693628E7 3.377222952E7
9.332177541E7 1.53702814E8 2.0450873E7 4.39865177E7
9.158376657E7 9.4007662336E7 2.7024178E7 597793.2119999999
9.331971841E7 1.44881771E8 2.0728948E7 3.63244726E7
8.670887323000002E7 1.2039582407E8 2.4051792E7 5.03167701E7
1.1028342122700004E8 7.6663799802E7 2.1252163E7 7.3662030624E7
1.1185308467E8 7.581463615E7 2.0919486E7 8.2237619125E7
1.1674413482400002E8 7.134843440370001E7 1.960428E7 1.641619334673E8
8.188977186999999E7 1.59199349E8 2.3605561E7 4.32758171E7
1.1037263513000004E8 9.192700597E7 2.0932106E7 2.265894645E7
1.0568922598E8 8.173463438E7 2.0938104E7 1.45888314554E8
9.147089761900002E7 9.802791483E7 2.5337388E7 4082262.9193
1.0841719865299998E8 7.855634225E7 2.049273E7 1.50028268827E8
6.954697794999999E7 1.539335709E8 3.8536512E7 1.586479596E7
1.0615432170000002E8 1.003422062E8 2.0947123E7 1.18078821E7
9.6450674313E7 9.94508803E7 2.3163737E7 8022649.133
9.381122837E7 9.2520328538E7 2.5829154E7 879066.9619999999
1.0055641053E8 1.1429815851E8 2.0061547E7 7.037580994E7
1.08625124617E8 7.8877146638E7 2.2170892E7 3.9706792357E7
1.05172927152E8 1.074486098E8 2.0421028E7 1.62553919851E7
9.99489541127E7 9.05681184E7 2.3403686E7 3547506.25433
6.880452058E7 1.665470357E8 3.7591314E7 2.41625377E7
1.2089642888E8 7.87335796E7 1.8648303E7 1.4659385579E8
8.563549235999998E7 1.0104942307E8 2.8572869E7 1103447.838
9.59979691E7 1.03993463E8 2.2604591E7 1.645768907E7
7.498954222E7 1.6597257E8 2.7560915E7 3.86091229E7
1.1440641169000004E8 7.51862012E7 1.9572663E7 1.446674437E8
8.73893776E7 1.306178335E8 2.2990351E7 6.4540786760000005E7
9.344075451000002E7 1.209243674E8 2.1581367E7 6.780951864E7
8.78083654E7 1.67356905E8 2.1576734E7 5.8176227E7
1.080369334E8 1.099799715E8 1.9875949E7 1.85590785E7
9.3061460614E7 9.872013888E7 2.4491142E7 5794149.369
8.131171634E7 1.0387376137E8 3.0829778E7 3.292631523E7
8.8033808762E7 1.0117258969E8 2.6391242E7 4081742.367
1.14331460682E8 7.277836392199999E7 1.9805404E7 1.68462530372E8
1.1073769271E8 8.09629263E7 2.214087E7 2.162982949E7
1.06385417978E8 8.0460742332E7 2.2652858E7 2.8763680952E7
1.1672666546E8 7.732534071E7 1.9170271E7 1.3516829552E8
8.5633693227E7 1.0267754683E8 2.7426379E7 3504913.182
7.958606139000002E7 1.442053234E8 2.5616239E7 2.730677285E7
1.00296585513E8 1.046665067E8 2.1491908E7 1.3123555755E7
8.113685844999999E7 1.51260411E8 2.4384429E7 3.290641813E7
7.734021054000002E7 1.464096773E8 2.6864192E7 2.676759994E7
9.721946355E7 1.33974823E8 2.0226089E7 3.061379347E7
8.35544839E7 1.03687121301E8 2.9880566E7 1035555.511
9.919222230400002E7 9.55239336E7 2.2823968E7 6738002.848999999
7.685758344000001E7 1.184199528E8 3.22366E7 5514121.69
1.13162453394E8 7.650679042E7 2.0997557E7 6.713193236E7
7.368966517E7 1.2813452127E8 3.6712677E7 5944373.573
1.12286961282E8 7.566421503E7 1.9822884E7 1.64116150738E8
8.543204471E7 1.38645934E8 2.3408155E7 2.757090306E7
8.908140772E7 1.073066833E8 2.4841517E7 9382621.025
1.1884667060999998E8 7.807591010000001E7 1.863907E7 1.6748509743E8
8.143747262799999E7 1.0724984008E8 3.0424315E7 1850592.834
1.1829812435999998E8 7.511885573E7 1.9264127E7 1.3109019732E8
1.044862225E8 9.6656738E7 2.0839843E7 3.7948657E7
1.1928050003E8 7.690264887E7 1.9259024E7 1.2000371339E8
1.1113808619E8 9.15231616E7 2.1070843E7 1.873477524E7
1.1033044744E8 1.15268518E8 1.9272169E7 2.47626882E7
1.1866630019E8 7.87018467E7 1.9146407E7 1.202019436E8
1.1388538729000002E8 8.044653865E7 2.108206E7 4.72210772E7
1.063652013E8 1.34689831E8 1.86504E7 4.17294386E7
1.0236131382E8 9.42816455E7 2.2248036E7 6803664.600000001
1.0004591647E8 1.28132018E8 1.9880325E7 2.8049584470000003E7
1.0339196747E8 1.177614122E8 1.9269293E7 8.268530724E7
1.0639879083500002E8 1.14340577E8 1.9734403E7 2.1012084401E7
1.08185346E8 7.54869145231E7 2.1212811E7 1.536426975609E8
1.1030960317E8 1.072102874E8 1.8956156E7 6.288256777E7
8.352471998000002E7 1.213519061E8 2.5646563E7 1.500928115E7
9.978207649E7 1.4292786E8 1.920594E7 5.04395502E7
1.1336588920000002E8 8.02696042E7 1.9209546E7 1.7778546588E8
7.3141075324E7 1.3202578551E8 3.9635306E7 2843307.545
1.0446258693000002E8 8.380967638299999E7 2.3930211E7 358947.81
9.3599240264E7 9.626110332E7 2.4756364E7 4095860.2205
9.776148516000004E7 8.9374192557E7 2.4704326E7 1051292.721
1.0626173063000004E8 1.23304084E8 1.9232679E7 2.6643324028E7
8.56582391E7 1.68399743E8 2.2156516E7 5.7119573E7
9.37528818E7 1.052181108E8 2.3334175E7 1.0621581565E7
1.1857035245E8 7.32007354E7 1.9196125E7 1.488159143E8
1.1098354314E8 9.315096189E7 2.0458604E7 3.363023114E7
8.439812270000002E7 1.58887422E8 2.2688533E7 4.81802531E7
9.4084059106E7 9.94040714E7 2.4009414E7 6698343.8950000005
1.0226814503E8 1.252356574E8 1.9219265E7 8.7325139E7
1.0851474969E8 1.028086202E8 1.9670117E7 4.616111307E7
8.973025147E7 1.225871648E8 2.301816E7 1.9830422630000003E7
7.67066018600001E7 1.1987121147E8 3.1728582E7 9891002.773
7.903269817E7 1.179617926E8 2.9193624E7 8686379.760000002
8.040713490000002E7 1.1114553365E8 2.9495046E7 4991780.954
8.387835383000001E7 1.101876609E8 2.6963638E7 7564230.602
