1.094533480000000447e+08 1.089346497000000030e+08 1.987086800000000000e+07 1.799639010000000149e+07
1.085504840000000000e+08 9.657402929999999702e+07 2.108507300000000000e+07 9.724943000000000000e+06
7.515900460999999940e+07 1.319922655999999940e+08 3.100133600000000000e+07 1.402501400999999978e+07
1.096476568760000020e+08 8.027644554000000656e+07 2.284348300000000000e+07 1.302420304329999909e+07
1.089392847000000179e+08 1.251462570000000000e+08 1.866923700000000000e+07 3.867394429999999702e+07
1.143738900600000024e+08 7.157196798000000417e+07 2.029194400000000000e+07 1.477047784560000002e+08
1.085331494000000060e+08 1.270739950000000000e+08 1.867303200000000000e+07 3.777153170000000298e+07
1.081613938799999952e+08 9.172274929999999702e+07 2.169679900000000000e+07 6.417795000000000000e+06
1.126944973400000036e+08 1.021133950000000000e+08 1.925274800000000000e+07 5.300806292999999970e+07
1.086605120999999940e+08 1.032832565999999940e+08 2.040752000000000000e+07 1.417418040000000037e+07
1.188321577699999958e+08 6.963324259700000286e+07 1.984058700000000000e+07 1.525572534059999883e+08
1.069151158020000011e+08 7.630466137639999390e+07 2.166379900000000000e+07 1.590529417926999927e+08
1.050034038400000036e+08 8.726735384000000358e+07 2.279560700000000000e+07 2.890286509999999776e+06
9.795523753000000119e+07 8.382160097869999707e+07 2.393263100000000000e+07 1.173847677607000023e+08
1.129548557999999970e+08 1.074485527999999970e+08 1.862140300000000000e+07 7.519801589000000060e+07
1.115354278470000178e+08 7.923793189910000563e+07 2.210926500000000000e+07 2.737772671691999957e+07
6.866391326000000536e+07 1.748377415999999940e+08 3.645669500000000000e+07 2.998772919999999925e+07
1.065004455000000000e+08 1.344531700000000000e+08 1.863407800000000000e+07 4.219155170000000298e+07
1.061288264200000018e+08 8.338806066500000656e+07 2.342868300000000000e+07 5.481646259999999311e+05
1.127293256400000006e+08 7.476978068999999762e+07 2.041265000000000000e+07 1.074571645000000000e+08
1.117785081200000048e+08 1.108049004000000060e+08 1.854634600000000000e+07 7.919034564000000060e+07
1.010958250999999940e+08 1.552390570000000000e+08 1.887777900000000000e+07 5.847788500000000000e+07
8.788098958210000396e+07 9.428788438537999988e+07 2.717451300000000000e+07 6.138918595870999992e+07
1.196288072600000054e+08 7.615543556000000238e+07 1.916387700000000000e+07 1.272752132500000000e+08
1.083556985600000024e+08 8.052987189000000060e+07 2.029843300000000000e+07 1.546511596200000048e+08
1.000675789400000423e+08 8.738488383400000632e+07 2.444843900000000000e+07 5.304923739999999525e+05
1.142224932629999965e+08 7.892688060300000012e+07 2.101366100000000000e+07 5.378324973900000006e+07
1.170024807800000012e+08 7.939466637000000477e+07 1.986611600000000000e+07 8.849657909000000358e+07
1.186419542199999988e+08 7.788812439999999106e+07 1.915305500000000000e+07 1.229089128799999952e+08
9.537528104199999571e+07 8.994628395100000501e+07 2.366404400000000000e+07 1.088570924469999969e+08
8.906744771759998798e+07 9.292069507548999786e+07 2.671340700000000000e+07 6.805373928276999295e+07
1.153423244000000060e+08 7.638419220000000298e+07 2.041274800000000000e+07 8.200039606999999285e+07
9.064698959999999404e+07 1.644395450000000000e+08 2.087458700000000000e+07 5.824340700000000000e+07
1.086831498700000048e+08 1.105995897000000030e+08 1.973433300000000000e+07 2.031737210000000149e+07
8.569008541319999099e+07 9.697510913458999991e+07 2.812313600000000000e+07 4.663299082853800058e+07
8.514411637580001354e+07 1.018436659399999976e+08 2.824635200000000000e+07 1.936051259860000107e+06
7.513321785999999940e+07 1.287344738069999963e+08 3.971496100000000000e+07 1.050961897000000114e+06
1.106147676139999926e+08 7.393899443370001018e+07 2.063169500000000000e+07 1.565815595372999907e+08
1.113020058020000160e+08 7.316202837639999390e+07 2.067012300000000000e+07 1.611793517926999927e+08
1.204383214699999988e+08 7.639293550000000000e+07 1.864201700000000000e+07 1.638651458600000143e+08
1.170261261940000206e+08 7.011456233860000968e+07 1.985480300000000000e+07 1.674596762807599902e+08
1.130320824700000435e+08 1.007008400999999940e+08 1.925667800000000000e+07 5.614926560000000149e+07
1.038429661219999790e+08 8.367019277929998934e+07 2.401051700000000000e+07 1.933527027199999895e+06
1.085163047000000030e+08 8.720172620000000298e+07 2.230341800000000000e+07 3.421072459999999963e+06
1.043117579000000060e+08 1.556918680000000000e+08 1.854135800000000000e+07 5.998257200000000000e+07
1.098827854000000060e+08 1.171226840000000000e+08 1.927568500000000000e+07 2.327668350000000000e+07
1.041342822600000054e+08 9.622360550000000000e+07 2.166794600000000000e+07 8.746014500000000000e+06
8.458690186809998751e+07 9.846824620620000362e+07 2.871132700000000000e+07 4.038039747235199809e+07
7.740303215999999642e+07 1.743918680000000000e+08 2.545604200000000000e+07 4.611986029999999702e+07
1.023788104699999988e+08 8.994921900000000000e+07 2.286053400000000000e+07 4.051865750000000000e+06
1.191051746800000072e+08 7.320359610000000894e+07 1.898379800000000000e+07 1.724482261699999869e+08
1.029828572600000203e+08 1.433023090000000000e+08 1.876714600000000000e+07 5.002893960000000149e+07
7.658406535699999332e+07 1.184131394000000060e+08 3.433457400000000000e+07 2.752840215999999549e+06
6.894842545999999344e+07 1.904076585000000000e+08 4.586390400000000000e+07 2.196764530000000075e+07
8.731817006999999285e+07 9.660881937000000477e+07 2.824023500000000000e+07 8.745345330000000075e+06
1.101626331700000018e+08 7.971568470000000298e+07 2.153955600000000000e+07 4.519819853000000119e+07
8.336824240000000596e+07 1.002926813700000048e+08 2.944522100000000000e+07 3.566370022999999672e+07
1.208537337000000030e+08 7.876744250000000000e+07 1.863751000000000000e+07 1.476003396100000143e+08
1.120107714000000060e+08 8.064677151999999583e+07 2.222401400000000000e+07 1.886728375000000000e+07
8.140977774000000954e+07 1.755586620000000000e+08 2.350465000000000000e+07 5.628604700000000000e+07
6.870642493000000715e+07 1.795066961999999881e+08 3.603293200000000000e+07 3.294151800000000000e+07
1.052684263060000241e+08 7.761180628880000114e+07 2.196618900000000000e+07 1.483690379241000116e+08
8.282134185299998522e+07 1.062055129599999934e+08 2.871683800000000000e+07 3.374468146000000183e+06
8.474425243099999428e+07 1.056733277600000054e+08 2.728755500000000000e+07 5.007918453999999911e+06
9.579022900000000000e+07 1.529944100000000000e+08 1.986018900000000000e+07 4.816161300000000000e+07
7.278920565000000596e+07 1.801241560000000000e+08 2.954531800000000000e+07 4.242007789999999851e+07
7.680387199000000954e+07 1.669916690000000000e+08 2.598404900000000000e+07 4.135002320000000298e+07
1.079447565530000031e+08 1.189421460000000000e+08 1.926907600000000000e+07 2.454762175000000000e+07
8.936424031000000238e+07 9.654868786800000072e+07 2.703606500000000000e+07 1.255581385999999940e+06
8.063405493000003695e+07 1.226192430999999940e+08 2.711053400000000000e+07 1.381823488000000082e+07
9.831723290000000596e+07 1.277370080000000000e+08 2.010237000000000000e+07 3.498619760000000149e+07
9.613151735999999940e+07 1.414079980000000000e+08 2.018444100000000000e+07 3.534666789999999851e+07
9.351151812999999523e+07 9.214772150900000334e+07 2.643809800000000000e+07 5.911471869999999180e+05
9.163482976000000536e+07 9.418217980699999630e+07 2.654895800000000000e+07 8.712549889999999432e+05
1.084547527300000042e+08 1.220973854000000060e+08 1.851204300000000000e+07 9.693544218999999762e+07
1.003116323100000471e+08 8.889786512999999523e+07 2.364128300000000000e+07 2.402214700000000186e+06
1.185102782800000012e+08 7.283818281000000238e+07 1.986201900000000000e+07 1.147517195000000000e+08
1.044236018750000447e+08 1.024762032999999970e+08 2.094817900000000000e+07 1.324047150999999978e+07
1.096211650100000054e+08 1.004623325000000000e+08 2.048426100000000000e+07 1.603261649999999814e+07
9.325094234000000358e+07 1.345605540000000000e+08 2.117789800000000000e+07 2.918902333999999985e+07
7.044500529000000656e+07 1.448878660999999940e+08 3.912281600000000000e+07 1.027759611999999918e+07
1.054515431660000384e+08 8.063332966099999845e+07 2.113952400000000000e+07 1.421070505740000010e+08
7.306175518599998951e+07 1.322218252500000000e+08 3.962943700000000000e+07 2.953803658999999985e+06
8.666168750999999046e+07 9.994253404000000656e+07 2.767805500000000000e+07 1.812150462999999989e+06
1.109437125000000000e+08 9.717841450000000000e+07 2.018642200000000000e+07 3.226077326000000164e+07
1.065479954099999964e+08 1.316354230000000000e+08 1.881834600000000000e+07 3.481808600000000000e+07
6.877957847999998927e+07 1.945465235999999940e+08 4.569608900000000000e+07 2.453038889999999851e+07
1.016839839599999934e+08 8.591582038800001144e+07 2.401873300000000000e+07 6.861931770000000251e+05
9.257930019300001860e+07 9.240439355400000513e+07 2.457212900000000000e+07 9.981400099500000477e+07
1.026814158100000024e+08 1.217146740000000000e+08 1.976114900000000000e+07 2.484479624799999967e+07
8.303551862999999523e+07 1.009613313700000048e+08 2.976915500000000000e+07 2.497446623000000045e+07
1.084888279399999827e+08 8.379356079999999702e+07 2.289675500000000000e+07 1.157722652999999933e+06
1.031425752800000161e+08 8.621182303000000119e+07 2.339408300000000000e+07 1.656081204999999842e+06
9.063552163300000131e+07 9.980516787000000477e+07 2.538803100000000000e+07 4.787440446000000462e+06
9.604730754000002146e+07 9.035160880200000107e+07 2.518245300000000000e+07 1.017403432000000030e+06
1.148866648449999839e+08 7.539232871400000155e+07 2.077924700000000000e+07 7.587324601000000536e+07
7.917733664400000870e+07 1.113421394800000042e+08 3.184194100000000000e+07 2.455971641600000206e+06
9.736011318999999762e+07 1.020190505000000000e+08 2.254593600000000000e+07 1.028031232699999958e+07
1.075556406640000045e+08 8.140294714000000060e+07 2.053496000000000000e+07 1.189049271850000024e+08
1.030519505600000024e+08 8.398664590000000596e+07 2.226121200000000000e+07 4.866942570000000298e+07
6.934158543999999762e+07 1.580212603000000119e+08 3.770880000000000000e+07 1.883172896999999881e+07
1.098285448900000155e+08 9.073841729999999702e+07 2.169280800000000000e+07 6.005076500000000000e+06
8.874848557000002265e+07 1.304453487999999970e+08 2.277721200000000000e+07 2.423883035999999940e+07
1.047240117300000042e+08 1.172392914000000060e+08 1.907542800000000000e+07 8.432252645000000298e+07
1.182615170900000036e+08 7.695003543999999762e+07 1.898690400000000000e+07 1.396713710300000012e+08
1.105063937699999958e+08 8.035275216999998689e+07 1.977239500000000000e+07 1.639300442299999893e+08
1.207086924679999799e+08 7.241704962999999523e+07 1.923140100000000000e+07 1.424775916879999936e+08
8.107685525400000811e+07 1.077860184800000042e+08 3.133914800000000000e+07 1.346243165999999968e+06
1.160442326340000033e+08 7.330317285500000417e+07 2.028207000000000000e+07 1.031841439449999928e+08
7.857958370000000298e+07 1.757892120000000000e+08 2.473860000000000000e+07 4.948093500000000000e+07
8.044508198000001907e+07 1.089214894699999988e+08 3.039330700000000000e+07 3.542848942999999970e+06
9.644919429999999702e+07 1.500515160000000000e+08 1.969943100000000000e+07 5.356519500000000000e+07
1.194981139880000055e+08 6.987710806299999356e+07 1.970966500000000000e+07 1.450745352870000005e+08
1.051539397699999958e+08 1.155668330000000000e+08 1.980158100000000000e+07 2.153533252000000328e+07
1.007738564409999996e+08 9.744802629999999702e+07 2.215227900000000000e+07 8.702306189999999478e+06
1.095703527999999970e+08 1.141366440000000000e+08 1.925230100000000000e+07 2.856783439999999851e+07
9.341508510999998450e+07 1.141603237999999970e+08 2.252785800000000000e+07 1.638044044999999925e+07
9.258141352199998498e+07 8.909913260339999199e+07 2.553124300000000000e+07 9.154974066778999567e+07
1.188835983199999928e+08 7.743595350000000000e+07 1.865473900000000000e+07 1.712843706800000072e+08
8.362728138999998569e+07 1.726935210000000000e+08 2.276083000000000000e+07 5.728807400000000000e+07
