1.098388813400000185e+08 9.076349270000000298e+07 2.169000600000000000e+07 6.012761800000000745e+06
1.020942423599999845e+08 9.329150320000000298e+07 2.241859800000000000e+07 6.183142990000000224e+06
1.110925615100000203e+08 9.050456815000000596e+07 2.092481700000000000e+07 2.568961139000000060e+07
9.614723545999999344e+07 1.079305295999999940e+08 2.228222400000000000e+07 1.356036855599999987e+07
1.086802727999999970e+08 1.267920560000000000e+08 1.868397000000000000e+07 3.710090179999999702e+07
8.778157223999999464e+07 9.830619868000000715e+07 2.753030400000000000e+07 1.338208557000000030e+06
8.298058093000000715e+07 1.071023329500000030e+08 2.817625900000000000e+07 4.719595764999999665e+06
1.002181016899999976e+08 8.700976237399999797e+07 2.438096100000000000e+07 6.171453040000000037e+05
1.086742605900000036e+08 9.233160800000000000e+07 2.155677400000000000e+07 7.022762599999999627e+06
1.083617509089999944e+08 1.184156640000000000e+08 1.928052600000000000e+07 2.397596184109999985e+07
1.170252732769999951e+08 7.341586166000001132e+07 1.922925800000000000e+07 1.719301393039999902e+08
1.086287338100000024e+08 8.356752673999999464e+07 2.290441700000000000e+07 1.151336482000000076e+06
1.058040469899999946e+08 8.604081381000000238e+07 2.290191900000000000e+07 2.081170419999999925e+06
1.106287168900000006e+08 9.182487079999999702e+07 2.069542400000000000e+07 3.003383235000000149e+07
1.102907064189999849e+08 7.933754831000000238e+07 2.202620000000000000e+07 3.195201825699999928e+07
1.184980796899999976e+08 6.952430573999999464e+07 1.979114100000000000e+07 1.626062392720000148e+08
1.044133899899999797e+08 8.385380488300000131e+07 2.388317100000000000e+07 3.822863690000000061e+05
1.180769171000000238e+08 7.301770489000000060e+07 1.985776700000000000e+07 1.147886374500000030e+08
1.031554881000000238e+08 1.494342760000000000e+08 1.866762000000000000e+07 5.506793400000000000e+07
9.517443582999999821e+07 8.868877877199999988e+07 2.566089700000000000e+07 1.029449524100000039e+07
8.609528556000000238e+07 1.065335442000000030e+08 2.634214600000000000e+07 6.813175317999999970e+06
1.038904110900000036e+08 1.182567290000000000e+08 1.978980400000000000e+07 2.299571070499999821e+07
1.084145860000000000e+08 9.651304909999999404e+07 2.109625200000000000e+07 9.713947400000000373e+06
1.211079451599999964e+08 7.600417390000000596e+07 1.867505700000000000e+07 1.589041375999999940e+08
1.128614558400000036e+08 7.974718229999999702e+07 2.139914400000000000e+07 4.145280586999999732e+07
8.202695259000000358e+07 1.025308413700000048e+08 3.032529100000000000e+07 3.358363022999999672e+07
9.358613639000000060e+07 9.266017261599999666e+07 2.603645300000000000e+07 6.750369660000000149e+05
1.163983169599999934e+08 7.906244026000000536e+07 1.983606200000000000e+07 9.180657521999999881e+07
7.941384367000000179e+07 1.199670917999999970e+08 2.832223500000000000e+07 1.801770098999999836e+07
7.090674404999999702e+07 1.672025769000000060e+08 4.677357600000000000e+07 8.234633709999999963e+06
1.152671209399999827e+08 7.690523770000000298e+07 2.064161200000000000e+07 7.198162912000000477e+07
1.115434780000000000e+08 8.005300300000000000e+07 2.235734100000000000e+07 1.858488200000000000e+07
9.668813456100000441e+07 8.500692898289999366e+07 2.426654000000000000e+07 1.099525381851000041e+08
1.198938618700000197e+08 6.932107752500000596e+07 1.972332000000000000e+07 1.523916477639999986e+08
1.093273519000000060e+08 1.062574215000000000e+08 1.987638200000000000e+07 2.315235089999999851e+07
9.109790777899999917e+07 9.066736711549000442e+07 2.599473100000000000e+07 8.163929936792999506e+07
1.039667061050000042e+08 1.106210542000000030e+08 2.032687900000000000e+07 1.804908524300000072e+07
8.415516275200001895e+07 1.058817896299999952e+08 2.763225100000000000e+07 4.665496512000000104e+06
8.471035996000000834e+07 1.021174327890000045e+08 2.928811700000000000e+07 9.126079000000000233e+05
9.590417750000000000e+07 1.600672770000000000e+08 1.974693600000000000e+07 5.860119700000000000e+07
1.048792528069999814e+08 1.064545769000000060e+08 2.053181900000000000e+07 1.571347698799999990e+07
9.054949427699999511e+07 9.126471527435000241e+07 2.616810800000000000e+07 7.696909868057000637e+07
1.132252520900000036e+08 1.016156972999999970e+08 1.921854500000000000e+07 5.500536456000000238e+07
1.006059014500000030e+08 1.159050954000000060e+08 2.048949400000000000e+07 2.052734606799999997e+07
7.918769213999998569e+07 1.721696700000000000e+08 2.447728200000000000e+07 4.559100260000000149e+07
1.129814459749999940e+08 7.245450296534000337e+07 2.025719100000000000e+07 1.535847993770099878e+08
1.012794367099999785e+08 1.228516240000000000e+08 1.987224000000000000e+07 2.642291360000000149e+07
7.375584445999999344e+07 1.278853946700000018e+08 3.681169000000000000e+07 5.524533072999999858e+06
1.104532695569999963e+08 7.966359256260000169e+07 2.231342600000000000e+07 2.324035932090000063e+07
1.019121430199999958e+08 8.739326559000000358e+07 2.345334900000000000e+07 2.094737394000000088e+06
1.174570168400000036e+08 7.679607595999999344e+07 1.988069500000000000e+07 9.648736576999999583e+07
1.001780992849999964e+08 9.137625098999999464e+07 2.318981500000000000e+07 4.206988527599999681e+06
1.043165382199999988e+08 9.561305459999999404e+07 2.173063600000000000e+07 8.241018700000000186e+06
9.746523023000000417e+07 8.872825539800000191e+07 2.531629600000000000e+07 5.594263559999999125e+05
1.064011432300000042e+08 8.308410942999999225e+07 2.349953100000000000e+07 3.945351309999999939e+05
6.861992231999999285e+07 1.758041486999999881e+08 3.667733400000000000e+07 3.021436660000000149e+07
1.016785423599999994e+08 8.353965093199999630e+07 2.387559400000000000e+07 1.404617285899999924e+07
8.219547269000001252e+07 1.322936177999999970e+08 2.519575700000000000e+07 2.185083446000000089e+07
1.190825717699999958e+08 7.652647720000000298e+07 1.866435400000000000e+07 1.850703448899999857e+08
7.432333317999999225e+07 1.774463710000000000e+08 2.795774900000000000e+07 4.387038310000000149e+07
9.980798860000002384e+07 1.377807600000000000e+08 1.938218400000000000e+07 4.188482800000000000e+07
7.812974329000002146e+07 1.249403575000000000e+08 2.876801000000000000e+07 1.268748384999999963e+07
1.156089775600000024e+08 7.950248057999999821e+07 2.031661200000000000e+07 7.314333746999999881e+07
1.208491299699999988e+08 7.876624350000000000e+07 1.862389800000000000e+07 1.489315745800000131e+08
1.144499720300000012e+08 8.017526554999999702e+07 2.096546800000000000e+07 5.095890192999999970e+07
7.001144208000001311e+07 1.487662650999999940e+08 3.892425800000000000e+07 1.261175740000000037e+07
8.642716273499999940e+07 9.673910863349999487e+07 2.738070900000000000e+07 6.012631941768000275e+07
1.082680450100000054e+08 1.232288852999999970e+08 1.851232300000000000e+07 9.889714498000000417e+07
1.157179413480000198e+08 7.305533031999999285e+07 2.044169700000000000e+07 1.031348097839999944e+08
1.104724538000000417e+08 1.243942750000000000e+08 1.860519600000000000e+07 3.932704660000000149e+07
1.029599953799999952e+08 8.993674300000000000e+07 2.274477700000000000e+07 4.130981049999999814e+06
7.284367329999999702e+07 1.316413843700000048e+08 3.778483200000000000e+07 6.648913673000000417e+06
7.940009922999998927e+07 1.140330351700000018e+08 2.986669000000000000e+07 5.762872690000000410e+06
8.960678512999999523e+07 1.435368980000000000e+08 2.178735100000000000e+07 3.300220789000000060e+07
1.022114362479999959e+08 1.002697222000000030e+08 2.153817100000000000e+07 1.100448431000000238e+07
7.662896610000002384e+07 1.349565280000000000e+08 2.870090400000000000e+07 1.844582389999999851e+07
7.517987662999999523e+07 1.286830341289999932e+08 3.971556800000000000e+07 1.024255423999999999e+06
1.044743884899999946e+08 7.978978817000000179e+07 2.217969700000000000e+07 6.706944948200000077e+07
1.107544479090000242e+08 7.617725227699999511e+07 2.014142600000000000e+07 1.581094878170000017e+08
1.061448534099999964e+08 1.246786460000000000e+08 1.907207500000000000e+07 3.093458600000000000e+07
7.736145985999999940e+07 1.162656379399999976e+08 3.231766900000000000e+07 4.363304150999999605e+06
8.847259082810002565e+07 9.360121689019000530e+07 2.693609500000000000e+07 6.434224056160999835e+07
1.126859730499999970e+08 1.014352347000000030e+08 1.930117800000000000e+07 5.265976225000000000e+07
8.544612879999999702e+07 1.701810730000000000e+08 2.221474000000000000e+07 5.796926500000000000e+07
1.203215154679999948e+08 7.276716107000000775e+07 1.927142400000000000e+07 1.385412701110000014e+08
1.064085617000000328e+08 1.362668960000000000e+08 1.855134800000000000e+07 4.693036529999999702e+07
1.119920309580000043e+08 7.655227856999999285e+07 2.152469000000000000e+07 5.858082452000000328e+07
8.080563216999998689e+07 1.153808591800000072e+08 2.798295000000000000e+07 1.667936382000000030e+07
9.413961476999999583e+07 1.208023342999999970e+08 2.177319200000000000e+07 2.093488480999999866e+07
1.125517925699999928e+08 7.882479779999999702e+07 2.081505800000000000e+07 6.447181479999999702e+07
1.145926480600000024e+08 7.564455429999999702e+07 2.066765600000000000e+07 7.871212067000000179e+07
9.324442685999999940e+07 1.124720345000000000e+08 2.275449000000000000e+07 1.501199350999999978e+07
6.880707852000001073e+07 1.938091050999999940e+08 4.575120300000000000e+07 2.405956180000000075e+07
6.867819098999999464e+07 1.701798549000000060e+08 3.733930800000000000e+07 2.655671789999999851e+07
1.002607803599999994e+08 1.049887054000000060e+08 2.146216100000000000e+07 1.337750392100000009e+07
1.165642638900000006e+08 7.683607179000000656e+07 2.007200900000000000e+07 9.037495328100000322e+07
8.089143313500012457e+07 1.080770437800000012e+08 3.137559000000000000e+07 1.438389077000000048e+06
1.127441848299999982e+08 1.032207624000000060e+08 1.897089800000000000e+07 6.407913263000000268e+07
9.136075028000000119e+07 9.495385575000000000e+07 2.621700100000000000e+07 1.590961299000000115e+06
1.125998841219999939e+08 7.257482930949999392e+07 2.031669300000000000e+07 1.626253939912999868e+08
1.109428546689999998e+08 7.961978404999999702e+07 2.210899600000000000e+07 2.679461674500000104e+07
1.118043912900000066e+08 8.046514870000000298e+07 2.200183600000000000e+07 2.480469048000000045e+07
8.846370830200000107e+07 1.017552635400000066e+08 2.606515900000000000e+07 4.725989330000000075e+06
1.108997207999999970e+08 1.140416030000000000e+08 1.911319000000000000e+07 3.188051710000000149e+07
1.190388047200000435e+08 7.830961269999998808e+07 1.892452600000000000e+07 1.336532755499999970e+08
7.702376770000001788e+07 1.556598820000000000e+08 2.636750800000000000e+07 3.481952039999999851e+07
9.136314067000000179e+07 9.259242137000000477e+07 2.688493600000000000e+07 7.038194730000000447e+06
8.931212270999999344e+07 9.656148351999999583e+07 2.752758200000000000e+07 6.528281689999999944e+05
1.042228382999999821e+08 8.149033229999999702e+07 2.245270300000000000e+07 4.250181532999999821e+07
1.082289880999999940e+08 1.118473500000000000e+08 1.972191500000000000e+07 1.975178230000000075e+07
9.903029359999999404e+07 1.538346170000000000e+08 1.918600000000000000e+07 5.652947400000000000e+07
7.242952432999999821e+07 1.340689848199999928e+08 3.957728100000000000e+07 3.994148643999999855e+06
1.196983172900000066e+08 7.487770935999999940e+07 1.926024200000000000e+07 1.282371852699999958e+08
6.894692091000001132e+07 1.904383929000000060e+08 4.586183400000000000e+07 2.198812760000000149e+07
8.052630126999999583e+07 1.097612291800000072e+08 2.983623500000000000e+07 4.079101989000000060e+06
1.084474542999999970e+08 8.738494214000000060e+07 2.225487900000000000e+07 3.705860970000000205e+06
1.168516268850000054e+08 7.032819748240000010e+07 1.980845700000000000e+07 1.686698204041999876e+08
8.337045863000001013e+07 1.089990549399999976e+08 2.750838500000000000e+07 6.235364423999999650e+06
1.056333897000000030e+08 9.604353009999999404e+07 2.146485100000000000e+07 8.985712299999998882e+06
1.023403220900000036e+08 8.526549081999999285e+07 2.163153800000000000e+07 1.376459180399999917e+08
9.986744662999999523e+07 1.112217557999999970e+08 2.100495900000000000e+07 1.726524150000000000e+07
1.074706780000000000e+08 1.040653905999999940e+08 2.042605000000000000e+07 1.462115330000000075e+07
9.760263804000002146e+07 1.414606110000000000e+08 1.986652600000000000e+07 3.621353629999999702e+07
8.091191659999999404e+07 1.635776390000000000e+08 2.383646300000000000e+07 4.846868620000000298e+07
9.214592973800000548e+07 9.991171429999999702e+07 2.470042100000000000e+07 5.870634762999999337e+06
6.940714426000000536e+07 1.785490720000000000e+08 3.459408700000000000e+07 3.430419970000000298e+07
9.186216346999999881e+07 1.549727660000000000e+08 2.078381400000000000e+07 4.352212529999999702e+07
1.126770126899999976e+08 1.075588642999999970e+08 1.864252100000000000e+07 7.397683593999999762e+07
7.723904903799998760e+07 1.163464476800000072e+08 3.343906600000000000e+07 2.884271617000000086e+06
7.866916592000000179e+07 1.654635570000000000e+08 2.491270000000000000e+07 4.011269500000000000e+07
