1.055417284599999934e+08 9.120655220000000298e+07 2.211516000000000000e+07 5.565164799999999814e+06
1.183079099399999976e+08 7.842217800000000000e+07 1.912048000000000000e+07 1.236845857000000030e+08
7.304878119799999893e+07 1.322545707500000000e+08 3.962840500000000000e+07 2.972376458000000101e+06
1.121223061799999774e+08 8.077427140000000596e+07 2.196050900000000000e+07 2.441322887000000104e+07
1.042086992400000244e+08 8.494561109300000966e+07 2.350106300000000000e+07 7.783319760000000242e+05
1.081813747179999948e+08 1.189069680000000000e+08 1.926661100000000000e+07 2.426138712100000307e+07
1.098378706599999964e+08 9.101991309999999404e+07 2.165393100000000000e+07 6.221938400000000373e+06
1.064840676299999803e+08 8.644373596999999881e+07 2.271339400000000000e+07 2.520716590000000317e+06
1.091046184000000060e+08 9.614053979999999702e+07 2.108866400000000000e+07 9.557425599999999627e+06
9.919733224300000072e+07 9.270829826000000536e+07 2.327071800000000000e+07 4.679419616299999878e+06
8.214049545999999344e+07 1.447274900000000000e+08 2.433169400000000000e+07 2.936040697000000253e+07
1.121611878900000006e+08 1.009531777000000030e+08 1.928020700000000000e+07 5.617969217000000179e+07
9.719245292000001669e+07 8.996550224300000072e+07 2.471181400000000000e+07 1.366410754999999888e+06
1.083953460240000039e+08 8.039827700900000334e+07 2.285985000000000000e+07 1.635592524579999968e+07
1.069772477000000030e+08 9.911070070000000298e+07 2.096902900000000000e+07 1.117254850000000000e+07
1.023761098999999762e+08 9.013845014000000060e+07 2.283926600000000000e+07 4.079442250000000000e+06
1.131549468340000212e+08 7.597400004899999499e+07 2.106222300000000000e+07 6.878957611300000548e+07
1.097251115370000452e+08 8.302295211499999464e+07 2.289618900000000000e+07 9.056814869999999646e+05
1.107240450690000057e+08 7.926450781880000234e+07 2.217803700000000000e+07 2.753992713720000163e+07
9.124975426999999583e+07 9.507534222100000083e+07 2.637860200000000000e+07 1.258260002000000095e+06
1.090541006599999964e+08 8.700384470000000298e+07 2.227001100000000000e+07 3.426021310000000056e+06
1.001005231299999952e+08 8.866605240000000596e+07 2.375811500000000000e+07 2.178761060000000056e+06
7.560241482999999821e+07 1.276735767800000012e+08 3.127848200000000000e+07 1.773597203700000048e+07
1.144776215000000000e+08 8.029898870000000298e+07 2.046069300000000000e+07 6.718955629000000656e+07
1.107611144599999934e+08 9.117175104000000656e+07 2.085322500000000000e+07 2.652041958999999985e+07
1.188859807500000000e+08 7.264056037000000477e+07 1.974528300000000000e+07 1.198126555799999982e+08
1.082119243700000048e+08 7.989646479999999702e+07 2.062917100000000000e+07 1.053689995999999940e+08
8.754613088210001588e+07 9.468195015217000246e+07 2.730177800000000000e+07 5.953836401145000011e+07
1.140946538700000048e+08 7.137803537000000477e+07 2.033895300000000000e+07 1.613977762299999893e+08
8.972186332999999821e+07 9.611672089000000060e+07 2.692152400000000000e+07 1.293936156999999890e+06
1.172387659599999934e+08 7.940548984000000358e+07 1.969798200000000000e+07 9.491181784999999404e+07
1.158218497839999944e+08 7.314970816500000656e+07 2.036161900000000000e+07 1.033217209120000005e+08
9.532715256999999285e+07 9.133476199899999797e+07 2.522301800000000000e+07 1.277049304000000004e+06
1.177068195000000000e+08 7.692825260999999940e+07 1.984261700000000000e+07 9.710990370000000298e+07
7.479172759499999881e+07 1.253087327800000012e+08 3.725857900000000000e+07 2.468440529700000305e+06
1.137099905709999949e+08 7.988718657999999821e+07 2.092096500000000000e+07 5.413799537099999934e+07
1.063209637969999760e+08 7.695985827340000868e+07 2.157707600000000000e+07 1.469250057928000093e+08
1.117365585400000215e+08 9.704998418999999762e+07 1.978999100000000000e+07 4.606707493999999762e+07
1.052889091700000018e+08 8.385459904299999774e+07 2.349694400000000000e+07 5.523675080000000307e+05
1.099241917689999938e+08 8.031786167630000412e+07 2.264124000000000000e+07 1.492052524290000089e+07
1.043629846400000453e+08 1.284603420000000000e+08 1.923210600000000000e+07 2.954265610999999940e+07
1.050858675900000036e+08 7.961136957999999821e+07 2.177056000000000000e+07 8.107550412000000477e+07
7.047282536000001431e+07 1.446638175999999940e+08 3.914843900000000000e+07 1.013526383999999985e+07
1.120639797199999988e+08 1.105613449000000060e+08 1.852621800000000000e+07 8.113830460999999940e+07
1.063284498400000334e+08 1.195918210000000000e+08 1.939927400000000000e+07 2.456125780000000075e+07
1.119236963599999994e+08 9.048698673999999464e+07 2.071801000000000000e+07 3.120463132999999821e+07
7.105581007999999821e+07 1.421527231999999881e+08 3.995719900000000000e+07 7.671614419999999925e+06
1.185865475499999821e+08 6.965137602899999917e+07 1.984014400000000000e+07 1.546288118580000103e+08
8.559651859999999404e+07 1.700080350000000000e+08 2.217196400000000000e+07 5.793377000000000000e+07
1.106194522999999970e+08 1.210291800000000000e+08 1.868183300000000000e+07 3.968348089999999851e+07
9.114946900000000000e+07 1.477887350000000000e+08 2.119747600000000000e+07 3.683432979999999702e+07
6.861670004000000656e+07 1.743228203000000119e+08 3.691355600000000000e+07 2.917110539999999851e+07
8.518757063000001013e+07 1.012322879800000042e+08 2.856044900000000000e+07 1.501569719000000041e+06
1.153829363400000185e+08 7.506166450000000000e+07 2.032210200000000000e+07 9.206568759999999404e+07
8.648296298173999786e+07 9.690931416617099941e+07 2.817804900000000000e+07 1.485109458312200010e+07
1.072161126099999994e+08 1.214841245999999940e+08 1.864140400000000000e+07 9.417764203000000119e+07
1.134506008100000024e+08 1.061718305999999940e+08 1.867471600000000000e+07 7.272695967000000179e+07
8.751022304699999094e+07 1.003751244500000030e+08 2.685289300000000000e+07 3.203714249199999962e+06
1.122256490400000066e+08 7.677401900800000131e+07 2.138605700000000000e+07 5.772066416719999909e+07
1.058511973100000024e+08 9.570978920000000298e+07 2.149019800000000000e+07 8.675219900000000373e+06
1.063828897000000030e+08 1.193355500000000000e+08 1.920344800000000000e+07 3.313673820000000298e+07
8.752524221999999881e+07 1.499049790000000000e+08 2.214998500000000000e+07 3.599290551000000536e+07
8.171400652500000596e+07 1.071233434000000060e+08 2.946898600000000000e+07 3.151451030999999959e+06
8.093543093900015950e+07 1.046238413700000048e+08 3.109118600000000000e+07 3.256685423000000045e+07
1.004515913700000048e+08 1.168889614000000060e+08 2.045092000000000000e+07 2.111272221700000018e+07
9.878439579000002146e+07 1.330947770000000000e+08 1.992424000000000000e+07 3.068913704000000283e+07
1.016797029500000030e+08 8.577198632600000501e+07 2.402479600000000000e+07 8.147694150000000373e+05
1.074724758729999959e+08 1.104736142999999970e+08 1.989158400000000000e+07 1.877914922590000182e+07
9.939742243600001931e+07 9.608610709999999404e+07 2.269302000000000000e+07 7.130199801300000399e+06
9.331736309999999404e+07 9.230700418899999559e+07 2.646766600000000000e+07 6.239717580000000307e+05
6.897057928000000119e+07 1.899395671999999881e+08 4.588251800000000000e+07 2.167345739999999851e+07
1.198309532400000244e+08 7.629429450999999046e+07 1.921277200000000000e+07 1.238336782699999958e+08
8.322893996299999952e+07 1.048829095629999936e+08 3.083199500000000000e+07 6.341439470000000438e+05
1.103147559570000023e+08 7.609651611499999464e+07 2.027769500000000000e+07 1.548639384079999924e+08
1.082101112000000030e+08 1.033734115000000000e+08 2.042357700000000000e+07 1.427701180000000075e+07
1.109598138999999762e+08 1.066185267999999970e+08 1.979616900000000000e+07 2.235430930000000075e+07
7.912085540000000596e+07 1.127520713819999993e+08 3.326437000000000000e+07 1.274549343000000110e+06
9.466238106000000238e+07 1.203929549000000060e+08 2.165604400000000000e+07 2.089634526000000164e+07
7.058119778000000119e+07 1.438349615000000000e+08 3.922644100000000000e+07 9.619563570000000298e+06
9.747435634000000358e+07 8.729870093739999831e+07 2.501785800000000000e+07 7.007981729010000825e+06
9.925258500000000000e+07 1.401285600000000000e+08 1.957982800000000000e+07 3.605671739999999851e+07
1.167865773100000173e+08 7.901934931000000238e+07 1.972516000000000000e+07 9.585177143000000715e+07
8.088790771349999309e+07 1.085830212600000054e+08 3.033974800000000000e+07 2.461862300299999770e+06
1.177233665600000024e+08 7.871782400000000000e+07 1.868410500000000000e+07 1.904980012199999988e+08
1.039529930100000054e+08 8.340823937000000477e+07 2.397302100000000000e+07 2.623863729999999981e+06
1.027399945499999821e+08 1.067671552999999970e+08 2.080559700000000000e+07 1.586062821000000089e+07
8.005759170000000298e+07 1.764964850000000000e+08 2.403042400000000000e+07 5.290677289999999851e+07
9.716431723199999332e+07 9.253132840999999642e+07 2.401638200000000000e+07 3.630388096899999771e+06
9.614151540000000596e+07 1.513400790000000000e+08 1.986762300000000000e+07 4.456992260000000149e+07
1.030038908800000399e+08 1.217318350000000000e+08 1.970456100000000000e+07 2.509412798000000045e+07
1.121066971640000045e+08 7.381016003729999065e+07 2.019187300000000000e+07 1.497704474154999852e+08
1.051562353400000036e+08 1.082430364000000060e+08 2.034736100000000000e+07 1.686231424100000039e+07
1.004365453499999940e+08 1.091305312999999970e+08 2.104750200000000000e+07 1.617128340899999999e+07
7.732658518000000715e+07 1.169693556700000018e+08 3.442934500000000000e+07 1.881312972999999998e+06
1.064840105999999940e+08 1.354724260000000000e+08 1.857330700000000000e+07 4.540912660000000149e+07
9.257688443000000715e+07 1.256235970000000000e+08 2.188872700000000000e+07 2.328471937999999896e+07
1.035060400000000000e+08 1.559494050000000000e+08 1.861495500000000000e+07 5.995010800000000000e+07
1.209345191299999952e+08 7.611799220000000298e+07 1.868481000000000000e+07 1.576049119799999893e+08
1.075693056299999952e+08 8.806173459999999404e+07 2.226431700000000000e+07 3.968037319999999832e+06
9.991169185999999940e+07 8.692019193500000238e+07 2.487806600000000000e+07 3.891923840000000200e+05
7.382489354999998212e+07 1.783028000000000000e+08 2.844240100000000000e+07 4.340450500000000000e+07
1.096440587000000030e+08 8.720392509999999404e+07 2.170059800000000000e+07 1.534106259999999963e+07
7.901580364000000060e+07 1.200617554000000060e+08 2.880418800000000000e+07 1.016742530000000075e+07
1.126487504500000179e+08 7.860536000000000000e+07 2.098027900000000000e+07 5.908211439999999851e+07
1.003851734730000198e+08 8.267119656040000916e+07 2.269544500000000000e+07 1.223947121771000028e+08
1.203224151870000064e+08 7.227595977599999309e+07 1.920138800000000000e+07 1.467879649749999940e+08
8.205873548999999464e+07 1.024736313700000048e+08 3.030396100000000000e+07 3.358815222999999672e+07
9.150249515000000596e+07 1.067124019000000060e+08 2.395878400000000000e+07 1.037113056100000069e+07
1.114144959170000404e+08 7.328209885310000181e+07 2.053042400000000000e+07 1.593548662019999921e+08
1.009931855059999973e+08 8.440553431299999356e+07 2.217199500000000000e+07 1.282257674099999964e+08
9.783995959999999404e+07 1.192923829000000060e+08 2.087587900000000000e+07 2.171453525000000000e+07
1.019359835700000226e+08 1.250866900000000000e+08 1.967434100000000000e+07 2.729535260999999940e+07
1.079325660999999940e+08 1.296455550000000000e+08 1.863789400000000000e+07 3.955749910000000149e+07
8.033982098000001907e+07 1.169665947999999970e+08 2.818394500000000000e+07 9.604062039999999106e+06
1.210441708900000155e+08 7.794692779999999702e+07 1.864570400000000000e+07 1.498072187100000083e+08
1.022610914089999944e+08 1.007984679000000060e+08 2.147143400000000000e+07 1.141039352999999933e+07
6.861959471999999881e+07 1.753526078000000119e+08 3.669981100000000000e+07 2.995412089999999851e+07
8.499915741629999876e+07 1.023134242199999988e+08 2.830706800000000000e+07 1.922144971889999928e+06
9.351549204399999976e+07 8.819197192710000277e+07 2.502692700000000000e+07 9.416916012346999347e+07
8.306082110000000894e+07 1.093095844000000060e+08 2.768379900000000000e+07 6.103611093000000343e+06
7.162309620000010729e+07 1.434914436999999881e+08 3.534276700000000000e+07 1.424515013000000082e+07
7.726405637999999523e+07 1.673778410000000000e+08 2.563304800000000000e+07 4.241142229999999702e+07
1.084037503789999932e+08 9.578592939000000060e+07 2.041786400000000000e+07 3.550289100500000268e+07
1.123708511099999994e+08 7.985529250000000000e+07 2.169362800000000000e+07 3.377222952000000328e+07
1.018319254239999950e+08 9.700266640000000596e+07 2.199843700000000000e+07 8.533538648000000045e+06
1.188155262399999946e+08 7.304129690000000596e+07 1.911635900000000000e+07 1.565935335999999940e+08
7.177295545999999344e+07 1.368120070999999940e+08 3.879080500000000000e+07 6.428946707000000402e+06
9.332177540999999642e+07 1.537028140000000000e+08 2.045087300000000000e+07 4.398651770000000298e+07
9.158376656999999285e+07 9.400766233599999547e+07 2.702417800000000000e+07 5.977932119999999413e+05
1.025974260100000054e+08 1.214163035999999940e+08 1.927482800000000000e+07 8.671167043000000715e+07
7.122020477000001073e+07 1.830730460000000000e+08 3.154873500000000000e+07 4.098620689999999851e+07
9.939620100000000000e+07 1.558825430000000000e+08 1.911864100000000000e+07 5.749926700000000000e+07
9.331971840999999642e+07 1.448817710000000000e+08 2.072894800000000000e+07 3.632447260000000149e+07
8.670887323000001907e+07 1.203958240699999928e+08 2.405179200000000000e+07 5.031677010000000149e+07
1.129993099699999988e+08 7.555310100000000000e+07 2.002469800000000000e+07 1.213498950000000000e+08
1.102834212270000428e+08 7.666379980200000107e+07 2.125216300000000000e+07 7.366203062399999797e+07
1.118530846700000018e+08 7.581463615000000596e+07 2.091948600000000000e+07 8.223761912500000000e+07
