1.142186333900000155e+08 8.031286145000000298e+07 2.091914600000000000e+07 5.221044185999999940e+07
1.094230793000000417e+08 1.174412280000000000e+08 1.927432400000000000e+07 2.347540160000000149e+07
1.063809781200000048e+08 9.619863620000000298e+07 2.134995500000000000e+07 9.195002699999999255e+06
9.981824053000000119e+07 8.742958773600000143e+07 2.440551900000000000e+07 7.011255920000000624e+05
1.167441348240000159e+08 7.134843440370000899e+07 1.960428000000000000e+07 1.641619334672999978e+08
1.103938240000000000e+08 1.013187977999999970e+08 2.042090500000000000e+07 1.511956240000000037e+07
8.188977186999998987e+07 1.591993490000000000e+08 2.360556100000000000e+07 4.327581710000000149e+07
1.103726351300000399e+08 9.192700596999999881e+07 2.093210600000000000e+07 2.265894644999999925e+07
1.204534539699999988e+08 7.683689720000000298e+07 1.860898900000000000e+07 1.643543193300000131e+08
1.062852601570000201e+08 8.334053733900000155e+07 2.349106100000000000e+07 3.086081971999999951e+05
9.934457290000000596e+07 1.574182110000000000e+08 1.912518800000000000e+07 5.871477100000000000e+07
1.188624105000000000e+08 7.265578520000000298e+07 1.966040300000000000e+07 1.233624721299999952e+08
1.081740765000000447e+08 1.035936712999999970e+08 2.040597400000000000e+07 1.441916340000000037e+07
1.044847000199999958e+08 9.388041800000000000e+07 2.192298900000000000e+07 7.105038099999999627e+06
1.056892259800000042e+08 8.173463437999999523e+07 2.093810400000000000e+07 1.458883145539999902e+08
1.086677762399999946e+08 1.209481612999999970e+08 1.851189100000000000e+07 9.498109631999999285e+07
1.084062985699999928e+08 9.208262659999999404e+07 2.160998300000000000e+07 6.821802799999999814e+06
9.147089761900001764e+07 9.802791482999999821e+07 2.533738800000000000e+07 4.082262919300000183e+06
1.084171986529999822e+08 7.855634225000000000e+07 2.049273000000000000e+07 1.500282688269999921e+08
7.863341279999999702e+07 1.757756660000000000e+08 2.470983700000000000e+07 4.952098789999999851e+07
1.101130832000000030e+08 1.228020650000000000e+08 1.863089600000000000e+07 4.112486050000000000e+07
1.138958645300000012e+08 1.055856977999999970e+08 1.868389500000000000e+07 7.254671148000000417e+07
1.076721207600000203e+08 8.736923240000000596e+07 2.210942400000000000e+07 9.384475800000000745e+06
6.954697794999998808e+07 1.539335709000000060e+08 3.853651200000000000e+07 1.586479596000000089e+07
1.102438686490000039e+08 8.040224506880000234e+07 2.253533900000000000e+07 1.572112071590000018e+07
9.143478425000000000e+07 9.410632084299999475e+07 2.701318800000000000e+07 6.660353830000000307e+05
1.086309056200000048e+08 8.818813439999999106e+07 2.212072900000000000e+07 4.231099080000000075e+06
1.061543217000000179e+08 1.003422062000000030e+08 2.094712300000000000e+07 1.180788209999999963e+07
1.112226817999999821e+08 1.215663180000000000e+08 1.864136600000000000e+07 3.971212770000000298e+07
9.645067431299999356e+07 9.945088029999999702e+07 2.316373700000000000e+07 8.022649133000000380e+06
9.088773409000000358e+07 9.563914451999999583e+07 2.634371700000000000e+07 1.572809789000000106e+06
9.381122837000000477e+07 9.252032853800000250e+07 2.582915400000000000e+07 8.790669619999999413e+05
9.677123200000000000e+07 1.086807240999999940e+08 2.203755800000000000e+07 1.426410793400000036e+07
1.160523081500000060e+08 7.942543431000000238e+07 1.983041000000000000e+07 9.158313085999999940e+07
1.189957498700000048e+08 6.935736637000000477e+07 1.973229000000000000e+07 1.644877262299999893e+08
1.203167714899999946e+08 6.985911314000000060e+07 1.946973700000000000e+07 1.531326336299999952e+08
1.191889776200000048e+08 7.723247264000000060e+07 1.918535400000000000e+07 1.225170620199999958e+08
1.005564105300000012e+08 1.142981585100000054e+08 2.006154700000000000e+07 7.037580993999999762e+07
1.018922027999999970e+08 8.583157679899999499e+07 2.400245700000000000e+07 6.095068510000000242e+05
1.086251246169999987e+08 7.887714663799999654e+07 2.217089200000000000e+07 3.970679235700000077e+07
8.029472860000000894e+07 1.772611500000000000e+08 2.393149700000000000e+07 5.456791750000000000e+07
1.202616035499999970e+08 7.468364271999999881e+07 1.922741300000000000e+07 1.298308612800000012e+08
1.082385045999999940e+08 1.289893050000000000e+08 1.861361200000000000e+07 4.034255529999999702e+07
1.051729271519999951e+08 1.074486097999999970e+08 2.042102800000000000e+07 1.625539198509999923e+07
1.009849362999999821e+08 1.155363324000000060e+08 2.043759500000000000e+07 2.048119265500000119e+07
9.994895411270000041e+07 9.056811840000000596e+07 2.340368600000000000e+07 3.547506254329999909e+06
6.880452057999999821e+07 1.665470356999999881e+08 3.759131400000000000e+07 2.416253769999999925e+07
1.127196029009999931e+08 7.214153543230000138e+07 2.054201100000000000e+07 1.670887322596000135e+08
1.081188127999999970e+08 9.685740129999999702e+07 2.108284400000000000e+07 9.904875800000000745e+06
7.772250702899998426e+07 1.150895086599999964e+08 3.321282200000000000e+07 2.536470699299999978e+06
8.731799635999999940e+07 9.891384998000000417e+07 2.763008400000000000e+07 1.445453162999999942e+06
1.208964288799999952e+08 7.873357959999999404e+07 1.864830300000000000e+07 1.465938557899999917e+08
8.563549235999998450e+07 1.010494230699999928e+08 2.857286900000000000e+07 1.103447837999999989e+06
1.058106892900000066e+08 8.835967500000000000e+07 2.249298000000000000e+07 3.713005839999999851e+06
6.861682210000000894e+07 1.742886613000000119e+08 3.691997300000000000e+07 2.914544339999999851e+07
1.157992314099999964e+08 7.873845133999998868e+07 2.042464300000000000e+07 7.167876532999999821e+07
9.599796909999999404e+07 1.039934630000000000e+08 2.260459100000000000e+07 1.645768907000000030e+07
7.498954221999999881e+07 1.659725700000000000e+08 2.756091500000000000e+07 3.860912289999999851e+07
1.144064116900000423e+08 7.518620120000000298e+07 1.957266300000000000e+07 1.446674436999999881e+08
6.861823598000000417e+07 1.755913553000000119e+08 3.671808800000000000e+07 3.005811219999999925e+07
1.136268276400000006e+08 1.004148330999999940e+08 1.921014000000000000e+07 5.821354032999999821e+07
8.389148479000000656e+07 1.723641690000000000e+08 2.267762400000000000e+07 5.734652800000000000e+07
1.090118877999999970e+08 1.268375030000000000e+08 1.862332700000000000e+07 3.927514260000000149e+07
1.167732348050000072e+08 7.683291636999998987e+07 2.007773200000000000e+07 8.982908209399999678e+07
7.347640874000000954e+07 1.430221279000000060e+08 3.155129700000000000e+07 1.900372970000000298e+07
8.738937759999999404e+07 1.306178335000000000e+08 2.299035100000000000e+07 6.454078676000000536e+07
6.913191149000000954e+07 1.874346980000000000e+08 3.484088400000000000e+07 3.872265550000000000e+07
9.344075451000002027e+07 1.209243674000000060e+08 2.158136700000000000e+07 6.780951864000000060e+07
1.102736898460000008e+08 8.285310610899999738e+07 2.288899700000000000e+07 8.193972019999999320e+05
8.852053989000000060e+07 9.729576462999999523e+07 2.733286900000000000e+07 1.351093956999999937e+06
9.249500156000000238e+07 1.089137502999999970e+08 2.336590300000000000e+07 1.227015205599999987e+07
7.860370413999998569e+07 1.227779315999999940e+08 2.868980100000000000e+07 1.169858725000000000e+07
8.780836540000000596e+07 1.673569050000000000e+08 2.157673400000000000e+07 5.817622700000000000e+07
7.231101951000000536e+07 1.344840371599999964e+08 3.956539900000000000e+07 4.227801694000000134e+06
1.031006312999999970e+08 1.560753200000000000e+08 1.865396700000000000e+07 5.989994400000000000e+07
1.080369334000000060e+08 1.099799715000000000e+08 1.987594900000000000e+07 1.855907850000000000e+07
9.306146061399999261e+07 9.872013887999999523e+07 2.449114200000000000e+07 5.794149368999999948e+06
8.131171634000000358e+07 1.038737613700000048e+08 3.082977800000000000e+07 3.292631523000000045e+07
1.045678617099999785e+08 8.296587279999999702e+07 2.115404600000000000e+07 1.425463173799999952e+08
8.803380876199999452e+07 1.011725896899999976e+08 2.639124200000000000e+07 4.081742367000000086e+06
1.086404706370000243e+08 7.502382623549999297e+07 2.124378600000000000e+07 1.581235625624000132e+08
1.143314606819999963e+08 7.277836392199999094e+07 1.980540400000000000e+07 1.684625303720000088e+08
1.107376927099999934e+08 8.096292629999999702e+07 2.214087000000000000e+07 2.162982948999999836e+07
1.039856516900000423e+08 1.111887215000000000e+08 2.018210400000000000e+07 2.153411669999999925e+07
1.063854179780000001e+08 8.046074233200000226e+07 2.265285800000000000e+07 2.876368095199999958e+07
1.086005317399999797e+08 8.642313533999998868e+07 2.241024700000000000e+07 2.942605919999999925e+06
9.356264629999999702e+07 1.542131000000000000e+08 2.036481000000000000e+07 4.539844439999999851e+07
1.039703536999999583e+08 1.283126730000000000e+08 1.907112700000000000e+07 3.836668379999999702e+07
1.167266654599999934e+08 7.732534070999999344e+07 1.917027100000000000e+07 1.351682955200000107e+08
7.000923013000001013e+07 1.749215905999999940e+08 4.650911800000000000e+07 1.261670211999999918e+07
8.563369322699999809e+07 1.026775468299999982e+08 2.742637900000000000e+07 3.504913182000000030e+06
7.958606139000001550e+07 1.442053234000000060e+08 2.561623900000000000e+07 2.730677285000000149e+07
8.418907984000001848e+07 1.105034027000000030e+08 2.670741000000000000e+07 8.182644041999999434e+06
9.250788209000000358e+07 1.464345750000000000e+08 2.071076900000000000e+07 4.833119520000000298e+07
1.002965855129999965e+08 1.046665067000000030e+08 2.149190800000000000e+07 1.312355575500000082e+07
1.159774563000000417e+08 7.229568076000000536e+07 2.004888300000000000e+07 1.235467942169999927e+08
8.113685844999998808e+07 1.512604110000000000e+08 2.438442900000000000e+07 3.290641812999999896e+07
7.734021054000002146e+07 1.464096773000000119e+08 2.686419200000000000e+07 2.676759994000000134e+07
1.182788167880000025e+08 7.526735746999999881e+07 1.977150800000000000e+07 1.060780294039999992e+08
9.721946354999999702e+07 1.339748230000000000e+08 2.022608900000000000e+07 3.061379346999999881e+07
7.328081553999999166e+07 1.301904201599999964e+08 3.805527200000000000e+07 3.972750030999999959e+06
1.190623027779999971e+08 7.185751245299999416e+07 1.915858400000000000e+07 1.701506492459999919e+08
7.681281310199999809e+07 1.176108550699999928e+08 3.391052400000000000e+07 2.904447172999999952e+06
1.117692436300000399e+08 8.020414323000000417e+07 2.195845200000000000e+07 2.677695426000000164e+07
8.355448390000000596e+07 1.036871213009999990e+08 2.988056600000000000e+07 1.035555511000000057e+06
9.014390670000001788e+07 1.649774120000000000e+08 2.099422700000000000e+07 5.817455500000000000e+07
1.115430020199999958e+08 8.826879207000000775e+07 2.143187800000000000e+07 1.690556423000000045e+07
1.127030653400000036e+08 7.967200190000000596e+07 2.146898700000000000e+07 3.997973514999999851e+07
9.919222230400002003e+07 9.552393359999999404e+07 2.282396800000000000e+07 6.738002848999999464e+06
1.064134890999999940e+08 1.371899670000000000e+08 1.851440400000000000e+07 4.993306039999999851e+07
9.636840721999999881e+07 1.481404090000000000e+08 1.976869800000000000e+07 4.972064760000000149e+07
8.617100051430001855e+07 9.636351179210999608e+07 2.786268400000000000e+07 5.011575592685999721e+07
7.685758344000001252e+07 1.184199527999999970e+08 3.223660000000000000e+07 5.514121690000000410e+06
1.035705953700000197e+08 9.742273459999999404e+07 2.155653900000000000e+07 1.145695830000000075e+07
1.114868735999999940e+08 1.141388020000000000e+08 1.907982400000000000e+07 3.215911869999999925e+07
1.131624533939999938e+08 7.650679042000000179e+07 2.099755700000000000e+07 6.713193235999999940e+07
7.368966517000000179e+07 1.281345212699999958e+08 3.671267700000000000e+07 5.944373572999999858e+06
1.122869612820000052e+08 7.566421503000000119e+07 1.982288400000000000e+07 1.641161507380000055e+08
7.517809976999999583e+07 1.286849502810000032e+08 3.971555100000000000e+07 1.025243479999999981e+06
1.207854957300000042e+08 7.305501343000000715e+07 1.917261900000000000e+07 1.413991010099999905e+08
8.543204470999999344e+07 1.386459340000000000e+08 2.340815500000000000e+07 2.757090305999999866e+07
8.908140771999999881e+07 1.073066832999999970e+08 2.484151700000000000e+07 9.382621025000000373e+06
8.266106714000000060e+07 1.107389222600000054e+08 2.760884300000000000e+07 7.175221263000000268e+06
9.600605907999999821e+07 9.039497226899999380e+07 2.518982000000000000e+07 1.021077476000000024e+06
1.188466706099999845e+08 7.807591010000000894e+07 1.863907000000000000e+07 1.674850974300000072e+08
1.101115941599999964e+08 8.656592520000000298e+07 2.226166800000000000e+07 3.267965550000000279e+06
1.009940730000000000e+08 1.486332610000000000e+08 1.892322800000000000e+07 5.370758800000000000e+07
8.143747262799999118e+07 1.072498400799999982e+08 3.042431500000000000e+07 1.850592834000000032e+06
1.182981243599999845e+08 7.511885573000000417e+07 1.926412700000000000e+07 1.310901973199999928e+08
1.066649307600000203e+08 1.240772170000000000e+08 1.914905800000000000e+07 2.735162980999999866e+07
1.044862225000000000e+08 9.665673800000000000e+07 2.083984300000000000e+07 3.794865700000000000e+07
