1.141616687179999948e+08 7.549044983699999750e+07 2.090799100000000000e+07 7.339514331910000741e+07
1.192805000300000012e+08 7.690264887000000477e+07 1.925902400000000000e+07 1.200037133900000006e+08
1.082429794000000060e+08 9.654193600000000000e+07 2.106434100000000000e+07 1.073610051000000164e+07
1.081124695999999940e+08 1.101665360000000000e+08 1.986369500000000000e+07 1.859406330000000075e+07
1.203323102099999934e+08 7.841846629999999702e+07 1.861198700000000000e+07 1.538409070999999940e+08
1.110375844340000153e+08 8.719641228300000727e+07 2.160923500000000000e+07 1.566432752099999972e+07
1.111380861899999976e+08 9.152316159999999404e+07 2.107084300000000000e+07 1.873477523999999836e+07
1.093608417000000030e+08 9.642567850000000000e+07 2.104350500000000000e+07 9.773972599999999627e+06
1.092796257000000030e+08 1.254167740000000000e+08 1.864033300000000000e+07 3.897668989999999851e+07
1.172034611700000018e+08 7.914773851000000536e+07 1.967276400000000000e+07 9.686788310999999940e+07
1.103304474399999976e+08 1.152685180000000000e+08 1.927216900000000000e+07 2.476268819999999925e+07
1.178633821319999993e+08 7.540875662199999392e+07 1.987089200000000000e+07 1.021165646009999961e+08
1.084513941729999930e+08 1.187367240000000000e+08 1.925648500000000000e+07 2.418988805480000004e+07
1.186663001899999976e+08 7.870184670000000298e+07 1.914640700000000000e+07 1.202019435999999940e+08
1.138853872900000215e+08 8.044653865000000596e+07 2.108206000000000000e+07 4.722107720000000298e+07
1.063652012999999970e+08 1.346898310000000000e+08 1.865040000000000000e+07 4.172943860000000149e+07
1.131107106900000423e+08 1.019162050000000000e+08 1.907992400000000000e+07 6.114238500000000000e+07
1.003074282100000232e+08 8.849399153000000119e+07 2.375652500000000000e+07 2.019432020000000019e+06
1.023613138199999928e+08 9.428164550000000000e+07 2.224803600000000000e+07 6.803664600000000559e+06
1.000459164699999988e+08 1.281320180000000000e+08 1.988032500000000000e+07 2.804958447000000253e+07
1.191321586800000072e+08 6.957007632600000501e+07 1.974376000000000000e+07 1.532576808219999969e+08
1.084471190300000012e+08 9.183831770000000298e+07 2.164106200000000000e+07 6.624385900000000373e+06
1.124807903199999928e+08 8.073989790000000596e+07 1.933892200000000000e+07 1.746856356599999964e+08
1.086863849699999839e+08 1.208550192000000030e+08 1.851187100000000000e+07 9.482139106999999285e+07
1.033919674699999988e+08 1.177614122000000030e+08 1.926929300000000000e+07 8.268530723999999464e+07
7.694146942999999225e+07 1.207728351469999999e+08 3.654261100000000000e+07 1.079550269000000088e+06
1.082754174000000060e+08 1.036934280999999940e+08 2.039376500000000000e+07 1.443137440000000037e+07
1.002464907900000066e+08 8.709258665199999511e+07 2.434043600000000000e+07 6.444971629999999423e+05
1.039977380300000012e+08 1.337038150000000000e+08 1.908292900000000000e+07 3.357077270000000298e+07
8.277837609000000358e+07 1.097764545799999982e+08 2.779585000000000000e+07 6.183450014000000432e+06
8.240932176100000739e+07 1.067378527699999958e+08 2.894206400000000000e+07 3.362286061999999918e+06
1.084103828540000170e+08 7.888546714000000060e+07 2.182469400000000000e+07 4.933943670700000226e+07
1.063987908350000232e+08 1.143405770000000000e+08 1.973440300000000000e+07 2.101208440100000054e+07
1.081853460000000000e+08 7.548691452310000360e+07 2.121281100000000000e+07 1.536426975609000027e+08
1.122872682999999970e+08 9.973519029999999702e+07 1.943887700000000000e+07 5.203695414000000060e+07
9.914169631999999285e+07 1.076275235000000000e+08 2.148667100000000000e+07 1.464015013599999994e+07
1.103096031700000018e+08 1.072102874000000060e+08 1.895615600000000000e+07 6.288256777000000328e+07
1.020343151200000048e+08 8.891943495999999344e+07 2.312704600000000000e+07 3.138200520000000019e+06
1.059535617400000244e+08 9.472402650000000000e+07 2.159270900000000000e+07 8.043003500000000000e+06
1.209185039930000007e+08 7.235725251999999583e+07 1.919101600000000000e+07 1.449923269120000005e+08
1.102218849099999964e+08 9.094143979999999702e+07 2.162259900000000000e+07 6.721133139999999665e+06
8.352471998000001907e+07 1.213519060999999940e+08 2.564656300000000000e+07 1.500928115000000037e+07
1.207886644899999797e+08 7.646800989999999106e+07 1.863856200000000000e+07 1.611204277800000012e+08
8.872149579000000656e+07 9.734261186499999464e+07 2.763806000000000000e+07 7.044716670000000158e+05
6.864202602000001073e+07 2.004993773000000119e+08 4.580130100000000000e+07 2.759640750000000000e+07
8.257320940000000596e+07 1.120614645999999940e+08 2.748984300000000000e+07 7.700648988000000827e+06
1.026007315080000162e+08 9.906257129999999702e+07 2.162089600000000000e+07 1.008764484930000082e+07
9.978207648999999464e+07 1.429278600000000000e+08 1.920594000000000000e+07 5.043955020000000298e+07
1.133658892000000179e+08 8.026960420000000298e+07 1.920954600000000000e+07 1.777854658799999952e+08
7.314107532400000095e+07 1.320257855100000054e+08 3.963530600000000000e+07 2.843307544999999925e+06
1.092224267699999958e+08 8.332548440299999714e+07 2.288881000000000000e+07 1.003826368999999948e+06
1.023592735199999958e+08 8.545652850000000000e+07 2.401617800000000000e+07 4.684422349999999860e+05
8.059070294999998808e+07 1.679939130000000000e+08 2.387635800000000000e+07 5.025542839999999851e+07
1.044625869300000221e+08 8.380967638299998641e+07 2.393021100000000000e+07 3.589478099999999977e+05
9.359924026399999857e+07 9.626110331999999285e+07 2.475636400000000000e+07 4.095860220499999821e+06
8.236389888999998569e+07 1.083831576700000018e+08 2.835512100000000000e+07 5.093449991999999620e+06
7.890601995999999344e+07 1.141211989109999985e+08 3.397782900000000000e+07 1.028461523999999976e+06
1.006853753799999952e+08 1.142610435000000000e+08 2.059434000000000000e+07 1.948926117000000179e+07
1.095153273909999579e+08 9.183958109000000358e+07 2.093238400000000000e+07 2.461585386300000176e+07
1.113221118900000006e+08 8.126900450000000000e+07 2.216622200000000000e+07 1.909867503999999911e+07
9.776148516000004113e+07 8.937419255699999630e+07 2.470432600000000000e+07 1.051292720999999903e+06
9.942570546999999881e+07 9.683136450000000000e+07 2.257724000000000000e+07 7.735703648000000045e+06
1.062617306300000399e+08 1.233040840000000000e+08 1.923267900000000000e+07 2.664332402800000086e+07
1.109091179699999988e+08 1.133311300999999940e+08 1.851170300000000000e+07 8.438481718999999762e+07
1.014054362600000203e+08 1.247099480000000000e+08 1.977489000000000000e+07 2.698073792000000179e+07
1.050494617929999977e+08 1.008498435999999940e+08 2.103335800000000000e+07 1.199891472780000046e+07
8.439635593999999762e+07 9.892619200000000000e+07 2.902504700000000000e+07 2.520855921099999920e+07
8.565823909999999404e+07 1.683997430000000000e+08 2.215651600000000000e+07 5.711957300000000000e+07
1.182168724899999946e+08 7.585551676999999583e+07 1.915168600000000000e+07 1.343322344900000095e+08
8.125197104999999702e+07 1.077655267000000030e+08 3.149356600000000000e+07 1.108250787999999942e+06
1.189107767510000020e+08 7.087869907299999893e+07 1.974823200000000000e+07 1.333104945499999970e+08
1.123120829899999946e+08 7.986754809999999404e+07 2.173901000000000000e+07 3.264089853999999911e+07
9.441766456999999285e+07 9.190134346199999750e+07 2.566709800000000000e+07 8.766638410000000149e+05
1.131678993199999928e+08 8.010655070000000298e+07 2.152412600000000000e+07 3.646108381000000238e+07
7.496136034999999404e+07 1.766163240000000000e+08 2.737721300000000000e+07 4.436687520000000298e+07
1.138778292699999958e+08 7.146335585740000010e+07 2.034447300000000000e+07 1.655188913860999942e+08
7.517809966999998689e+07 1.286849502810000032e+08 3.971555100000000000e+07 1.025243479999999981e+06
1.073559142000000179e+08 1.308792970000000000e+08 1.868266000000000000e+07 3.844473120000000298e+07
9.369255228000000119e+07 9.253044827099999785e+07 2.593026700000000000e+07 7.857238639999999432e+05
9.842796412999999523e+07 8.338918553630000353e+07 2.378940400000000000e+07 1.193716073957999945e+08
1.011461360000000000e+08 1.213623840000000000e+08 1.992359600000000000e+07 2.780267819999999925e+07
6.894763133999998868e+07 1.904242866999999881e+08 4.586268500000000000e+07 2.197845269999999925e+07
1.065675174810000062e+08 1.081552915999999940e+08 2.017633600000000000e+07 1.711139442060000077e+07
9.375288179999999702e+07 1.052181107999999970e+08 2.333417500000000000e+07 1.062158156499999948e+07
9.218542759999999404e+07 1.630882270000000000e+08 2.052288300000000000e+07 5.839061600000000000e+07
1.036093943700000346e+08 1.147612072000000030e+08 2.000627100000000000e+07 2.223401539999999851e+07
1.185703524500000030e+08 7.320073540000000596e+07 1.919612500000000000e+07 1.488159143000000119e+08
1.109835431400000006e+08 9.315096189000000060e+07 2.045860400000000000e+07 3.363023114000000060e+07
8.439812270000001788e+07 1.588874220000000000e+08 2.268853300000000000e+07 4.818025310000000149e+07
8.470335412900000811e+07 1.034014737199999988e+08 2.796869100000000000e+07 2.971565225999999791e+06
9.408405910600000620e+07 9.940407140000000596e+07 2.400941400000000000e+07 6.698343895000000484e+06
1.022681450300000012e+08 1.252356574000000060e+08 1.921926500000000000e+07 8.732513900000000000e+07
8.796458404899999499e+07 9.948970246999999881e+07 2.693953000000000000e+07 2.460047731900000013e+06
1.085147496899999976e+08 1.028086202000000030e+08 1.967011700000000000e+07 4.616111307000000030e+07
1.039325599819999933e+08 1.051297554000000060e+08 2.078706400000000000e+07 1.457111605700000003e+07
8.723660628999999166e+07 9.905379196799999475e+07 2.779213500000000000e+07 1.201201213999999920e+06
9.820884509999999404e+07 1.531104990000000000e+08 1.933527700000000000e+07 5.592554700000000000e+07
1.167282931400000006e+08 7.883064670000000298e+07 1.936339200000000000e+07 1.144164811299999952e+08
1.147168553199999928e+08 7.994329465999999642e+07 2.033031500000000000e+07 7.269511106999999285e+07
8.973025146999999881e+07 1.225871647999999970e+08 2.301816000000000000e+07 1.983042263000000268e+07
1.168152788400000036e+08 7.502855846999999881e+07 1.907227400000000000e+07 1.807038150399999917e+08
7.670660186000010371e+07 1.198712114699999988e+08 3.172858200000000000e+07 9.891002773000000045e+06
6.996346847000001371e+07 1.492782466999999881e+08 3.892423800000000000e+07 1.289698453999999911e+07
1.040931659099999964e+08 8.563303712999999523e+07 2.332074700000000000e+07 1.369167051999999909e+06
7.903269817000000179e+07 1.179617925999999940e+08 2.919362400000000000e+07 8.686379760000001639e+06
8.991882493000000715e+07 9.699823467000000179e+07 2.651627300000000000e+07 1.879284229999999981e+06
8.040713490000002086e+07 1.111455336500000060e+08 2.949504600000000000e+07 4.991780953999999911e+06
8.387835383000001311e+07 1.101876609000000060e+08 2.696363800000000000e+07 7.564230601999999955e+06
1.059882078499999940e+08 8.347885926500000060e+07 2.344233000000000000e+07 5.049172040000000270e+05
1.164738003599999994e+08 7.611295020000000298e+07 2.027279400000000000e+07 8.613859917000000179e+07
8.336472737999999523e+07 1.045783101700000018e+08 3.067788200000000000e+07 6.527609270000000251e+05
7.380203981000000238e+07 1.415751630999999940e+08 3.126765600000000000e+07 1.870549241000000015e+07
1.054384373199999928e+08 8.918227531000000238e+07 2.240199000000000000e+07 4.363311299999999814e+06
1.082667599899999946e+08 8.733393200999999046e+07 2.227974500000000000e+07 3.676913270000000019e+06
1.197984645670000017e+08 7.327521861200000346e+07 1.945894300000000000e+07 1.268163073719999939e+08
