5.842567859E7 1.559127815E8 2.400332E7 7103381.029999999
1.08072310619E8 1.047893480033E8 1.7821654E7 197070.8121
8.097908586999999E7 1.1803362462E8 2.0100647E7 1.1805714041E7
1.04009794405E8 1.30374852E8 1.6270891E7 1.6373730213E7
1.00043804165E8 1.05171671205E8 1.7830085E7 3.0008190327E7
9.3676130531E7 1.049145613787E8 1.7752604E7 1.373638687621E8
8.3719003559E7 1.14094016002E8 1.9214973E7 8.60807583861E7
1.06584879572E8 9.6200105602E7 1.6226152E7 2.052749749117E8
8.284962064E7 1.149465070046E8 1.9359486E7 8.080989114297E7
8.739619616E7 1.71120023E8 1.6207089E7 3.76625019E7
1.05332849625E8 1.04704871205E8 1.7869987E7 6098438.727
1.2685415317E8 9.4327595766E7 1.5992204E7 6.3961483396E7
1.13492212878E8 1.0105820137E8 1.7044327E7 2.4426443653E7
6.098564045E7 1.583937708E8 2.2759989E7 1.165626373E7
1.0761678787E8 1.0423983122E8 1.5555706E7 2.2065251987E8
1.0982804009E8 9.886225835E7 1.6482461E7 9.093125514E7
9.953299731000005E7 1.0463935546E8 1.7380028E7 6.20028891E7
9.21669394E7 1.1114732073E8 1.747261E7 1.38892614914E8
5.761815361E7 1.671243801E8 2.3496501E7 1.413751122E7
5.537994063E7 2.00486785E8 2.400104E7 2.99899491E7
1.1023686205E8 9.850682071E7 1.5630834E7 2.08112397953E8
1.2638061781E8 1.43354478E8 1.4177788E7 4.52232266E7
6.468486956E7 1.3771600137E8 2.3376803E7 1.793878923E7
6.983034081E7 1.576404858E8 1.9979117E7 3.708996668E7
1.2216345694E8 1.094250886E8 1.6256021E7 6438968.04
7.6470802554E7 1.214666728034E8 2.060062E7 4.323611799455E7
1.1027615709E8 1.0310341086E8 1.7338594E7 1.438882427E7
9.11744847525E7 1.094517243335E8 1.7917011E7 8.237456221222E7
9.689943733E7 1.28672815E8 1.6456168E7 5.4503311E7
1.2627298752E8 9.96418837E7 1.4439796E7 2.085236441E8
9.182891884E7 1.0833261634E8 1.814901E7 5.5365436383E7
8.210072467E7 1.307294438E8 1.8724188E7 9624638.05
1.2667952384E8 9.53701495E7 1.4860797E7 1.522310533E8
1.2304638709E8 9.3081169741E7 1.4990349E7 1.93735845206E8
6.0725808837000005E7 2.10104183E8 2.1005766E7 4.55543382E7
6.645691067999999E7 1.3769842560999998E8 2.2971231E7 1383968.81
9.884261864000002E7 1.48502412E8 1.5876881E7 2.6753672324E7
9.852662073000002E7 1.493087099E8 1.5311222E7 1.090861258E8
5.519571942600001E7 1.737211153E8 2.5318832E7 1.181465235E7
1.0070226203E8 1.068350304E8 1.7433856E7 3.91765618E7
1.0286671332E8 1.053454186E8 1.6737272E7 8.60936027E7
6.434404548000001E7 1.4150096451000002E8 2.3321805E7 1855582.818
1.2592892604999998E8 9.17485298E7 1.5034774E7 1.630617223E8
1.29534658871E8 9.3102294713E7 1.5672649E7 7.8610513888E7
9.064830417E7 1.64263908E8 1.6060353E7 3.446661164E7
1.25367590978E8 9.0241020866E7 1.5055203E7 1.872908618646E8
9.122285776E7 1.541061223E8 1.5883227E7 1.084330313E8
8.417057979399998E7 1.1982028989E8 1.921143E7 3051070.1332
1.1838739416E8 9.90046145E7 1.5363784E7 1.356280425E8
8.5574678E7 1.1476812474E8 1.953288E7 5986734.725
6.973337558999999E7 1.9837733E8 1.8801359E7 4.50074776E7
1.048140026E8 1.60899586E8 1.5064893E7 3.653215636E7
1.2515543242E8 1.114123935E8 1.5564334E7 3.2221483346E7
1.0059084527E8 1.41136098E8 1.6032526E7 2.2556024382E7
1.22661635795E8 9.7328660249E7 1.6477181E7 3.59547598684E7
1.058070328E8 1.182238833E8 1.6807797E7 8931800.6
1.2442307392200002E8 1.43664059E8 1.4464275E7 2.8822523817E7
1.1026344332000002E8 9.429054566E7 1.6033515E7 1.9099345024657E8
9.376894248E7 1.10813719438E8 1.8671724E7 529120.786
1.2227440146E8 1.46973159E8 1.4462795E7 3.0588254217E7
1.08529870891E8 1.02050058591E8 1.7233782E7 3.1405260169E7
1.0217775311E8 1.07131054731E8 1.8081198E7 403396.982
1.162515177E8 1.009243249E8 1.5012948E7 2.1164368188E8
1.0644507034E8 1.0970157101E8 1.7375893E7 3369702.5300000003
1.1248974464E8 1.03613553749E8 1.7477019E7 499620.569
7.882695332E7 1.22871012718E8 2.0447531E7 1033858.693
1.2094247875E8 9.059183467E7 1.5450894E7 1.76790806996E8
1.2566575620000002E8 1.203116388E8 1.5033093E7 4.05021913E7
1.35787679583E8 8.9205028056E7 1.4464949E7 1.82695417337E8
1.2420639439E8 9.3047888017E7 1.5732145E7 1.01665745314E8
1.19828552057E8 1.244947866E8 1.5513527E7 1.58602882766E7
1.14543048822E8 9.33742858644E7 1.5645083E7 1.953569896572E8
1.1570684856E8 9.5786192206E7 1.615098E7 1.0055990257E8
1.3242502927E8 9.25992735E7 1.5066117E7 1.134560024E8
8.1196448225E7 1.2221512571E8 1.9674268E7 2861654.7139
7.684284123E7 1.607816798E8 1.8187166E7 6.200017799E7
6.259718352700001E7 1.4433123718E8 2.3864108E7 1651797.515
1.23082981823E8 1.30676775E8 1.5040751E7 2.02941052664E7
1.1178196152E8 9.653110413E7 1.6045049E7 1.3389942302E8
1.07689002972E8 1.37863269E8 1.5653287E7 2.2149691742E7
1.059176790344E8 9.728554782524E7 1.6438048E7 1.56241611266203E8
1.07266065073E8 9.65675344138E7 1.6212988E7 1.7313780659469E8
1.162953409E8 9.40981873E7 1.5638176E7 1.5793033721E8
1.0397658646E8 1.58770698E8 1.5044132E7 4.43111406E7
1.3333838367E8 8.717687137E7 1.4849666E7 1.7017859172E8
8.729522855600001E7 1.106487284146E8 1.8677351E7 1.089238966735E8
8.970930380000001E7 1.11345756987E8 1.8959679E7 1.0072449477E7
8.351339689E7 1.4902419165E8 1.7300454E7 7.073950662E7
1.31025264605E8 9.0828471583E7 1.5327338E7 1.09637555274E8
1.00967652875E8 1.238380097E8 1.6853447E7 1.15224438739E7
1.1634030528E8 1.5655974E8 1.4390817E7 4.5698646E7
1.06698817835E8 1.01038787714E8 1.7005766E7 6.0153056414E7
6.800924038E7 1.504197643E8 2.0913526E7 1.309062035E7
7.4500949471E7 1.236651988855E8 2.1028585E7 3.805131602944E7
1.1225608385E8 1.297772324E8 1.5124677E7 6.902702063E7
8.747965838000001E7 1.14968852037E8 1.9281773E7 579668.67
1.025491915E8 1.0348814711E8 1.7376443E7 4.7353328765E7
1.12999317398E8 9.4701295796E7 1.5669397E7 1.950409832528E8
9.872936074E7 1.55255509E8 1.5643307E7 3.1117873110000003E7
1.2871275556E8 9.74410119E7 1.4389394E7 2.0364356235E8
1.24511581817E8 9.78810439694E7 1.6618591E7 2.07949203815E7
1.18752617112E8 1.01402883112E8 1.7254243E7 212589.4118
1.235036845258E8 1.29584215E8 1.5066945E7 1.972354016586E7
1.123543724088E8 1.198537526E8 1.6231779E7 1.147376768512E7
9.780517084E7 1.57566592E8 1.5645646E7 3.222460921E7
8.56926415244E7 1.394163262E8 1.7628731E7 1.6840985816E7
1.0836559344E8 9.7860836698E7 1.6448838E7 1.15183434935E8
8.115328442E7 1.88004311E8 1.6765753E7 4.67989189E7
1.1744792688E8 1.37292649E8 1.50615E7 2.38891899E7
1.030524989E8 1.133964113E8 1.7373007E7 5011319.18
9.603452324E7 1.211230383E8 1.7432419E7 1.011599354E7
6.602077508E7 2.07823472E8 1.9607509E7 4.98088191E7
9.232141503E7 1.53541768E8 1.6254914E7 2.816852925E7
7.6338849055E7 1.2681378375E8 2.0459003E7 2923546.6858
1.12300592564E8 9.8967435997E7 1.6863098E7 5.724460911E7
9.885086697E7 1.1018420747E8 1.8067466E7 1663301.647
1.2225730539000002E8 1.346765316E8 1.4214347E7 9.77683488E7
8.186356972E7 1.357528524E8 1.846747E7 1.272352561E7
1.03906013854E8 1.04703285997E8 1.7764402E7 1.459812911E7
8.945772158999999E7 1.47298245E8 1.6797412E7 2.3295875229E7
8.85928119E7 1.0973890137E8 1.8493172E7 7.633038723E7
8.665383884000002E7 1.55828472E8 1.6785209E7 2.773214511E7
6.404226567E7 1.513058999E8 2.2138724E7 9984688.66
1.2917244372E8 9.80537374E7 1.434444E7 1.9845116888E8
9.345183048E7 1.72193057E8 1.5627851E7 4.05798204E7
1.2312926774000002E8 1.01300645199E8 1.6878057E7 1018360.78
8.6351986089E7 1.407489757E8 1.7466942E7 1.8024153534E7
9.45663161E7 1.67723931E8 1.5631994E7 3.768663009E7
1.116759074E8 1.110442781E8 1.6856256E7 5417612.18
7.417263908999999E7 1.52337557E8 1.9207586E7 1.907365796E7
9.098860755E7 1.418029565E8 1.6871847E7 2.0275703546E7
7.491483125E7 1.87049843E8 1.7848072E7 5.06364672E7
8.730482318E7 1.11756048731E8 1.8826954E7 3.8278996587E7
1.0501453465E8 1.49540379E8 1.4882144E7 1.157955708E8
6.020026034E7 1.4926042037E8 2.3983978E7 3874093.792
8.56231946E7 1.65307092E8 1.653827E7 3.72723432E7
6.3212084440000005E7 1.7168739E8 2.1300014E7 2.40353641E7
1.0789378425E8 1.151142307E8 1.6847339E7 7389678.5
9.219575225E7 1.6959122E8 1.5616915E7 5.324689E7
1.3353229538E8 9.03001821E7 1.4941961E7 1.3157056689E8
8.108396803800002E7 1.168050560459E8 1.9611655E7 7.85929964306E7
6.849535179E7 1.676215018E8 1.9940908E7 2.521547207E7
7.841000308E7 1.84366784E8 1.7294412E7 4.18146998E7
7.017846779E7 2.0053958E8 1.8677427E7 4.71629594E7
9.578588606000002E7 1.526293562E8 1.5455842E7 1.16285336E8
1.0587263553000002E8 1.026787053E8 1.6756073E7 7.42682697E7
6.131140192700001E7 1.43308390093E8 2.4166565E7 2.77115090477E7
8.983949307E7 1.8139976E8 1.5596294E7 6.4546744E7
8.322479036999999E7 1.495512104E8 1.7523834E7 2.288042342E7
1.1876645619E8 1.138498693E8 1.6177973E7 8712567.6
1.0011677709E8 1.18219418E8 1.7277542E7 7583600.699999999
5.613532128400001E7 1.7420510835E8 2.8049594E7 3637142.726
1.016034732E8 1.0044447906E8 1.6936055E7 1.20468816398E8
7.919830015E7 1.1945213513E8 2.0343918E7 1.4874379644E7
6.399219947E7 1.6161038547E8 2.1506224E7 2.925486099E7
6.542043545999999E7 1.80481207E8 2.0339177E7 3.023128271E7
1.06455937004E8 1.277566457E8 1.6216003E7 1.5341768176700002E7
5.573340610299999E7 1.75237395E8 2.4541786E7 1.516101792E7
1.0313674309E8 1.0395714133E8 1.6060265E7 2.1458932148E8
1.016813979326E8 1.0012716667222E8 1.6798967E7 1.3728226892547E8
7.469064803999999E7 1.2697926852E8 2.1097299E7 1438416.82
5.215646299E7 2.4076903972E8 3.8365642E7 3930893.378
1.2851054668E8 8.98000123E7 1.5033748E7 1.5935596136E8
5.826676731E7 1.95113026E8 2.2111938E7 3.34021907E7
9.196034298000002E7 1.11732809237E8 1.8906676E7 389990.698
9.394962096E7 1.256677304E8 1.7372774E7 1.146433901E7
1.3106773083E8 9.753976776E7 1.5038367E7 9.947224905E7
9.595024291E7 1.1335507581E8 1.8069549E7 3105727.44
7.59646177E7 1.381977402E8 1.9575448E7 1.0792025237E7
9.133019136E7 1.1331218772E8 1.8673672E7 1485741.356
5.917981027E7 2.0223246E8 2.1614807E7 3.86496009E7
9.7308020787E7 1.20154003E8 1.7406168E7 8148356.2622
1.02675948442E8 1.215491883E8 1.684994E7 1.04010452142E7
6.5755630510000005E7 1.498304529E8 2.1660446E7 1.060575263E7
1.338111178E8 9.06851123E7 1.494209E7 1.2844805413E8
6.8276507656E7 1.3590914595E8 2.2176668E7 2503238.0018
5.8330595510000005E7 1.747315296E8 2.2824952E7 1.967010273E7
1.1135464584000002E8 1.0285554E8 1.5939465E7 1.07971353E8
1.1601660712E8 1.0727584556E8 1.6830521E7 3797302.93
1.2595156015E8 9.717307578E7 1.6249096E7 3.684245576E7
1.3544683079000002E8 8.7327690032E7 1.4829545E7 1.54652384032E8
5.008412504000001E7 2.540498377E8 3.8062034E7 1.176287446E7
1.0962620104E8 1.0236641576E8 1.553852E7 1.8764625333E8
1.0027379984600002E8 1.00060100969E8 1.6814583E7 1.795877958271E8
1.2087217423E8 1.0304678154E8 1.6856721E7 1838669.555
1.08757529502E8 1.257838099E8 1.6161975E7 1.44393743771E7
5.434026769E7 2.359928441E8 3.8424974E7 1328051.554
1.2638828219E8 1.1542431638E8 1.5015944E7 5.399758759E7
6.524415571200001E7 1.4135329972E8 2.2677092E7 3648919.458
7.699996777999999E7 1.24386621667E8 2.093677E7 691639.5
1.136944341E8 1.053918369E8 1.5034266E7 2.229767445E8
1.2915853232999998E8 9.49374186E7 1.5660852E7 7.14527011E7
8.345358963E7 1.179667715E8 1.9823531E7 806242.9639999999
9.930568814E7 1.08124793678E8 1.8325417E7 342849.374
1.20975469529E8 9.424340906E7 1.5055308E7 1.96593055634E8
1.3575260421E8 9.334259088E7 1.438831E7 1.5873839122E8
1.1590424022E8 1.415532751E8 1.4398475E7 1.07361099E8
1.0303761274E8 1.46634599E8 1.5628976E7 2.662521562E7
6.881638488E7 1.94915154E8 1.9048877E7 4.63479315E7
1.2677200432999998E8 9.0224542543E7 1.5268648E7 1.45323305806E8
1.2830499376E8 1.291813733E8 1.4084553E7 9.05569086E7
1.3278405647E8 9.463413917E7 1.4297239E7 1.975344142E8
1.2299003539000002E8 9.88795386E7 1.5975975E7 5.74498361E7
7.085041302E7 1.31886674653E8 2.2258411E7 670632.258
5.640770201000004E7 1.6355558847E8 2.5682568E7 7463225.373
1.2241512370000002E8 1.07703117E8 1.6178848E7 1.47100331E7
1.2866282179000002E8 1.296313387E8 1.4072042E7 8.84686584E7
8.784786368000002E7 1.2407044437E8 1.8076906E7 1.7316114607E7
8.5680943264E7 1.2183108873E8 1.865736E7 9402462.307
6.153786155E7 1.774218341E8 2.1601285E7 2.59239748E7
5.3610972119E7 2.029843623E8 2.6554646E7 2.38486865E7
6.814904024E7 1.3191837474E8 2.2451694E7 2.8188618625E7
1.2328470376000002E8 1.182976676E8 1.5655175E7 1.24210613E7
7.2044046301E7 1.3109075006E8 2.1349404E7 2559706.2968
5.7971097425E7 1.5684947104E8 2.5162379E7 3901178.919
9.5441383529E7 1.039224028744E8 1.7383497E7 1.371217150296E8
7.301654747999999E7 1.29088823095E8 2.181144E7 632668.1270000001
8.999047902E7 1.79892641E8 1.5619742E7 5.9663726E7
1.27240779234E8 9.2322645993E7 1.5566164E7 1.01002506051E8
9.386006854000002E7 1.353199119E8 1.6873451E7 1.7145650326E7
7.2436131868E7 1.2614177849725E8 2.147718E7 3.612961351257E7
1.14314791385E8 9.7581593666E7 1.6454298E7 7.4263267749E7
8.844099499E7 1.359294056E8 1.7435698E7 1.5748296993E7
1.11974706163E8 1.00457501492E8 1.7024667E7 3.6173465889E7
1.0847058928E8 1.52521176E8 1.5054389E7 3.199307725E7
1.1869666113E8 1.55370474E8 1.4428507E7 3.59865661E7
9.965166968E7 1.74883771E8 1.5001614E7 6.1025351E7
6.890202660589999E7 1.3079109599443E8 2.2255505E7 3.479461074816E7
8.506856390999998E7 1.484023851E8 1.7283647E7 2.264973924E7
1.2049122577E8 9.1914827836E7 1.5579809E7 1.4949231218E8
9.1811724048E7 1.065068831329E8 1.80449E7 1.332407032898E8
8.522077660900001E7 1.83541677E8 1.6233043E7 4.58023129E7
1.0866744732E8 1.065732659E8 1.7475089E7 1700687.081
8.972986584E7 1.1571208924E8 1.8633699E7 2779481.33
5.391279297703999E7 1.9701503584E8 3.0822646E7 6299820.661
8.22244173E7 1.67091043E8 1.706879E7 3.300471856E7
6.485376429E7 1.481901549E8 2.2067025E7 8861024.49
1.1406613247E8 1.44072173E8 1.5003425E7 2.7377084875E7
9.9703703271E7 1.304050612E8 1.6600006E7 1.5509037381E7
5.379518980200001E7 1.892361442E8 2.761509E7 1.281848533E7
1.05226852118E8 1.071076935E8 1.5672937E7 2.2694787665E8
1.1690357963E8 1.2113588362E8 1.534574E7 5.101108457E7
1.2342775299000002E8 9.69789337E7 1.5588543E7 9.21409054E7
8.31234415E7 1.83764785E8 1.647257E7 5.01481414E7
4.990600006E7 2.565295289E8 3.7976033E7 1.335011049E7
6.1993620214E7 1.4188027137E8 2.4007768E7 3.255266723E7
7.070500872E7 1.3769659979E8 2.0998758E7 6855545.543
1.199886338E8 1.53026997E8 1.4376559E7 3.65047156E7
1.107369208E8 1.69596536E8 1.4444342E7 6.3723317E7
1.04204903798E8 9.71819573673E7 1.6489682E7 2.045543713709E8
1.3641007533E8 8.9431796E7 1.4458983E7 1.724627666E8
4.958238988999999E7 2.700156315E8 3.7370156E7 2.28325999E7
1.15949396678E8 1.268948125E8 1.5626294E7 1.67197805007E7
8.101659365999998E7 1.77002986E8 1.6999689E7 3.865606098E7
7.1055440829E7 1.2788928366923E8 2.1771312E7 3.555351175986E7
7.659249695E7 1.91107682E8 1.7477686E7 4.71740186E7
1.19529263356E8 9.9058809062E7 1.675738E7 2.49162363135E7
1.1427622354E8 1.00653278E8 1.6838131E7 3.352730951E7
9.499363129999998E7 1.06851465059E8 1.7996599E7 4.3923596924E7
8.776575038700002E7 1.275568079E8 1.7993948E7 1.007532164E7
7.118766622E7 1.91611759E8 1.8587756E7 4.18568658E7
1.24844995539E8 9.548191286E7 1.6127516E7 5.6020438391E7
6.5608309010000005E7 1.3609725137E8 2.3124133E7 1.943189823E7
9.131581051000002E7 1.20231615E8 1.8038893E7 6441062.06
