5.842567859000000358e+07 1.559127815000000000e+08 2.400332000000000000e+07 7.103381029999999329e+06
1.140975691099999994e+08 1.225801344000000060e+08 1.596546100000000000e+07 1.356548038590000011e+07
1.080723106190000027e+08 1.047893480032999963e+08 1.782165400000000000e+07 1.970708121000000101e+05
8.097908586999998987e+07 1.180336246200000048e+08 2.010064700000000000e+07 1.180571404099999927e+07
1.191433923780000061e+08 9.824889996099999547e+07 1.655661400000000000e+07 4.000757982900000364e+07
1.123761826800000072e+08 1.040059191069999933e+08 1.743736400000000000e+07 6.969731720000000205e+05
1.329891196400000155e+08 9.072061379999999702e+07 1.491755100000000000e+07 1.336068069000000060e+08
1.226451968599999845e+08 1.479140790000000000e+08 1.441701800000000000e+07 3.125142779100000113e+07
9.138565165999999642e+07 1.133487332399999946e+08 1.865112900000000000e+07 1.626313314000000013e+06
1.325360572880000025e+08 9.072549537999999523e+07 1.524654500000000000e+07 1.101195463460000008e+08
1.175697512699999958e+08 1.012986914399999976e+08 1.724643800000000000e+07 2.579328586000000127e+06
1.040097944050000012e+08 1.303748520000000000e+08 1.627089100000000000e+07 1.637373021299999952e+07
1.190291331299999952e+08 1.061319300699999928e+08 1.671320900000000000e+07 3.585316070000000298e+06
1.137883063400000036e+08 1.109025890000000000e+08 1.671260800000000000e+07 5.763969620000000112e+06
1.059049697060000002e+08 1.074004264000000060e+08 1.559481700000000000e+07 2.275338194900000095e+08
1.245428235349999964e+08 1.441263900000000000e+08 1.444230700000000000e+07 2.917484381100000069e+07
1.227286410799999982e+08 1.019181450199999958e+08 1.684224100000000000e+07 1.325103960999999894e+06
1.184803668499999940e+08 1.448838160000000000e+08 1.472863700000000000e+07 2.861453099399999902e+07
1.368063948470000029e+08 8.735219443000000715e+07 1.479171900000000000e+07 1.522330603529999852e+08
1.000438041650000066e+08 1.051716712049999982e+08 1.783008500000000000e+07 3.000819032699999958e+07
9.367613053100000322e+07 1.049145613787000030e+08 1.775260400000000000e+07 1.373638687621000111e+08
8.371900355900000036e+07 1.140940160020000041e+08 1.921497300000000000e+07 8.608075838609999418e+07
1.065848795719999969e+08 9.620010560199999809e+07 1.622615200000000000e+07 2.052749749117000103e+08
8.284962064000000060e+07 1.149465070046000034e+08 1.935948600000000000e+07 8.080989114296999574e+07
1.042003015400000066e+08 1.593718450000000000e+08 1.507111800000000000e+07 3.965087800000000000e+07
8.532281259000000358e+07 1.845387950000000000e+08 1.611280200000000000e+07 6.259590600000000000e+07
8.739619615999999642e+07 1.711200230000000000e+08 1.620708900000000000e+07 3.766250189999999851e+07
1.053328496250000000e+08 1.047048712049999982e+08 1.786998700000000000e+07 6.098438726999999955e+06
5.411854696000000089e+07 2.363066978300000131e+08 3.842322300000000000e+07 1.490178378000000026e+06
6.148750556000000238e+07 1.428158713700000048e+08 2.415242300000000000e+07 3.147352923000000045e+07
1.221031102300000042e+08 9.009389054999999702e+07 1.535897300000000000e+07 1.826219813280000091e+08
1.180090500690000206e+08 9.138615611549000442e+07 1.556431800000000000e+07 1.876175783679299951e+08
1.268541531700000018e+08 9.432759576600000262e+07 1.599220400000000000e+07 6.396148339599999785e+07
1.324847928323000073e+08 8.717271254899999499e+07 1.487421000000000000e+07 1.788828477380900085e+08
1.052764209899999946e+08 1.720606340000000000e+08 1.469556400000000000e+07 6.440736400000000000e+07
8.100826268899999559e+07 1.226853653400000036e+08 1.966788800000000000e+07 3.083637693899999838e+06
1.134922128780000061e+08 1.010582013700000048e+08 1.704432700000000000e+07 2.442644365300000086e+07
6.098564045000000298e+07 1.583937708000000119e+08 2.275998900000000000e+07 1.165626373000000045e+07
1.076167878700000048e+08 1.042398312199999988e+08 1.555570600000000000e+07 2.206525198700000048e+08
9.595956412700000405e+07 1.299224062000000030e+08 1.696252300000000000e+07 1.406719781799999997e+07
1.263544034300000072e+08 8.905597077199999988e+07 1.518206000000000000e+07 1.718609152409999967e+08
9.182199841400000453e+07 1.065134341252000034e+08 1.800369200000000000e+07 1.334474213719000071e+08
7.517769906999999285e+07 1.265923824399999976e+08 2.100855900000000000e+07 1.380590165999999968e+06
7.594999478199999034e+07 1.277753691299999952e+08 2.041568100000000000e+07 3.721649401000000071e+06
1.280712912900000215e+08 1.323725982999999970e+08 1.398736400000000000e+07 9.766053320000000298e+07
6.015835122999999672e+07 2.082393960000000000e+08 2.119948000000000000e+07 4.303903970000000298e+07
5.470180003000000119e+07 1.936334500999999940e+08 2.462239100000000000e+07 2.488269369999999925e+07
1.190733552500000000e+08 1.025339879000000060e+08 1.476629300000000000e+07 2.154605375000000000e+08
7.881374896000000834e+07 1.197372463199999928e+08 2.039203600000000000e+07 1.609021345500000007e+07
1.298923993299999982e+08 8.854984326000000536e+07 1.492635600000000000e+07 1.742876902199999988e+08
1.241352333799999952e+08 1.009896820610000044e+08 1.686092600000000000e+07 8.933559769999999553e+05
1.244399711120000184e+08 9.773918500259999931e+07 1.655735500000000000e+07 2.383977596469999850e+07
7.539870351999999583e+07 1.399665576999999881e+08 1.959327600000000000e+07 1.162421976899999939e+07
1.180832180000000000e+08 1.664769290000000000e+08 1.413999100000000000e+07 6.276472900000000000e+07
6.523563465999999642e+07 1.575250715999999940e+08 2.136067600000000000e+07 1.527075155000000075e+07
1.370629609699999690e+08 9.609575829999999702e+07 1.415822500000000000e+07 1.665935348600000143e+08
1.098280400900000036e+08 9.886225834999999404e+07 1.648246100000000000e+07 9.093125514000000060e+07
1.004796557300000042e+08 1.642965120000000000e+08 1.528394400000000000e+07 3.703307143999999762e+07
1.253890246299999952e+08 1.098643430000000000e+08 1.556237000000000000e+07 3.660212310000000149e+07
9.953299731000004709e+07 1.046393554599999934e+08 1.738002800000000000e+07 6.200288910000000149e+07
9.914452068400001526e+07 1.220312165999999940e+08 1.711419100000000000e+07 9.947119507500000298e+06
5.205873070000000298e+07 2.411163335999999940e+08 3.836034000000000000e+07 4.124569003000000026e+06
8.794656706200000644e+07 1.102984583483999968e+08 1.845331200000000000e+07 1.103256085007999986e+08
9.216693940000000596e+07 1.111473207300000042e+08 1.747261000000000000e+07 1.388926149140000045e+08
7.162117206499999762e+07 1.320389255499999970e+08 2.136972000000000000e+07 2.903305228000000119e+06
1.021458690900000036e+08 1.071922691319999993e+08 1.805846800000000000e+07 5.315052980000000680e+05
1.291292527000000030e+08 9.793323950000000000e+07 1.434619200000000000e+07 2.048847903499999940e+08
5.374224875500000268e+07 1.900117470999999940e+08 2.772081300000000000e+07 1.288027849000000022e+07
5.761815360999999940e+07 1.671243800999999940e+08 2.349650100000000000e+07 1.413751122000000067e+07
1.198282115499999970e+08 9.476711292000000179e+07 1.584005600000000000e+07 1.044409579399999976e+08
1.273759817900000066e+08 1.167874452099999934e+08 1.486967900000000000e+07 5.808634607000000030e+07
1.214238480779999942e+08 9.880413918999999762e+07 1.663601100000000000e+07 2.514020010000000149e+07
5.537994063000000268e+07 2.004867850000000000e+08 2.400104000000000000e+07 2.998994910000000149e+07
1.102368620499999970e+08 9.850682070999999344e+07 1.563083400000000000e+07 2.081123979530000091e+08
1.133189490199999958e+08 9.498124090199999511e+07 1.561115500000000000e+07 1.993844896559999883e+08
1.093819205209999979e+08 1.288853452000000030e+08 1.595900600000000000e+07 1.660548250410000049e+07
1.263806178100000024e+08 1.433544780000000000e+08 1.417778800000000000e+07 4.522322660000000149e+07
9.395788504000000656e+07 1.200042272999999970e+08 1.774766200000000000e+07 7.173719986299999990e+06
8.884949232000000775e+07 1.377843006999999881e+08 1.729982400000000000e+07 1.698346118299999833e+07
6.468486956000000238e+07 1.377160013700000048e+08 2.337680300000000000e+07 1.793878923000000045e+07
1.120479158299999982e+08 1.690093510000000000e+08 1.438746100000000000e+07 6.352844500000000000e+07
1.358357169499999881e+08 9.200344401000000536e+07 1.427793800000000000e+07 1.886855901999999881e+08
6.983034081000000238e+07 1.576404858000000119e+08 1.997911700000000000e+07 3.708996667999999970e+07
1.231590595540000200e+08 1.319782760000000000e+08 1.496537600000000000e+07 2.155107725000000000e+07
1.221634569399999976e+08 1.094250885999999940e+08 1.625602100000000000e+07 6.438968040000000037e+06
7.647080255400000513e+07 1.214666728033999950e+08 2.060062000000000000e+07 4.323611799454999715e+07
7.723314809999999404e+07 1.241690655199999958e+08 2.061373400000000000e+07 1.540983226000000024e+06
1.089039545999999940e+08 1.546381300000000000e+08 1.496867700000000000e+07 3.335741778999999911e+07
8.832308756000000238e+07 1.274288554000000060e+08 1.792210100000000000e+07 1.037635919999999925e+07
1.141875287989999950e+08 9.986681998000000417e+07 1.677581000000000000e+07 4.078405264999999851e+07
1.102761570900000036e+08 1.031034108599999994e+08 1.733859400000000000e+07 1.438882426999999955e+07
7.068911612999999523e+07 1.323887125219999999e+08 2.229150400000000000e+07 6.125762920000000158e+05
9.117448475249999762e+07 1.094517243334999979e+08 1.791701100000000000e+07 8.237456221221999824e+07
5.609766845000000298e+07 1.653923648799999952e+08 2.565468800000000000e+07 6.582712320000000298e+06
6.235601136000000685e+07 1.450550829890000224e+08 2.421468200000000000e+07 1.008481322999999975e+06
7.817336205000001192e+07 1.235499992699999958e+08 2.041727600000000000e+07 1.557392719999999972e+06
9.689943732999999821e+07 1.286728150000000000e+08 1.645616800000000000e+07 5.450331100000000000e+07
1.262729875199999958e+08 9.964188370000000298e+07 1.443979600000000000e+07 2.085236440999999940e+08
1.111308767199999988e+08 1.426284270000000000e+08 1.523468800000000000e+07 2.592427598999999836e+07
8.928298679999998212e+07 1.815689720000000000e+08 1.564434900000000000e+07 6.564699400000000000e+07
8.069104593000000715e+07 1.205285107160000056e+08 2.032463600000000000e+07 6.790396279999999097e+05
6.893591308500000834e+07 1.354936069000000060e+08 2.186477600000000000e+07 3.414773787000000011e+06
8.720762594799998403e+07 1.322472360000000000e+08 1.779544400000000000e+07 1.286489498699999973e+07
8.724934546499998868e+07 1.210295775000000000e+08 1.854315900000000000e+07 5.335982835800000466e+06
9.182891884000000358e+07 1.083326163400000036e+08 1.814901000000000000e+07 5.536543638300000131e+07
9.319530004000000656e+07 1.115686401560000032e+08 1.868714800000000000e+07 5.549833680000000168e+05
8.210072467000000179e+07 1.307294437999999970e+08 1.872418800000000000e+07 9.624638050000000745e+06
9.429570952065999806e+07 1.177593469500000030e+08 1.787673700000000000e+07 5.771834001999999397e+06
1.368156274300000072e+08 9.255056871999999881e+07 1.422795900000000000e+07 1.795436654799999893e+08
1.266795238400000036e+08 9.537014950000000000e+07 1.486079700000000000e+07 1.522310533000000119e+08
1.203697092099999934e+08 1.022724929000000060e+08 1.469608800000000000e+07 2.141197268000000119e+08
1.230463870900000036e+08 9.308116974099999666e+07 1.499034900000000000e+07 1.937358452060000002e+08
1.081293445699999928e+08 1.492319570000000000e+08 1.519000000000000000e+07 2.944061039200000092e+07
8.875171164699999988e+07 1.174912444800000042e+08 1.860981500000000000e+07 3.616346405100000091e+06
6.072580883700000495e+07 2.101041830000000000e+08 2.100576600000000000e+07 4.555433820000000298e+07
6.645691067999999225e+07 1.376984256099999845e+08 2.297123100000000000e+07 1.383968810000000056e+06
9.884261864000001550e+07 1.485024120000000000e+08 1.587688100000000000e+07 2.675367232400000095e+07
7.340226501899999380e+07 1.249598381154900044e+08 2.126543900000000000e+07 3.668037336793000251e+07
1.267535130380000174e+08 9.642255381000000238e+07 1.624889600000000000e+07 3.839666041200000048e+07
9.852662073000001907e+07 1.493087099000000060e+08 1.531122200000000000e+07 1.090861257999999970e+08
1.008088884899999797e+08 1.253866984000000060e+08 1.678677600000000000e+07 1.237349103680000082e+07
5.519571942600000650e+07 1.737211153000000119e+08 2.531883200000000000e+07 1.181465234999999963e+07
4.966491828999999911e+07 2.615257676999999881e+08 3.779129200000000000e+07 1.668135097000000067e+07
8.476145191999998689e+07 1.329733720000000000e+08 1.811084000000000000e+07 1.232989924400000088e+07
6.809013670000000298e+07 1.969006750000000000e+08 1.919245000000000000e+07 4.637163789999999851e+07
7.098375414100000262e+07 1.279819901957100034e+08 2.178676100000000000e+07 3.554691850750000030e+07
1.293345164080000073e+08 8.811229925393998623e+07 1.498797400000000000e+07 1.803681026182500124e+08
1.263047035600000024e+08 1.377848678000000119e+08 1.397926000000000000e+07 1.048019872000000030e+08
5.674374400999999791e+07 1.622253345799999833e+08 2.572009400000000000e+07 4.764688192999999970e+06
1.359735240909999907e+08 8.941128198499999940e+07 1.444340000000000000e+07 1.808802140839999914e+08
4.995600410000000149e+07 2.557692843000000119e+08 3.800186400000000000e+07 1.285715211999999918e+07
1.177609678799999952e+08 1.181630025000000000e+08 1.598274000000000000e+07 1.132564509999999963e+07
4.958967607400000840e+07 2.705117366000000238e+08 3.734042300000000000e+07 2.320691060000000149e+07
1.007022620300000012e+08 1.068350304000000060e+08 1.743385600000000000e+07 3.917656179999999702e+07
8.715599713000001013e+07 1.154133128090000004e+08 1.927509600000000000e+07 7.122755489999999991e+05
8.271550060000000894e+07 1.187320406650000066e+08 1.986479400000000000e+07 9.538717839999999851e+05
1.028667133199999928e+08 1.053454185999999940e+08 1.673727200000000000e+07 8.609360270000000298e+07
6.434404548000001162e+07 1.415009645100000203e+08 2.332180500000000000e+07 1.855582817999999970e+06
1.259289260499999821e+08 9.174852979999999702e+07 1.503477400000000000e+07 1.630617223000000119e+08
1.295346588710000068e+08 9.310229471299999952e+07 1.567264900000000000e+07 7.861051388799999654e+07
1.325185814300000072e+08 9.374501750000000000e+07 1.482552700000000000e+07 1.276228549000000060e+08
1.026093082909999937e+08 9.822970872800000012e+07 1.660630400000000000e+07 2.055889624948999882e+08
1.063152068190000057e+08 9.614874352089999616e+07 1.628157900000000000e+07 2.003702905421999991e+08
1.000865193180000037e+08 1.078060384720000029e+08 1.827118900000000000e+07 3.290546389000000199e+05
6.026955317499999702e+07 1.482808166800000072e+08 2.423219900000000000e+07 2.646831641499999911e+06
8.400566785999999940e+07 1.520487610999999940e+08 1.730429300000000000e+07 2.435620117999999970e+07
9.064830417000000179e+07 1.642639080000000000e+08 1.606035300000000000e+07 3.446661164000000060e+07
1.237046808499999940e+08 1.072141080000000000e+08 1.606009400000000000e+07 1.930134510000000149e+07
5.878813238000000268e+07 1.992328870000000000e+08 2.181283800000000000e+07 3.648223050000000000e+07
1.001796849800000042e+08 1.101827001800000072e+08 1.792223500000000000e+07 2.051591590000000084e+06
1.230415688599999845e+08 1.186502085999999940e+08 1.564654600000000000e+07 1.257220669999999925e+07
1.108673987430000156e+08 9.402728027429999411e+07 1.598831700000000000e+07 1.916758404599600136e+08
1.084532083900000006e+08 1.176113917000000030e+08 1.663971600000000000e+07 9.248317000000000000e+06
1.253675909780000001e+08 9.024102086599999666e+07 1.505520300000000000e+07 1.872908618646000028e+08
9.508089598000000417e+07 1.747578120000000000e+08 1.527585100000000000e+07 6.126987500000000000e+07
9.122285776000000536e+07 1.541061223000000119e+08 1.588322700000000000e+07 1.084330312999999970e+08
9.717329126700000465e+07 1.021682015269999951e+08 1.722815200000000000e+07 1.651526082624000013e+08
8.417057979399998486e+07 1.198202898900000006e+08 1.921143000000000000e+07 3.051070133200000040e+06
1.183873941599999964e+08 9.900461450000000000e+07 1.536378400000000000e+07 1.356280425000000000e+08
8.557467800000000000e+07 1.147681247399999946e+08 1.953288000000000000e+07 5.986734724999999627e+06
1.077367444529999942e+08 9.545227354739999771e+07 1.618459100000000000e+07 1.958116768124000132e+08
6.973337558999998868e+07 1.983773300000000000e+08 1.880135900000000000e+07 4.500747760000000149e+07
