1.123775133599999994e+08 1.124751847999999970e+08 1.669903700000000000e+07 6.559217379999999888e+06
1.048140025999999940e+08 1.608995860000000000e+08 1.506489300000000000e+07 3.653215635999999940e+07
9.696612103000001609e+07 1.538743300000000000e+08 1.583121100000000000e+07 2.970895922599999979e+07
1.172563095499999970e+08 1.150796769000000060e+08 1.620081300000000000e+07 9.193402400000000373e+06
1.251554324200000018e+08 1.114123935000000000e+08 1.556433400000000000e+07 3.222148334600000083e+07
1.005908452699999958e+08 1.411360980000000000e+08 1.603252600000000000e+07 2.255602438199999928e+07
1.226616357950000018e+08 9.732866024899999797e+07 1.647718100000000000e+07 3.595475986840000004e+07
1.226903473100000471e+08 1.185681337999999970e+08 1.566320400000000000e+07 1.254102969999999925e+07
1.058070327999999970e+08 1.182238832999999970e+08 1.680779700000000000e+07 8.931800599999999627e+06
8.443758752600000799e+07 1.203254826400000006e+08 1.911294800000000000e+07 3.458178331999999471e+06
1.064268431800000072e+08 1.045073950300000012e+08 1.775509800000000000e+07 6.014527294999999925e+06
1.244230739220000207e+08 1.436640590000000000e+08 1.446427500000000000e+07 2.882252381700000167e+07
1.186706659629999995e+08 1.290581167999999970e+08 1.536009000000000000e+07 1.857947879340000078e+07
8.733575042000000179e+07 1.606858820000000000e+08 1.652804800000000000e+07 3.106396089999999851e+07
1.102634433200000226e+08 9.429054565999999642e+07 1.603351500000000000e+07 1.909934502465699911e+08
9.783472937000000477e+07 1.016719220330000073e+08 1.713719800000000000e+07 1.713805199370999932e+08
9.376894248000000417e+07 1.108137194379999936e+08 1.867172400000000000e+07 5.291207859999999637e+05
1.192466732699999958e+08 9.851860229000000656e+07 1.492015500000000000e+07 2.058652124600000083e+08
1.222744014599999934e+08 1.469731590000000000e+08 1.446279500000000000e+07 3.058825421700000018e+07
9.161903834000001848e+07 1.108715427559999973e+08 1.887665300000000000e+07 4.489907538000000641e+06
1.085298708910000026e+08 1.020500585910000056e+08 1.723378200000000000e+07 3.140526016899999976e+07
8.734866055200000107e+07 1.214626142999999970e+08 1.850235200000000000e+07 5.587494037099999376e+06
1.236034787800000012e+08 1.298090430000000000e+08 1.505255600000000000e+07 1.987571150000000000e+07
1.032488271700000018e+08 9.775918209800000489e+07 1.656905700000000000e+07 2.063108898285999894e+08
1.021777531099999994e+08 1.071310547310000062e+08 1.808119800000000000e+07 4.033969820000000182e+05
9.198199909000000358e+07 1.543221590000000000e+08 1.624748800000000000e+07 2.893714494000000134e+07
1.162515177000000030e+08 1.009243249000000060e+08 1.501294800000000000e+07 2.116436818799999952e+08
1.047604770600000024e+08 1.464389920000000000e+08 1.551680300000000000e+07 2.684851492000000179e+07
1.277030503299999982e+08 9.407807525300000608e+07 1.589446000000000000e+07 6.656310867599999905e+07
1.335135473900000006e+08 8.867840225699999928e+07 1.504113700000000000e+07 1.364165603039999902e+08
1.031737721819999963e+08 1.359443110000000000e+08 1.607015000000000000e+07 1.973781506799999997e+07
1.064450703400000036e+08 1.097015710100000054e+08 1.737589300000000000e+07 3.369702530000000261e+06
1.124897446400000006e+08 1.036135537489999980e+08 1.747701900000000000e+07 4.996205690000000177e+05
7.882695331999999285e+07 1.228710127179999948e+08 2.044753100000000000e+07 1.033858692999999970e+06
1.209424787500000000e+08 9.059183467000000179e+07 1.545089400000000000e+07 1.767908069959999919e+08
1.256657562000000179e+08 1.203116387999999970e+08 1.503309300000000000e+07 4.050219129999999702e+07
1.118363382399999946e+08 1.691035260000000000e+08 1.439656800000000000e+07 6.355948200000000000e+07
1.195865310499999970e+08 1.042260584500000030e+08 1.683711600000000000e+07 2.427825850000000093e+06
8.973801998000000417e+07 1.162705317699999958e+08 1.860217800000000000e+07 2.901935640000000130e+06
1.029474705390000045e+08 9.794291769370000064e+07 1.660864200000000000e+07 2.038652379492000043e+08
1.356714570000000000e+08 8.714501421199999750e+07 1.484783700000000000e+07 1.548440727840000093e+08
9.540377914000000060e+07 1.167163377999999970e+08 1.785164500000000000e+07 5.207033210000000894e+06
9.746975223000000417e+07 1.603574740000000000e+08 1.558853400000000000e+07 3.389761798999999464e+07
5.444978217000000179e+07 1.805614826999999881e+08 2.658907200000000000e+07 1.156737533999999985e+07
1.061461654989999980e+08 9.664318714499999583e+07 1.623346200000000000e+07 2.067416096270000041e+08
1.105203721299999952e+08 1.539538340000000000e+08 1.490307900000000000e+07 3.278955880299999937e+07
1.227589131500000060e+08 9.586667937999999523e+07 1.483011100000000000e+07 1.998158954199999869e+08
9.997555126500000060e+07 1.052153784810000062e+08 1.772579400000000000e+07 3.346415331300000101e+07
1.363638551100000143e+08 8.999044440000000596e+07 1.443086900000000000e+07 1.719529355000000000e+08
1.357876795830000043e+08 8.920502805599999428e+07 1.446494900000000000e+07 1.826954173370000124e+08
8.495363631000000238e+07 1.167526349679999948e+08 1.954750600000000000e+07 9.024555359999999637e+05
6.644398715999999642e+07 1.380668876789999902e+08 2.313249300000000000e+07 9.728067979999999516e+05
1.189404634800000191e+08 1.570955050000000000e+08 1.435504600000000000e+07 3.951506079999999702e+07
9.903869076999999583e+07 1.752949720000000000e+08 1.501246100000000000e+07 6.535267300000000000e+07
1.242063943900000006e+08 9.304788801700000465e+07 1.573214500000000000e+07 1.016657453139999956e+08
1.146334993799999952e+08 1.435323480000000000e+08 1.499027400000000000e+07 2.712118936899999902e+07
1.198285520569999963e+08 1.244947865999999940e+08 1.551352700000000000e+07 1.586028827659999952e+07
1.145430488219999969e+08 9.337428586439999938e+07 1.564508300000000000e+07 1.953569896572000086e+08
1.157068485600000024e+08 9.578619220600000024e+07 1.615098000000000000e+07 1.005599025699999928e+08
8.178412953000004590e+07 1.166745050289999992e+08 1.987373200000000000e+07 2.038320985799999908e+07
7.487669891999998689e+07 1.272010496800000072e+08 2.103646800000000000e+07 1.476036333000000101e+06
1.233152037300000191e+08 1.013286299669999927e+08 1.686436100000000000e+07 1.056928804000000004e+06
9.372324610999999940e+07 1.444451240000000000e+08 1.647252200000000000e+07 2.297957055999999866e+07
6.427757856700000167e+07 1.422316660480000079e+08 2.391617100000000000e+07 6.356909519999999320e+05
1.104108504379999936e+08 1.261368105999999940e+08 1.602123800000000000e+07 1.515601830199999921e+07
1.082300262020000070e+08 1.047198689340000004e+08 1.778283500000000000e+07 2.892605740000000224e+05
1.246586758719999939e+08 9.766794860619999468e+07 1.656236200000000000e+07 2.358052661520000175e+07
9.570833942499999702e+07 1.346379289000000060e+08 1.674426700000000000e+07 1.705774314299999923e+07
1.324250292699999958e+08 9.259927350000000000e+07 1.506611700000000000e+07 1.134560024000000060e+08
1.311364367220000029e+08 8.752220716147001088e+07 1.493230300000000000e+07 1.795099965830399990e+08
8.119644822499999404e+07 1.222151257099999934e+08 1.967426800000000000e+07 2.861654713899999857e+06
1.355099954589999914e+08 9.314333218000000715e+07 1.440595200000000000e+07 1.590107445800000131e+08
1.123676942840000242e+08 9.875622346199999750e+07 1.682193300000000000e+07 6.063273124700000137e+07
7.684284123000000417e+07 1.607816798000000119e+08 1.818716600000000000e+07 6.200017799000000209e+07
8.978064165999999642e+07 1.813583940000000000e+08 1.559880900000000000e+07 6.618850000000000000e+07
6.259718352700001001e+07 1.443312371800000072e+08 2.386410800000000000e+07 1.651797514999999898e+06
1.230829818229999989e+08 1.306767750000000000e+08 1.504075100000000000e+07 2.029410526639999822e+07
7.296133352000001073e+07 1.292130874370000064e+08 2.184318500000000000e+07 5.988579590000000317e+05
1.117819615199999958e+08 9.653110412999999523e+07 1.604504900000000000e+07 1.338994230199999958e+08
1.076890029720000029e+08 1.378632690000000000e+08 1.565328700000000000e+07 2.214969174199999869e+07
1.059176790344000012e+08 9.728554782524000108e+07 1.643804800000000000e+07 1.562416112662029862e+08
1.196612813499999940e+08 1.523988710000000000e+08 1.426250600000000000e+07 4.856409529999999702e+07
1.188071511089999974e+08 1.013756384179999977e+08 1.725055400000000000e+07 2.344206173000000126e+05
1.001317358100000024e+08 1.080470716780000031e+08 1.817660200000000000e+07 6.056167010000000009e+05
7.674478633999998868e+07 1.246472997360000014e+08 2.098390700000000000e+07 7.011255920000000624e+05
1.218444738500000238e+08 1.101434497999999970e+08 1.622577100000000000e+07 6.856018799999999814e+06
1.072660650729999989e+08 9.656753441380000114e+07 1.621298800000000000e+07 1.731378065946899951e+08
1.162953409000000060e+08 9.409818729999999702e+07 1.563817600000000000e+07 1.579303372100000083e+08
6.916198205199998617e+07 1.351528280399999917e+08 2.184083800000000000e+07 3.207625371000000276e+06
1.039765864599999934e+08 1.587706980000000000e+08 1.504413200000000000e+07 4.431114060000000149e+07
1.127688263400000036e+08 1.507376780000000000e+08 1.485674400000000000e+07 3.144747114000000060e+07
1.333383836700000018e+08 8.717687137000000477e+07 1.484966600000000000e+07 1.701785917199999988e+08
7.003895204000000656e+07 1.446350028000000119e+08 2.068876900000000000e+07 1.091241973000000045e+07
6.727726237000000477e+07 1.391424033100000024e+08 2.207047100000000000e+07 4.349126963000000454e+06
9.440143941400000453e+07 1.258572699000000060e+08 1.733907900000000000e+07 1.098538953800000064e+07
1.001880627199999988e+08 1.117139245499999970e+08 1.776797500000000000e+07 3.242177660000000149e+06
1.292215483900000155e+08 9.492266890000000596e+07 1.562513900000000000e+07 7.351502987000000477e+07
8.729522855600000918e+07 1.106487284145999998e+08 1.867735100000000000e+07 1.089238966735000014e+08
8.970930380000001192e+07 1.113457569870000035e+08 1.895967900000000000e+07 1.007244947699999996e+07
1.260344061500000060e+08 9.773910609999999404e+07 1.616817600000000000e+07 3.881420717999999970e+07
1.158829937800000012e+08 1.083149381899999976e+08 1.675343300000000000e+07 4.536165080000000075e+06
5.070284270000000298e+07 2.481860959000000060e+08 3.822350700000000000e+07 8.181822320000000298e+06
5.953981619100000709e+07 1.512624303300000131e+08 2.469168300000000000e+07 2.637788666200000327e+06
8.351339689000000060e+07 1.490241916500000060e+08 1.730045400000000000e+07 7.073950662000000477e+07
8.966431219000001252e+07 1.283437079000000060e+08 1.769737700000000000e+07 1.152352168999999948e+07
1.310252646050000042e+08 9.082847158300000429e+07 1.532733800000000000e+07 1.096375552740000039e+08
9.021931739000001550e+07 1.147427034500000030e+08 1.866406200000000000e+07 2.241981262000000104e+06
8.514239636700001359e+07 1.239018892000000030e+08 1.866702700000000000e+07 6.309546157999999821e+06
1.009676528750000000e+08 1.238380097000000030e+08 1.685344700000000000e+07 1.152244387390000001e+07
9.338584575900000334e+07 1.193782419000000060e+08 1.786769900000000000e+07 6.413893770279999822e+06
1.163403052800000012e+08 1.565597400000000000e+08 1.439081700000000000e+07 4.569864600000000000e+07
1.066988178349999934e+08 1.010387877140000015e+08 1.700576600000000000e+07 6.015305641399999708e+07
6.821466062999999523e+07 1.356431669480000138e+08 2.287646900000000000e+07 6.896869080000000540e+05
9.660398846999999881e+07 1.144133302000000030e+08 1.791885800000000000e+07 3.911245399999999907e+06
1.088980234699999988e+08 9.818053898700000346e+07 1.653631200000000000e+07 1.007964352750000060e+08
5.757898286999999732e+07 1.781781255000000000e+08 2.294913300000000000e+07 2.149194307999999821e+07
6.800924037999999523e+07 1.504197643000000119e+08 2.091352600000000000e+07 1.309062034999999963e+07
1.299165315990000069e+08 9.281111162000000477e+07 1.562148100000000000e+07 8.218918377949999273e+07
7.450094947100000083e+07 1.236651988854999989e+08 2.102858500000000000e+07 3.805131602944000065e+07
1.122560838499999940e+08 1.297772324000000060e+08 1.512467700000000000e+07 6.902702062999999523e+07
8.747965838000001013e+07 1.149688520370000005e+08 1.928177300000000000e+07 5.796686700000000419e+05
1.246246976099999845e+08 9.521036057099999487e+07 1.605937800000000000e+07 6.227524620000000298e+07
1.024873505600000024e+08 1.176151470999999940e+08 1.711833600000000000e+07 7.702575900000000373e+06
1.025491915000000000e+08 1.034881471099999994e+08 1.737644300000000000e+07 4.735332876500000060e+07
1.280841597569999993e+08 8.890529187810000777e+07 1.498708800000000000e+07 1.841084115232000053e+08
1.129993173980000019e+08 9.470129579600000381e+07 1.566939700000000000e+07 1.950409832527999878e+08
1.103690590719999969e+08 1.015103251829999983e+08 1.717278200000000000e+07 2.927850529100000113e+07
9.872936073999999464e+07 1.552555090000000000e+08 1.564330700000000000e+07 3.111787311000000313e+07
5.711640990999999642e+07 1.608139001999999881e+08 2.574676500000000000e+07 3.958978006000000052e+06
1.332068750400000215e+08 9.574171429999999702e+07 1.422196200000000000e+07 1.999005398300000131e+08
1.287127555600000024e+08 9.744101190000000596e+07 1.438939400000000000e+07 2.036435623499999940e+08
4.985937503000000119e+07 2.572931805999999940e+08 3.794950000000000000e+07 1.384718613000000082e+07
1.260651943199999928e+08 1.388541566999999881e+08 1.397936100000000000e+07 1.062931417999999970e+08
5.419260329999999702e+07 2.361983668800000548e+08 3.842394200000000000e+07 1.433882347999999998e+06
