1.121321440499999970e+08 1.052120265499999970e+08 1.732707700000000000e+07 1.441663874000000069e+06
6.807285701999999583e+07 1.361799849379999936e+08 2.281969700000000000e+07 7.603785409999999683e+05
8.939003115899999440e+07 1.280177712000000030e+08 1.776949700000000000e+07 1.077755498499999940e+07
8.419937908800001442e+07 1.198929986299999952e+08 1.918487400000000000e+07 3.241034619500000495e+06
1.245115818170000017e+08 9.788104396940000355e+07 1.661859100000000000e+07 2.079492038149999827e+07
1.226785176899999976e+08 1.093409290999999940e+08 1.624058700000000000e+07 6.364122599999999627e+06
1.230578655359999985e+08 1.307697030000000000e+08 1.503001700000000000e+07 2.050654726500000060e+07
1.144320851350000054e+08 1.026957592485000044e+08 1.748224100000000000e+07 1.878288001999999979e+05
1.104293278460000008e+08 9.417549978110000491e+07 1.601164700000000000e+07 1.959795724855000079e+08
5.417162861000000685e+07 2.362287004900000095e+08 3.842374700000000000e+07 1.449612537999999942e+06
1.153953982699999958e+08 1.089354173599999994e+08 1.674013800000000000e+07 4.843403900000000373e+06
1.085346870789999962e+08 1.046402114280000031e+08 1.780450100000000000e+07 1.784616352999999945e+05
1.187526171120000035e+08 1.014028831120000035e+08 1.725424300000000000e+07 2.125894118000000017e+05
8.440945684999999404e+07 1.854600520000000000e+08 1.623323300000000000e+07 6.234804400000000000e+07
1.235036845258000046e+08 1.295842150000000000e+08 1.506694500000000000e+07 1.972354016586000100e+07
1.358021424410000145e+08 8.966283298200000823e+07 1.443139000000000000e+07 1.834505630530000031e+08
1.364998859399999976e+08 8.731847053000000119e+07 1.474691600000000000e+07 1.569253885200000107e+08
8.569352997000001371e+07 1.539537650000000000e+08 1.697835100000000000e+07 2.624215364999999851e+07
7.101755845000000298e+07 1.317710356099999994e+08 2.186133200000000000e+07 1.383968810000000056e+06
8.474116200000001490e+07 1.141144827559999973e+08 1.941728000000000000e+07 2.060062383799999952e+07
1.123543724088000059e+08 1.198537525999999940e+08 1.623177900000000000e+07 1.147376768511999957e+07
1.246486677699999958e+08 1.439857740000000000e+08 1.443585200000000000e+07 2.939725114000000060e+07
9.780517084000000358e+07 1.575665920000000000e+08 1.564564600000000000e+07 3.222460921000000089e+07
1.054268060799999833e+08 1.114580121800000072e+08 1.731247600000000000e+07 4.404459580000000075e+06
8.569264152439999580e+07 1.394163261999999881e+08 1.762873100000000000e+07 1.684098581599999964e+07
1.261409878519999534e+08 9.677793054000000656e+07 1.625674200000000000e+07 3.759822122999999672e+07
1.083655934399999976e+08 9.786083669799999893e+07 1.644883800000000000e+07 1.151834349350000024e+08
9.172908392000000179e+07 1.133431727999999970e+08 1.861499800000000000e+07 1.618468858000000007e+06
9.607511089000001550e+07 1.133637101800000072e+08 1.805111200000000000e+07 3.200642180000000168e+06
8.115328442000000179e+07 1.880043110000000000e+08 1.676575300000000000e+07 4.679891889999999851e+07
1.174479268799999952e+08 1.372926490000000000e+08 1.506150000000000000e+07 2.388918989999999851e+07
1.030524989000000060e+08 1.133964112999999970e+08 1.737300700000000000e+07 5.011319179999999702e+06
6.778609369940000772e+07 1.323864810983400047e+08 2.251792300000000000e+07 3.442910575439000130e+07
7.666362651000002027e+07 1.632164973000000119e+08 1.814608200000000000e+07 6.478725659000000358e+07
1.254261819099999964e+08 1.003528130999999940e+08 1.446342300000000000e+07 2.104207320999999940e+08
1.018900994500000179e+08 1.487132641999999881e+08 1.507887000000000000e+07 1.131658644000000060e+08
9.603452323999999464e+07 1.211230382999999970e+08 1.743241900000000000e+07 1.011599353999999911e+07
1.364961438200000226e+08 9.335450645000000298e+07 1.435888300000000000e+07 1.588108777500000000e+08
1.175293481899999976e+08 1.057367046800000072e+08 1.686048000000000000e+07 2.932065149999999907e+06
6.602077507999999821e+07 2.078234720000000000e+08 1.960750900000000000e+07 4.980881910000000149e+07
9.232141503000000119e+07 1.535417680000000000e+08 1.625491400000000000e+07 2.816852925000000000e+07
7.633884905500000715e+07 1.268137837500000000e+08 2.045900300000000000e+07 2.923546685800000094e+06
1.123005925639999956e+08 9.896743599699999392e+07 1.686309800000000000e+07 5.724460910999999940e+07
7.676112819000001252e+07 1.250124082989999950e+08 2.074586500000000000e+07 1.244963103999999817e+06
8.735143291299998760e+07 1.215054255999999940e+08 1.848827300000000000e+07 5.715721351400000043e+06
9.885086696999999881e+07 1.101842074699999988e+08 1.806746600000000000e+07 1.663301647000000114e+06
1.227455744499999583e+08 1.187403850000000000e+08 1.565355400000000000e+07 1.260200280000000075e+07
1.019585283100000024e+08 1.073745897090000063e+08 1.806192600000000000e+07 5.220833659999999800e+05
1.222573053900000155e+08 1.346765315999999940e+08 1.421434700000000000e+07 9.776834879999999702e+07
1.227337538100000024e+08 1.078273070000000000e+08 1.610076300000000000e+07 1.774055160000000149e+07
8.186356971999999881e+07 1.357528524000000060e+08 1.846747000000000000e+07 1.272352560999999940e+07
5.704935361199998856e+07 1.605086534699999988e+08 2.530234700000000000e+07 6.978047872999999672e+06
1.012219597590000182e+08 1.257295735999999940e+08 1.672580200000000000e+07 1.280204037539999932e+07
1.159909834829999954e+08 9.850729355699999630e+07 1.656632600000000000e+07 5.179974373600000143e+07
1.039060138540000021e+08 1.047032859969999939e+08 1.776440200000000000e+07 1.459812910999999940e+07
6.608465695000001043e+07 1.383232406299999952e+08 2.306548500000000000e+07 1.351093956999999937e+06
9.388455051199999452e+07 1.050456353474999964e+08 1.759267300000000000e+07 1.400660461719999909e+08
9.867701265999999642e+07 1.506020801999999881e+08 1.526901800000000000e+07 1.145785370000000000e+08
1.055048071640000045e+08 1.046446759969999939e+08 1.784516300000000000e+07 6.257555910000000149e+06
1.079310463599999994e+08 9.532809256170000136e+07 1.616701500000000000e+07 1.982527056595999897e+08
8.945772158999998868e+07 1.472982450000000000e+08 1.679741200000000000e+07 2.329587522899999842e+07
1.253468155375999808e+08 8.912122307548999786e+07 1.519370400000000000e+07 1.826489552827700078e+08
8.859281190000000596e+07 1.097389013700000048e+08 1.849317200000000000e+07 7.633038723000000417e+07
1.143817593299999982e+08 1.445898790000000000e+08 1.496384800000000000e+07 2.786560302000000328e+07
6.196999514199999720e+07 2.132416980000000000e+08 2.064224800000000000e+07 4.866560270000000298e+07
8.665383884000001848e+07 1.558284720000000000e+08 1.678520900000000000e+07 2.773214510999999940e+07
6.436961655099999905e+07 1.421825491499999762e+08 2.299359800000000000e+07 3.150276796999999788e+06
8.350498859000003338e+07 1.184913886500000060e+08 1.957409900000000000e+07 1.581640236000000034e+06
6.404226567000000179e+07 1.513058999000000060e+08 2.213872400000000000e+07 9.984688660000000149e+06
1.291724437199999988e+08 9.805373740000000596e+07 1.434444000000000000e+07 1.984511688799999952e+08
9.345183048000000417e+07 1.721930570000000000e+08 1.562785100000000000e+07 4.057982039999999851e+07
1.253645510910000056e+08 9.273788806000000238e+07 1.485618500000000000e+07 1.927626199679999948e+08
1.038918179099999964e+08 1.536285380000000000e+08 1.532983900000000000e+07 3.119860733100000024e+07
9.977479587999999523e+07 1.746136300000000000e+08 1.497390600000000000e+07 6.511697100000000000e+07
9.001771616000001132e+07 1.348894274000000060e+08 1.729990600000000000e+07 1.569061928399999999e+07
1.202814402000000030e+08 1.040438352399999946e+08 1.680412200000000000e+07 2.448432109999999870e+06
1.231292677400000244e+08 1.013006451990000010e+08 1.687805700000000000e+07 1.018360780000000028e+06
9.382588042000001669e+07 1.109787720939999968e+08 1.862350800000000000e+07 6.379243950000000186e+05
5.626889073000002652e+07 1.642737414699999988e+08 2.566511400000000000e+07 8.238862173000000417e+06
8.635198608900000155e+07 1.407489756999999881e+08 1.746694200000000000e+07 1.802415353400000185e+07
5.726665885400000215e+07 1.603242693699999452e+08 2.575554900000000000e+07 3.680792509999999776e+06
9.456631609999999404e+07 1.677239310000000000e+08 1.563199400000000000e+07 3.768663009000000358e+07
1.053297196580000073e+08 9.656273203350000083e+07 1.639008500000000000e+07 2.021783797371000051e+08
1.116759074000000060e+08 1.110442780999999940e+08 1.685625600000000000e+07 5.417612179999999702e+06
8.690715785930000246e+07 1.153105471069999933e+08 1.924230200000000000e+07 1.045886079999999958e+06
1.081576462399999946e+08 1.021580457500000000e+08 1.707853800000000000e+07 4.072338897999999672e+07
1.199237026999999583e+08 1.289085464000000060e+08 1.527978200000000000e+07 1.933424883999999985e+07
1.117872341330000013e+08 9.362332584289999306e+07 1.592206800000000000e+07 1.946801577861000001e+08
7.417263908999998868e+07 1.523375570000000000e+08 1.920758600000000000e+07 1.907365796000000089e+07
1.043591922129999995e+08 1.319769150999999940e+08 1.615646400000000000e+07 1.768109192100000009e+07
6.937941548999999464e+07 1.949689230000000000e+08 1.891169600000000000e+07 4.709720620000000298e+07
5.810526584000000358e+07 1.607349740000000000e+08 2.371888100000000000e+07 1.019577451999999955e+07
9.098860754999999702e+07 1.418029565000000000e+08 1.687184700000000000e+07 2.027570354600000009e+07
7.491483125000000000e+07 1.870498430000000000e+08 1.784807200000000000e+07 5.063646720000000298e+07
8.730482318000000715e+07 1.117560487310000062e+08 1.882695400000000000e+07 3.827899658699999750e+07
1.050145346500000060e+08 1.495403790000000000e+08 1.488214400000000000e+07 1.157955707999999970e+08
6.020026034000000358e+07 1.492604203700000048e+08 2.398397800000000000e+07 3.874093791999999899e+06
1.328821123599999994e+08 8.708976150000000000e+07 1.487252200000000000e+07 1.746085747750000060e+08
1.104286971599999964e+08 1.558560810000000000e+08 1.484760100000000000e+07 3.448933579999999702e+07
1.183218071151999980e+08 9.200766981719000638e+07 1.547417900000000000e+07 1.824598386026900113e+08
8.562319459999999404e+07 1.653070920000000000e+08 1.653827000000000000e+07 3.727234320000000298e+07
5.721791567999999970e+07 1.730506284000000060e+08 2.336937400000000000e+07 1.779413598000000045e+07
1.367654728300000131e+08 8.910586650000000000e+07 1.446143200000000000e+07 1.727546724000000060e+08
9.959190825000000000e+07 1.080427800990000069e+08 1.828433600000000000e+07 3.728350559999999823e+05
8.171611050999999046e+07 1.612823593000000119e+08 1.721121700000000000e+07 7.877861479999999702e+07
9.192487056000001729e+07 1.118644234520000070e+08 1.882960900000000000e+07 5.228346689999999944e+05
4.958247796999999136e+07 2.700182996000000238e+08 3.736975300000000000e+07 2.283460189999999851e+07
1.210367044039999843e+08 9.812390698999999464e+07 1.648138700000000000e+07 3.715229174000000209e+07
1.105455661800000072e+08 1.016707532300000042e+08 1.541707300000000000e+07 2.141385315500000119e+08
1.160177448100000024e+08 1.672406480000000000e+08 1.422675200000000000e+07 6.187414700000000000e+07
6.321208444000000507e+07 1.716873900000000000e+08 2.130001400000000000e+07 2.403536410000000149e+07
1.078937842500000000e+08 1.151142307000000030e+08 1.684733900000000000e+07 7.389678500000000000e+06
9.219575225000000000e+07 1.695912200000000000e+08 1.561691500000000000e+07 5.324689000000000000e+07
6.129166772299999744e+07 1.463237705499999821e+08 2.405912000000000000e+07 2.204200461300000083e+06
9.862044029000000656e+07 1.057190347000000030e+08 1.754213600000000000e+07 5.107944285000000149e+07
1.214607220709999949e+08 9.028408099300000072e+07 1.538208700000000000e+07 1.856376132697899938e+08
1.335322953799999952e+08 9.030018209999999404e+07 1.494196100000000000e+07 1.315705668900000006e+08
1.044058876509999931e+08 9.707939569400000572e+07 1.645927000000000000e+07 2.057101839981000125e+08
1.328327850690000057e+08 9.068417690099999309e+07 1.525345500000000000e+07 1.093109117109999955e+08
1.108242825300000012e+08 1.695561200000000000e+08 1.444051300000000000e+07 6.370986300000000000e+07
8.710017548999999464e+07 1.710560630000000000e+08 1.621594900000000000e+07 3.887014639999999851e+07
9.273693445799995959e+07 1.203424297999999970e+08 1.786942700000000000e+07 6.885226828500000760e+06
8.108396803800001740e+07 1.168050560459000021e+08 1.961165500000000000e+07 7.859299643060000241e+07
6.849535179000000656e+07 1.676215018000000119e+08 1.994090800000000000e+07 2.521547207000000030e+07
7.841000307999999821e+07 1.843667840000000000e+08 1.729441200000000000e+07 4.181469979999999702e+07
1.214182745799999982e+08 1.498631870000000000e+08 1.442249900000000000e+07 3.236857094999999925e+07
7.017846779000000656e+07 2.005395800000000000e+08 1.867742700000000000e+07 4.716295939999999851e+07
9.961330900800000131e+07 1.003350296430000067e+08 1.694003600000000000e+07 1.874992663039999902e+08
9.578588606000001729e+07 1.526293561999999881e+08 1.545584200000000000e+07 1.162853360000000000e+08
7.667419032000000775e+07 1.912425060000000000e+08 1.744595400000000000e+07 4.959529960000000149e+07
1.220862867199999988e+08 1.021671599000000060e+08 1.459983100000000000e+07 2.152095950999999940e+08
4.979343331000000238e+07 2.584965148000000119e+08 3.790646400000000000e+07 1.463671759999999963e+07
1.058726355300000161e+08 1.026787052999999970e+08 1.675607300000000000e+07 7.426826970000000298e+07
8.253660751999999583e+07 1.699382310000000000e+08 1.692829400000000000e+07 3.507999514000000060e+07
6.131140192700000852e+07 1.433083900929999948e+08 2.416656500000000000e+07 2.771150904769999906e+07
8.983949306999999285e+07 1.813997600000000000e+08 1.559629400000000000e+07 6.454674400000000000e+07
8.322479036999998987e+07 1.495512104000000060e+08 1.752383400000000000e+07 2.288042342000000179e+07
1.187664561899999976e+08 1.138498692999999970e+08 1.617797300000000000e+07 8.712567599999999627e+06
9.714431839300000668e+07 1.024802983128000051e+08 1.717947700000000000e+07 1.508767073007000089e+08
1.298257796829999983e+08 9.317780668999999762e+07 1.562135600000000000e+07 8.030824395000000298e+07
1.001167770900000036e+08 1.182194180000000000e+08 1.727754200000000000e+07 7.583600699999999255e+06
5.613532128400000930e+07 1.742051083499999940e+08 2.804959400000000000e+07 3.637142725999999791e+06
1.321857878799999952e+08 9.756296323999999464e+07 1.482511700000000000e+07 1.130753992099999934e+08
1.194434551099999994e+08 1.401955114000000060e+08 1.424785500000000000e+07 1.064235192000000030e+08
1.270191483470000178e+08 8.950600590079998970e+07 1.500400700000000000e+07 1.855456245155000091e+08
1.016034732000000030e+08 1.004444790600000024e+08 1.693605500000000000e+07 1.204688163980000019e+08
7.919830015000000596e+07 1.194521351299999952e+08 2.034391800000000000e+07 1.487437964399999939e+07
6.399219946999999881e+07 1.616103854699999988e+08 2.150622400000000000e+07 2.925486098999999836e+07
6.542043545999999344e+07 1.804812070000000000e+08 2.033917700000000000e+07 3.023128271000000089e+07
1.064559370039999932e+08 1.277566457000000030e+08 1.621600300000000000e+07 1.534176817670000158e+07
5.573340610299999267e+07 1.752373950000000000e+08 2.454178600000000000e+07 1.516101791999999993e+07
6.710081300800000131e+07 1.379670454399999976e+08 2.228805600000000000e+07 3.382495126000000164e+06
5.357931402000000328e+07 1.924713074000000060e+08 2.801530800000000000e+07 1.320837753999999911e+07
8.052990950000001490e+07 1.208642013009999990e+08 2.036065500000000000e+07 5.767781089999999385e+05
1.284268856790000051e+08 9.394679402599999309e+07 1.582885100000000000e+07 6.824117922280000150e+07
1.038708146700000018e+08 1.652755210000000000e+08 1.502933800000000000e+07 4.031722160000000149e+07
1.031367430900000036e+08 1.039571413299999982e+08 1.606026500000000000e+07 2.145893214799999893e+08
9.385899949099999666e+07 1.263848945000000000e+08 1.735005700000000000e+07 1.136980780599999800e+07
1.013583941599999964e+08 1.739650360000000000e+08 1.489065600000000000e+07 6.469886800000000000e+07
5.965493399000000209e+07 2.053546190000000000e+08 2.140157000000000000e+07 4.090726079999999702e+07
1.016813979326000065e+08 1.001271666722200066e+08 1.679896700000000000e+07 1.372822689254699945e+08
8.788774989000001550e+07 1.185440733799999952e+08 1.864563400000000000e+07 4.027290878000000026e+06
1.210467462300000191e+08 1.552167040000000000e+08 1.411263600000000000e+07 5.540793000000000000e+07
7.469064803999999166e+07 1.269792685199999958e+08 2.109729900000000000e+07 1.438416820000000065e+06
5.215646299000000209e+07 2.407690397199999988e+08 3.836564200000000000e+07 3.930893378000000026e+06
1.285105466800000072e+08 8.980001229999999702e+07 1.503374800000000000e+07 1.593559613600000143e+08
5.826676731000000238e+07 1.951130260000000000e+08 2.211193800000000000e+07 3.340219069999999925e+07
7.799300771999999881e+07 1.234195989300000072e+08 2.048972100000000000e+07 1.458948605999999912e+06
