9.196034298000001907e+07 1.117328092370000035e+08 1.890667600000000000e+07 3.899906979999999749e+05
1.174032556120000035e+08 1.011532461630000025e+08 1.728541500000000000e+07 2.916991628000000026e+06
9.394962095999999344e+07 1.256677304000000060e+08 1.737277400000000000e+07 1.146433900999999978e+07
1.310677308299999982e+08 9.753976776000000536e+07 1.503836700000000000e+07 9.947224904999999702e+07
9.595024290999999642e+07 1.133550758100000024e+08 1.806954900000000000e+07 3.105727439999999944e+06
1.230378648900000155e+08 1.087559762999999970e+08 1.626275700000000000e+07 6.085419769999999553e+06
1.116895617430000007e+08 1.211641174000000060e+08 1.620191400000000000e+07 1.219172542779999971e+07
1.081777752099999934e+08 1.048943881280000061e+08 1.773156200000000000e+07 4.127899770000000135e+05
1.315663971400000006e+08 8.749618801000000536e+07 1.489770800000000000e+07 1.779547370439999998e+08
8.731912932000000775e+07 1.148193420680000037e+08 1.940969900000000000e+07 4.503970289999999804e+05
7.596461770000000298e+07 1.381977401999999881e+08 1.957544800000000000e+07 1.079202523699999973e+07
8.671015082000002265e+07 1.733718300000000000e+08 1.623200600000000000e+07 3.887219009000000358e+07
9.133019135999999940e+07 1.133121877199999988e+08 1.867367200000000000e+07 1.485741355999999912e+06
1.326969637600000054e+08 9.270984770000000298e+07 1.502660400000000000e+07 1.151703785000000000e+08
7.133833279999999702e+07 1.382742991999999881e+08 2.078002700000000000e+07 7.518759117999999784e+06
6.567210112000000477e+07 1.390311180979999900e+08 2.325828400000000000e+07 1.165855857000000076e+06
1.241230670359999985e+08 9.790590556039999425e+07 1.661720200000000000e+07 2.171771690890000015e+07
5.917981027000000328e+07 2.022324600000000000e+08 2.161480700000000000e+07 3.864960089999999851e+07
9.730802078700000048e+07 1.201540030000000000e+08 1.740616800000000000e+07 8.148356262199999765e+06
1.229988423299999982e+08 1.014056209239999950e+08 1.687728700000000000e+07 1.027498089000000036e+06
1.026759484420000017e+08 1.215491882999999970e+08 1.684994000000000000e+07 1.040104521419999935e+07
6.575563051000000536e+07 1.498304529000000060e+08 2.166044600000000000e+07 1.060575263000000082e+07
1.207120311200000346e+08 1.145946340999999940e+08 1.600703500000000000e+07 9.640827000000000000e+06
1.338111177999999970e+08 9.068511229999999702e+07 1.494209000000000000e+07 1.284480541299999952e+08
6.827650765600000322e+07 1.359091459499999881e+08 2.217666800000000000e+07 2.503238001800000202e+06
1.335251821299999952e+08 9.061125409999999404e+07 1.484712600000000000e+07 1.380536190000000000e+08
5.833059551000000536e+07 1.747315295999999940e+08 2.282495200000000000e+07 1.967010273000000045e+07
7.499936028000001609e+07 1.265519439210000038e+08 2.135482300000000000e+07 7.195546640000001062e+05
1.158684695760000050e+08 1.331527050000000000e+08 1.533569800000000000e+07 2.077730436800000072e+07
8.709509564000000060e+07 1.154322298680000007e+08 1.922687000000000000e+07 9.162167659999999451e+05
1.113546458400000185e+08 1.028555400000000000e+08 1.593946500000000000e+07 1.079713530000000000e+08
1.160166071200000048e+08 1.072758455600000024e+08 1.683052100000000000e+07 3.797302930000000168e+06
1.259515601500000060e+08 9.717307578000000119e+07 1.624909600000000000e+07 3.684245575999999791e+07
1.354468307900000215e+08 8.732769003200000525e+07 1.482954500000000000e+07 1.546523840320000052e+08
1.245599470660000443e+08 1.442704950000000000e+08 1.443661500000000000e+07 2.927799310000000149e+07
1.144470674699999988e+08 9.999145281000000238e+07 1.518919600000000000e+07 2.094077456699999869e+08
1.186597555499999970e+08 1.466589740000000000e+08 1.465806200000000000e+07 2.983314747100000083e+07
1.138250838400000036e+08 1.142845470000000000e+08 1.648503800000000000e+07 7.934571400000000373e+06
9.016380526999999583e+07 1.083975476528999954e+08 1.816185600000000000e+07 9.235791705485999584e+07
1.047476629399999976e+08 1.111846841899999976e+08 1.739693500000000000e+07 3.982542600000000093e+06
1.187810856260000020e+08 1.317492750000000000e+08 1.522820400000000000e+07 2.035629892900000140e+07
5.008412504000000656e+07 2.540498376999999881e+08 3.806203400000000000e+07 1.176287446000000089e+07
6.470994908000000566e+07 1.423100390559999943e+08 2.399242700000000000e+07 4.210157409999999800e+05
1.096262010400000066e+08 1.023664157600000054e+08 1.553852000000000000e+07 1.876462533300000131e+08
1.002737998460000157e+08 1.000601009689999968e+08 1.681458300000000000e+07 1.795877958271000087e+08
1.223292188439999968e+08 9.010073792139099538e+07 1.532450100000000000e+07 1.831329548295280039e+08
1.208721742300000042e+08 1.030467815400000066e+08 1.685672100000000000e+07 1.838669554999999935e+06
1.087575295020000041e+08 1.257838099000000060e+08 1.616197500000000000e+07 1.443937437710000016e+07
1.263010419800000191e+08 1.377998960999999940e+08 1.397926200000000000e+07 1.048222992000000030e+08
8.895458569299998879e+07 1.136418366940000057e+08 1.921541500000000000e+07 4.254914400000000023e+05
1.113495983100000024e+08 1.693201520000000000e+08 1.441759400000000000e+07 6.363157800000000000e+07
1.356564952069999874e+08 8.957495250900000334e+07 1.444457600000000000e+07 1.854319328619999886e+08
9.997304570000000298e+07 1.104654440799999982e+08 1.790760700000000000e+07 2.280113930000000168e+06
9.379638021999999881e+07 1.379068670999999940e+08 1.675759100000000000e+07 1.876162115399999917e+07
5.434026768999999762e+07 2.359928440999999940e+08 3.842497400000000000e+07 1.328051554000000004e+06
9.333559028000000119e+07 1.112918557000000030e+08 1.863519500000000000e+07 8.217211239999999525e+05
7.689656003800000250e+07 1.210090053276000023e+08 2.051297900000000000e+07 4.448490218638999760e+07
9.517909987000000477e+07 1.055922368900000006e+08 1.757103100000000000e+07 8.712099303000000119e+07
1.132207766099999845e+08 1.566518680000000000e+08 1.469181600000000000e+07 3.497046467999999970e+07
1.263882821899999976e+08 1.154243163799999952e+08 1.501594400000000000e+07 5.399758759000000358e+07
5.204228613000000268e+07 2.411764335999999940e+08 3.835939200000000000e+07 4.158166273000000045e+06
1.327785306149999946e+08 9.072853793299999833e+07 1.525976000000000000e+07 1.087851019150000066e+08
1.235650011400000155e+08 1.296784410000000000e+08 1.505851400000000000e+07 1.983120089999999851e+07
1.327979055999999940e+08 8.713142951999999583e+07 1.487000300000000000e+07 1.746051705460000038e+08
9.205612043600000441e+07 1.076569337179999948e+08 1.773403900000000000e+07 1.303129985282000005e+08
6.524415571200001240e+07 1.413532997199999988e+08 2.267709200000000000e+07 3.648919458000000101e+06
7.699996777999998629e+07 1.243866216669999957e+08 2.093677000000000000e+07 6.916395000000000000e+05
9.277024273999999464e+07 1.793970300000000000e+08 1.540228700000000000e+07 6.178715700000000000e+07
1.162343094500000030e+08 1.538339530000000000e+08 1.458488100000000000e+07 3.410470957999999821e+07
1.108199695300000161e+08 1.047696460359999985e+08 1.747997800000000000e+07 9.432920089999999618e+05
1.158186566500000060e+08 9.247125889000000060e+07 1.569372200000000000e+07 1.785052247619999945e+08
1.136944340999999940e+08 1.053918369000000060e+08 1.503426600000000000e+07 2.229767445000000000e+08
1.291585323299999833e+08 9.493741859999999404e+07 1.566085200000000000e+07 7.145270109999999404e+07
1.107788121870000064e+08 1.008246124940000027e+08 1.698528500000000000e+07 4.009095111200000346e+07
8.345358962999999523e+07 1.179667715000000000e+08 1.982353100000000000e+07 8.062429639999999199e+05
8.775588297320000827e+07 1.644303890000000000e+08 1.631579400000000000e+07 3.585003160000000149e+07
1.132320443750000000e+08 1.383338270000000000e+08 1.527671300000000000e+07 2.351586841600000113e+07
9.930568814000000060e+07 1.081247936780000031e+08 1.832541700000000000e+07 3.428493740000000107e+05
1.209754695289999992e+08 9.424340906000000238e+07 1.505530800000000000e+07 1.965930556340000033e+08
6.257061960999999940e+07 1.448986881839999855e+08 2.427246100000000000e+07 8.146530130000000354e+05
4.956540329999999702e+07 2.674215846999999881e+08 3.753531100000000000e+07 2.088402900000000000e+07
1.357526042100000083e+08 9.334259087999999523e+07 1.438831000000000000e+07 1.587383912199999988e+08
1.159042402199999988e+08 1.415532750999999940e+08 1.439847500000000000e+07 1.073610990000000000e+08
1.030376127399999946e+08 1.466345990000000000e+08 1.562897600000000000e+07 2.662521562000000104e+07
1.108234578519999981e+08 9.404828611339999735e+07 1.597011800000000000e+07 1.971666669787000120e+08
6.881638487999999523e+07 1.949151540000000000e+08 1.904887700000000000e+07 4.634793150000000000e+07
1.053684641899999976e+08 9.654227475609999895e+07 1.638696400000000000e+07 2.020825143844999969e+08
1.267720043299999833e+08 9.022454254299999774e+07 1.526864800000000000e+07 1.453233058059999943e+08
1.022800967999999970e+08 1.073699251219999939e+08 1.802712400000000000e+07 5.759019559999998892e+05
1.286576812199999988e+08 9.388005951999999583e+07 1.564035200000000000e+07 7.874408831000000238e+07
1.283049937600000054e+08 1.291813732999999970e+08 1.408455300000000000e+07 9.055690859999999404e+07
1.291334390409999937e+08 9.371986684900000691e+07 1.575549100000000000e+07 7.157474291699999571e+07
1.231030908700000197e+08 1.525134680000000000e+08 1.428797700000000000e+07 3.433149865999999642e+07
1.215036087230000049e+08 1.334460150000000000e+08 1.499520500000000000e+07 2.205267621499999985e+07
1.327840564699999988e+08 9.463413917000000179e+07 1.429723900000000000e+07 1.975344141999999881e+08
1.229900353900000155e+08 9.887953859999999404e+07 1.597597500000000000e+07 5.744983610000000149e+07
7.085041301999999583e+07 1.318866746529999971e+08 2.225841100000000000e+07 6.706322580000000307e+05
1.028425744200000018e+08 1.691640300000000000e+08 1.485461700000000000e+07 6.019438800000000000e+07
6.131436044200000912e+07 1.432987989339999855e+08 2.416654700000000000e+07 2.773976557400000095e+07
5.640770201000004262e+07 1.635555884699999988e+08 2.568256800000000000e+07 7.463225372999999672e+06
1.193146302199999988e+08 1.659403040000000000e+08 1.409232800000000000e+07 6.258714200000000000e+07
1.224151237000000179e+08 1.077031170000000000e+08 1.617884800000000000e+07 1.471003309999999963e+07
7.112321215000000596e+07 1.986583260000000000e+08 1.849362000000000000e+07 4.628339789999999851e+07
8.568554086999998987e+07 1.838699740000000000e+08 1.612024600000000000e+07 5.037922160000000149e+07
1.286628217900000215e+08 1.296313387000000030e+08 1.407204200000000000e+07 8.846865840000000596e+07
6.001085063000000268e+07 1.489214501799999774e+08 2.422072200000000000e+07 3.009619503000000026e+06
1.138649367310000062e+08 9.282580148350000381e+07 1.579714700000000000e+07 1.919076331647700071e+08
1.278076324070000201e+08 8.933180280079999566e+07 1.496400000000000000e+07 1.851678673055000007e+08
9.197877872400000691e+07 1.222790225000000000e+08 1.782939700000000000e+07 7.846876050499999896e+06
9.727048362000000477e+07 1.582325670000000000e+08 1.564075000000000000e+07 3.370095489999999851e+07
8.784786368000002205e+07 1.240704443700000048e+08 1.807690600000000000e+07 1.731611460700000077e+07
1.175779671400000155e+08 9.164161740999999642e+07 1.561982000000000000e+07 1.805730103650000095e+08
8.568094326399999857e+07 1.218310887300000042e+08 1.865736000000000000e+07 9.402462307000000030e+06
6.153786154999999702e+07 1.774218340999999940e+08 2.160128500000000000e+07 2.592397480000000075e+07
5.361097211900000274e+07 2.029843623000000119e+08 2.655464600000000000e+07 2.384868650000000000e+07
6.814904023999999464e+07 1.319183747399999946e+08 2.245169400000000000e+07 2.818861862500000000e+07
1.017234930090000033e+08 1.255744317000000030e+08 1.670157200000000000e+07 1.271542686030000076e+07
8.776656623899999261e+07 1.132668087399999946e+08 1.927124000000000000e+07 5.029764672000000253e+06
9.364701064000000060e+07 1.534793410000000000e+08 1.613258600000000000e+07 2.851518689999999851e+07
1.075732836107999980e+08 1.188280667000000030e+08 1.662976100000000000e+07 9.860385278000000864e+06
1.080885685240000039e+08 9.573807905200000107e+07 1.615781700000000000e+07 1.816574768128699958e+08
1.232847037600000203e+08 1.182976675999999940e+08 1.565517500000000000e+07 1.242106130000000075e+07
1.361901711000000238e+08 8.915311779999999702e+07 1.445704500000000000e+07 1.781686320000000000e+08
5.478508678999999911e+07 1.933106350000000000e+08 2.455645500000000000e+07 2.469653339999999851e+07
8.930735620999999344e+07 1.803167240000000000e+08 1.565457100000000000e+07 6.527058300000000000e+07
7.204404630099999905e+07 1.310907500600000024e+08 2.134940400000000000e+07 2.559706296800000127e+06
8.734140610000000894e+07 1.342477291999999881e+08 1.766546600000000000e+07 1.424827566999999993e+07
5.797109742499999702e+07 1.568494710399999917e+08 2.516237900000000000e+07 3.901178919000000227e+06
1.052717445699999928e+08 1.049066127559999973e+08 1.785512800000000000e+07 5.125621738000000827e+06
8.043106253999999166e+07 1.207339781139999926e+08 2.025375600000000000e+07 9.799783869999999879e+05
1.056841951689999998e+08 9.689062408799999952e+07 1.626906800000000000e+07 2.074301978670000136e+08
9.544138352899999917e+07 1.039224028744000047e+08 1.738349700000000000e+07 1.371217150295999944e+08
7.301654747999998927e+07 1.290888230949999988e+08 2.181144000000000000e+07 6.326681270000000950e+05
4.959975812000000477e+07 2.710056613000000119e+08 3.730598100000000000e+07 2.358059239999999851e+07
5.898289990999999642e+07 1.528326283299999833e+08 2.409243300000000000e+07 5.298400081000000238e+06
