6.893603231000001729e+07 1.346172632569999993e+08 2.267079000000000000e+07 6.966225309999999590e+05
1.320616000949999839e+08 9.067192024699999392e+07 1.528856800000000000e+07 1.092604524099999964e+08
8.999047901999999583e+07 1.798926410000000000e+08 1.561974200000000000e+07 5.966372600000000000e+07
1.359676991500000060e+08 9.173451170000000298e+07 1.442778800000000000e+07 1.623433335999999940e+08
9.162510648000000417e+07 1.108657513700000048e+08 1.886336000000000000e+07 4.560022430000000633e+06
1.054736979000000060e+08 1.119045109000000060e+08 1.728253500000000000e+07 4.585230750000000000e+06
1.328259211500000060e+08 8.773580728800000250e+07 1.491678900000000000e+07 1.604103623179999888e+08
1.078614010439999998e+08 1.048854397810000032e+08 1.778683100000000000e+07 3.101978329999999842e+05
1.230140455300000161e+08 1.088407920000000000e+08 1.626496900000000000e+07 6.007430000000000000e+06
1.180861916990000010e+08 9.136047211549000442e+07 1.556008100000000000e+07 1.875756783679299951e+08
1.272407792339999974e+08 9.232264599300000072e+07 1.556616400000000000e+07 1.010025060509999990e+08
9.386006854000002146e+07 1.353199119000000060e+08 1.687345100000000000e+07 1.714565032600000128e+07
1.123515085600000024e+08 1.037232723780000061e+08 1.747440100000000000e+07 5.387892550000000047e+05
1.089971889539999962e+08 1.272406425000000000e+08 1.607038200000000000e+07 1.542977537149999849e+07
1.323199337300000042e+08 9.479609390000000596e+07 1.486245300000000000e+07 1.202287462999999970e+08
6.975476501999999583e+07 1.335337099459999949e+08 2.226160800000000000e+07 1.066746598999999929e+06
1.180956774150000215e+08 1.009914581239999980e+08 1.725846300000000000e+07 2.612936615000000224e+06
7.613313275999999046e+07 1.251376957989999950e+08 2.104105200000000000e+07 9.184100470000000205e+05
1.229964469950000048e+08 9.907136320499999821e+07 1.684620000000000000e+07 1.041422632699999958e+07
1.195605231889999956e+08 1.401607620000000000e+08 1.483751000000000000e+07 2.582864651599999890e+07
7.243613186800000072e+07 1.261417784972500056e+08 2.147718000000000000e+07 3.612961351257000118e+07
1.081769594080000073e+08 1.000845508219999969e+08 1.702382400000000000e+07 6.274691693999999762e+07
1.143147913850000054e+08 9.758159366599999368e+07 1.645429800000000000e+07 7.426326774899999797e+07
7.443729658000001311e+07 1.273045064749999940e+08 2.134563500000000000e+07 8.739748140000000130e+05
9.948158084999999404e+07 1.187622585999999940e+08 1.730846600000000000e+07 7.662157400000000373e+06
1.355802221099999845e+08 8.651197679899999499e+07 1.477716100000000000e+07 1.693227573449999988e+08
7.045856450000000000e+07 1.327564718879999965e+08 2.245983100000000000e+07 5.148114020000000019e+05
9.316956751999999583e+07 1.724201920000000000e+08 1.555669100000000000e+07 4.642854920000000298e+07
5.927020138700000197e+07 1.766341013000000119e+08 2.240525300000000000e+07 2.194166292000000179e+07
5.871136695000000298e+07 1.988065890000000000e+08 2.185279500000000000e+07 3.615652529999999702e+07
1.014860825400000215e+08 1.486657088000000119e+08 1.510712100000000000e+07 1.118763570999999940e+08
8.844099498999999464e+07 1.359294055999999940e+08 1.743569800000000000e+07 1.574829699300000072e+07
1.119747061630000025e+08 1.004575014919999987e+08 1.702466700000000000e+07 3.617346588899999857e+07
1.230490385919999927e+08 1.308887000000000000e+08 1.502526500000000000e+07 2.057564266800000146e+07
8.641118106400001049e+07 1.114909454287000000e+08 1.880428100000000000e+07 1.038402786051000059e+08
1.084705892800000012e+08 1.525211760000000000e+08 1.505438900000000000e+07 3.199307725000000000e+07
1.186966611299999952e+08 1.553704740000000000e+08 1.442850700000000000e+07 3.598656610000000149e+07
5.433291285000000149e+07 2.360027636999999881e+08 3.842493500000000000e+07 1.333119004999999888e+06
1.086782148710000068e+08 1.381812040000000000e+08 1.557288800000000000e+07 2.256656797500000149e+07
1.336948138530000150e+08 9.443287098999999464e+07 1.475127800000000000e+07 1.266648552999999970e+08
8.564888514300002158e+07 1.215979411500000060e+08 1.875001000000000000e+07 5.148488852000000887e+06
9.564347770000000298e+07 1.703047380000000000e+08 1.549611200000000000e+07 4.009927195000000298e+07
1.315899582769999951e+08 9.074829437999999523e+07 1.526578800000000000e+07 1.116546525189999938e+08
9.865307490999999642e+07 1.526835140000000000e+08 1.574000300000000000e+07 2.935748773800000176e+07
9.965166968000000715e+07 1.748837710000000000e+08 1.500161400000000000e+07 6.102535100000000000e+07
6.890202660589998960e+07 1.307910959944300056e+08 2.225550500000000000e+07 3.479461074815999717e+07
1.045335583400000036e+08 1.630006810000000000e+08 1.505296000000000000e+07 3.741955121000000089e+07
8.980219507999999821e+07 1.813493410000000000e+08 1.559691700000000000e+07 6.619651400000000000e+07
9.043210775000000000e+07 1.579048365999999940e+08 1.590062000000000000e+07 1.063346715999999940e+08
8.506856390999998152e+07 1.484023850999999940e+08 1.728364700000000000e+07 2.264973923999999836e+07
8.149527410999999940e+07 1.198256940770000070e+08 2.012018100000000000e+07 7.813372169999999460e+05
1.204912257699999958e+08 9.191482783599999547e+07 1.557980900000000000e+07 1.494923121800000072e+08
1.159589709800000042e+08 1.093558312000000030e+08 1.666755700000000000e+07 5.268538690000000410e+06
9.181172404799999297e+07 1.065068831328999996e+08 1.804490000000000000e+07 1.332407032898000032e+08
1.171098825400000066e+08 1.067973096200000048e+08 1.679454000000000000e+07 3.646958549999999814e+06
8.522077660900001228e+07 1.835416770000000000e+08 1.623304300000000000e+07 4.580231289999999851e+07
1.155693713030000031e+08 1.206800932000000030e+08 1.597136900000000000e+07 1.269186025070000067e+07
1.256284077150000036e+08 9.751734880629999936e+07 1.649052400000000000e+07 2.491220204549999908e+07
1.166259410799999982e+08 1.641683680000000000e+08 1.425049000000000000e+07 5.570529100000000000e+07
1.086674473199999928e+08 1.065732659000000060e+08 1.747508900000000000e+07 1.700687081000000006e+06
8.972986584000000358e+07 1.157120892399999946e+08 1.863369900000000000e+07 2.779481330000000075e+06
5.391279297703999281e+07 1.970150358400000036e+08 3.082264600000000000e+07 6.299820661000000313e+06
1.117674506729999930e+08 1.232951587999999970e+08 1.607755700000000000e+07 1.362873685630000010e+07
8.434463490999999642e+07 1.795476530000000000e+08 1.642810800000000000e+07 4.189664629999999702e+07
8.222441729999999702e+07 1.670910430000000000e+08 1.706879000000000000e+07 3.300471855999999866e+07
6.485376428999999911e+07 1.481901549000000060e+08 2.206702500000000000e+07 8.861024490000000224e+06
1.226974455900000036e+08 1.018458887900000066e+08 1.684862200000000000e+07 1.308466617000000086e+06
1.140661324699999988e+08 1.440721730000000000e+08 1.500342500000000000e+07 2.737708487500000000e+07
5.823538084000000358e+07 1.578608224099999964e+08 2.579886800000000000e+07 2.286183264500000048e+06
1.367933795489999950e+08 8.734298648000000417e+07 1.479588800000000000e+07 1.520273721629999876e+08
9.406331096500000358e+07 1.045962512489999980e+08 1.768910000000000000e+07 1.407228167245000005e+08
8.765749499600000679e+07 1.148614251560000032e+08 1.914183200000000000e+07 1.050215708000000101e+06
9.970370327099999785e+07 1.304050612000000030e+08 1.660000600000000000e+07 1.550903738099999912e+07
1.063423351729999930e+08 9.706267721500000358e+07 1.616296100000000000e+07 2.074915928269999921e+08
1.357951357899999917e+08 9.216997773000000417e+07 1.426973400000000000e+07 1.900417149300000072e+08
5.379518980200000852e+07 1.892361441999999881e+08 2.761509000000000000e+07 1.281848533000000007e+07
1.036266631959999949e+08 1.063762662960000038e+08 1.806071800000000000e+07 2.728681766000000061e+05
1.244946420300000012e+08 1.007487651469999999e+08 1.687436400000000000e+07 7.134615320000000065e+05
1.102620426500000060e+08 1.131569435000000000e+08 1.680763000000000000e+07 6.541984510000000708e+06
1.233036552600000203e+08 1.197275752999999970e+08 1.557421300000000000e+07 1.337978019999999925e+07
9.372631768999999762e+07 1.685187960000000000e+08 1.568104700000000000e+07 3.794495800000000000e+07
1.052268521180000007e+08 1.071076935000000000e+08 1.567293700000000000e+07 2.269478766500000060e+08
7.652998684999999404e+07 1.391871949000000060e+08 1.938254200000000000e+07 1.182602471399999969e+07
1.169035796299999952e+08 1.211358836200000048e+08 1.534574000000000000e+07 5.101108457000000030e+07
1.020943471250000000e+08 9.916885738300000131e+07 1.673376500000000000e+07 1.585027556425000131e+08
1.234277529900000244e+08 9.697893370000000298e+07 1.558854300000000000e+07 9.214090540000000596e+07
1.003188058799999952e+08 1.108080446800000072e+08 1.784979200000000000e+07 2.504046330000000075e+06
8.312344150000000000e+07 1.837647850000000000e+08 1.647257000000000000e+07 5.014814139999999851e+07
8.465648441999998689e+07 1.271275205000000000e+08 1.848920600000000000e+07 8.631038779999999329e+06
8.867331247699999809e+07 1.095697593399000019e+08 1.835322300000000000e+07 1.129728342286999971e+08
4.990600006000000238e+07 2.565295289000000060e+08 3.797603300000000000e+07 1.335011049000000022e+07
6.041742840399999917e+07 1.479445819799999893e+08 2.423817200000000000e+07 2.456538541600000113e+06
5.484458571999999881e+07 1.952325223000000119e+08 2.446412000000000000e+07 2.607674730000000075e+07
6.199362021400000155e+07 1.418802713700000048e+08 2.400776800000000000e+07 3.255266723000000045e+07
7.070500871999999881e+07 1.376965997899999917e+08 2.099875800000000000e+07 6.855545542999999598e+06
1.242552863100000024e+08 9.317972282500000298e+07 1.567563600000000000e+07 1.026800879479999989e+08
1.229025712300000042e+08 8.996609359000000358e+07 1.533487100000000000e+07 1.769837688330000043e+08
1.167721443199999928e+08 1.438710801999999881e+08 1.433576000000000000e+07 1.111959440999999940e+08
1.260995068799999952e+08 1.144479576500000060e+08 1.517355100000000000e+07 4.634431070000000298e+07
1.046306032859999985e+08 1.039996943219999969e+08 1.762532500000000000e+07 2.105561008199999854e+07
5.634801844999998808e+07 1.638580684699999988e+08 2.567535700000000000e+07 7.785354273000000045e+06
1.126727537269999981e+08 9.327818967319999635e+07 1.586514400000000000e+07 1.940817467867000103e+08
1.199886337999999970e+08 1.530269970000000000e+08 1.437655900000000000e+07 3.650471560000000149e+07
8.345474999999998510e+07 1.183935255269999951e+08 1.964214700000000000e+07 1.289861064999999944e+06
9.696935068600000441e+07 1.023246054769999981e+08 1.725177900000000000e+07 1.633241938682999909e+08
1.107369207999999970e+08 1.695965360000000000e+08 1.444434200000000000e+07 6.372331700000000000e+07
1.274776525030000210e+08 9.043235484000000358e+07 1.488882600000000000e+07 1.870448453280000091e+08
1.042049037979999930e+08 9.718195736730000377e+07 1.648968200000000000e+07 2.045543713709000051e+08
7.238920440999999642e+07 1.298049119880000055e+08 2.172788200000000000e+07 9.646054350000000559e+05
1.082044020750000030e+08 9.514069691099999845e+07 1.616511300000000000e+07 1.992659949851999879e+08
1.316864313069999963e+08 9.174846264000000060e+07 1.537064800000000000e+07 9.865318832999999821e+07
1.017203786400000006e+08 1.585217450000000000e+08 1.533412400000000000e+07 3.375812552000000328e+07
1.180748217500000000e+08 9.465131020000000298e+07 1.541075300000000000e+07 1.633304318000000119e+08
5.480319953999999166e+07 1.800097473000000119e+08 2.514983900000000000e+07 1.559744668999999948e+07
9.932265989000000060e+07 1.054842452999999970e+08 1.694947900000000000e+07 1.000876954000000060e+08
9.818349428000000119e+07 1.619475580000000000e+08 1.549269600000000000e+07 3.505656410999999940e+07
1.364100753300000131e+08 8.943179600000000000e+07 1.445898300000000000e+07 1.724627665999999940e+08
4.958238988999999315e+07 2.700156315000000000e+08 3.737015600000000000e+07 2.283259989999999851e+07
5.951043481000000238e+07 2.044328390000000000e+08 2.146395900000000000e+07 4.023007129999999702e+07
1.159493966780000031e+08 1.268948125000000000e+08 1.562629400000000000e+07 1.671978050070000067e+07
1.190401360600000024e+08 1.183831477000000030e+08 1.588380300000000000e+07 1.183230780000000075e+07
8.101659365999998152e+07 1.770029860000000000e+08 1.699968900000000000e+07 3.865606097999999672e+07
1.242977608840000331e+08 1.453543000000000000e+08 1.441393500000000000e+07 2.988796288100000098e+07
7.105544082899999619e+07 1.278892836692299992e+08 2.177131200000000000e+07 3.555351175986000150e+07
5.078550490999999642e+07 2.475821666999999881e+08 3.823743600000000000e+07 7.826153379999999888e+06
7.659249695000000298e+07 1.911076820000000000e+08 1.747768600000000000e+07 4.717401860000000149e+07
1.079625223833999932e+08 1.196708800999999940e+08 1.656334400000000000e+07 1.027101874440000020e+07
1.195292633560000062e+08 9.905880906200000644e+07 1.675738000000000000e+07 2.491623631349999830e+07
9.884770177500000596e+07 1.009067981659999937e+08 1.702008300000000000e+07 1.807072343583000004e+08
1.142762235400000066e+08 1.006532780000000000e+08 1.683813100000000000e+07 3.352730951000000164e+07
9.390283734999999404e+07 1.111961230039999932e+08 1.857642800000000000e+07 8.021159209999999730e+05
9.499363129999998212e+07 1.068514650590000004e+08 1.799659900000000000e+07 4.392359692400000244e+07
8.448650980699999630e+07 1.163040705540000051e+08 1.877529400000000000e+07 1.018455260479999930e+08
8.776575038700002432e+07 1.275568079000000060e+08 1.799394800000000000e+07 1.007532164000000060e+07
1.084294205000000000e+08 1.045244500999999940e+08 1.546917300000000000e+07 2.206609058700000048e+08
6.078431239999999851e+07 2.114141490000000000e+08 2.098097500000000000e+07 4.563711360000000149e+07
9.690948364000000060e+07 1.123147842900000066e+08 1.805411600000000000e+07 2.756019140000000130e+06
6.837063864000001550e+07 2.047630990000000000e+08 1.905568400000000000e+07 5.100419510000000149e+07
6.208349251099999249e+07 1.451127569129999876e+08 2.416096700000000000e+07 1.287359161000000080e+06
6.800774188999998569e+07 1.378405230499999821e+08 2.190788800000000000e+07 4.418840646999999881e+06
5.829653803000009060e+07 1.567055428000000119e+08 2.398488000000000000e+07 7.566732889999999665e+06
7.118766621999999881e+07 1.916117590000000000e+08 1.858775600000000000e+07 4.185686579999999702e+07
9.992535314300000668e+07 1.078744526720000058e+08 1.829094800000000000e+07 3.019019170000000158e+05
1.347553484420000017e+08 8.900886134000000358e+07 1.500701800000000000e+07 1.309047699490000010e+08
1.248449955390000045e+08 9.548191285999999940e+07 1.612751600000000000e+07 5.602043839100000262e+07
6.560830901000000536e+07 1.360972513700000048e+08 2.312413300000000000e+07 1.943189823000000045e+07
8.608463467000000179e+07 1.763433300000000000e+08 1.619532600000000000e+07 4.405621960000000149e+07
1.261922818400000334e+08 9.727734920000000298e+07 1.614858900000000000e+07 4.115998710999999940e+07
1.232471304699999988e+08 1.522431900000000000e+08 1.428638200000000000e+07 3.417882750000000000e+07
6.398530685000015795e+07 1.416273100500000119e+08 2.353774900000000000e+07 1.563887036000000080e+06
7.427434376899999380e+07 1.239282804405999929e+08 2.107130200000000000e+07 3.823954381979999691e+07
1.242276614500000030e+08 1.055198105000000000e+08 1.624046100000000000e+07 1.393231880000000075e+07
6.589100754999999702e+07 1.385658685100000203e+08 2.306402700000000000e+07 1.501577561999999918e+06
8.584269339000001550e+07 1.551475370000000000e+08 1.684739600000000000e+07 3.214480869999999925e+07
6.610422231000000238e+07 1.546381880999999940e+08 2.124936400000000000e+07 1.415654630000000075e+07
8.064662965000002086e+07 1.176318031899999976e+08 2.003678300000000000e+07 2.223606061300000176e+07
9.131581051000002027e+07 1.202316150000000000e+08 1.803889300000000000e+07 6.441062059999999590e+06
9.333320696999999881e+07 1.262495212000000030e+08 1.740570500000000000e+07 1.145204057000000216e+07
