1.2118392626999998E8 9.74160579E7 1.6231402E7 7120225.16
1.1891013831E8 8.737626769E7 1.7450171E7 4481599.517
5.796122104000001E7 2.702276787E8 4.578603E7 2.26356682E7
9.5001090512E7 1.040024242545E8 2.0816973E7 2.03041962231E7
1.26215360296E8 9.7090575573E7 1.5470175E7 3.1131458956E7
9.637140664E7 1.023179261397E8 2.0098487E7 1.0658028252E8
8.031068021900001E7 1.184945796825E8 2.3834899E7 5.38997805162E7
1.2359261934999998E8 9.4034695079E7 1.6220021E7 9909016.169
1.3362683477E8 7.90525419E7 1.4464188E7 1.346061426E8
1.24051502818E8 1.22621115E8 1.44577E7 2.40594422784E7
8.055986668E7 1.8442826E8 2.0011115E7 4.3147601E7
1.0005800546E8 1.02053397487E8 2.0244925E7 766638.036
1.2806513221E8 7.94576368E7 1.4984324E7 1.29705313E8
1.1846610966E8 1.51630577E8 1.3767139E7 5.965233E7
1.0535868706E8 1.64724356E8 1.5456134E7 6.1152535E7
1.28018312794E8 7.66258320319E7 1.5085991E7 1.642734195685E8
8.6301552904E7 1.115571373386E8 2.2458431E7 5.686052328076E7
1.2476587418E8 1.19566463E8 1.4452099E7 2.90738825E7
1.1691547209E8 9.0310402445E7 1.74628E7 1270772.48
5.950524602E7 1.793317273E8 3.0108759E7 1.623613675E7
1.3149278887899998E8 7.650542490100001E7 1.4425056E7 1.90825514272E8
7.985345844699998E7 1.403757819E8 2.2159918E7 1.484881705E7
1.0644917483E8 1.301320711E8 1.6491494E7 2.3188161770000003E7
8.3510883713E7 1.145781102743E8 2.3102937E7 5.108295945996E7
1.24848697E8 8.2519584664E7 1.6180525E7 4.977790371E7
6.236277238E7 1.580155888E8 2.8299512E7 9284030.52
7.744674369E7 1.618817482E8 2.1692578E7 2.674848189E7
7.161408256E7 2.02801602E8 2.2284107E7 4.9606487E7
5.852192334E7 2.554201161E8 4.6540202E7 1.232776598E7
1.1479640865500002E8 1.004478849E8 1.6798309E7 7480304.188999999
9.8911773564E7 1.004574560856E8 1.9620413E7 7.90038351848E7
1.00365293559E8 9.9578951008E7 1.9233537E7 1.19736215368E8
1.1171845692E8 1.255147201E8 1.54955E7 6.086683534E7
1.32647764041E8 7.539960349E7 1.4365946E7 1.86992281179E8
8.857987156E7 1.67130402E8 1.8532065E7 4.84075524E7
9.051642331E7 1.79781182E8 1.7853393E7 6.0072455E7
1.15555713029E8 8.5901396859E7 1.6783841E7 1.613386565551E8
1.0193291861E8 1.195132761E8 1.8025878E7 1.3629190679E7
6.0606322220000006E7 1.662110238E8 3.0545213E7 8130140.05
1.2102386444E8 9.066105435E7 1.6838405E7 2647657.41
7.499297347000001E7 1.391024008E8 2.396965E7 9804992.61
1.1697602916E8 1.0098140579E8 1.6258933E7 1.697378203E7
1.3336531232E8 8.22757088E7 1.3805072E7 2.0466147358E8
1.2646475857999998E8 1.0820640232E8 1.4467172E7 5.464673947E7
9.361519664E7 1.463686306E8 1.8322797E7 2.673592499E7
6.4783396754000016E7 1.4599563859E8 2.8739046E7 2500648.5192
1.242570774172E8 1.050918570627E8 1.4943926E7 4.13266980903E7
1.2109593829000004E8 1.43726298E8 1.386082E7 3.711520885E7
6.176555961E7 1.716440082E8 2.7506009E7 1.811880184E7
1.060362988E8 1.163147495E8 1.7397006E7 1.352193289E7
5.936887186E7 1.916897401E8 2.9455995E7 2.4435744E7
6.2642251690000005E7 1.9745408E8 2.5789314E7 3.68205864E7
8.148857188000001E7 1.85439445E8 1.9763493E7 4.43718683E7
1.3578754520000002E8 7.2706257188E7 1.4440317E7 1.69804883841E8
1.1071550507E8 1.308004781E8 1.5697913E7 2.556454262E7
5.985542186E7 1.983903798E8 2.8692311E7 2.94517765E7
8.122628563699998E7 1.3559080957E8 2.1979812E7 3.1021713712E7
9.189694737E7 1.1880933145E8 2.0300636E7 1.233061044E7
1.2745652703700005E8 7.8834145287E7 1.4934668E7 1.79810724624E8
1.2633744193E8 8.36081192E7 1.5649622E7 6.78694134E7
1.0181781525E8 1.00802741114E8 1.9829036E7 979978.387
1.2909402205E8 8.2730958E7 1.5646638E7 6.19738408E7
1.1803452661E8 1.36615081E8 1.4381724E7 3.132073242E7
7.504877531E7 1.28233661447E8 2.5688447E7 1262083.191
1.098015269E8 1.138184451E8 1.682946E7 1.3622717041E7
7.665335247000001E7 1.2705738429E8 2.4704009E7 2567041.2607
1.1911379287E8 1.126757812E8 1.5051581E7 4.004484345E7
9.373584572E7 1.76121165E8 1.7286823E7 6.0188655E7
7.455436345E7 1.3044397905E8 2.509717E7 3481484.396
1.1681034909E8 9.68824447E7 1.6834561E7 5188628.5334
8.326913452000001E7 1.88593688E8 1.9257321E7 5.8202993E7
1.2702649478E8 8.321561185E7 1.6252253E7 3.605801843E7
1.1919548657000002E8 1.209121169E8 1.4399406E7 7.877816875E7
1.3079348117E8 7.653833367E7 1.5069331E7 1.21858805246E8
7.537802047999999E7 1.634706052E8 2.2259313E7 2.633667653E7
8.776708927399999E7 1.1566315317E8 2.191689E7 3238237.349
1.03542340165E8 9.49337507333E7 1.8904393E7 1.315496865692E8
6.985629532E7 2.04859041E8 2.2841965E7 4.89935232E7
7.532506110800001E7 1.2452923772394E8 2.5386498E7 3.496247598425E7
8.5218255199E7 1.147121088773E8 2.3262909E7 5747204.833699999
1.1479258834E8 8.91359847E7 1.7319088E7 3.806578049E7
1.1345386302E8 1.306141942E8 1.4923422E7 9.871186322E7
1.13182618923E8 8.6976106891E7 1.7290167E7 1.607199974243E8
1.24678373772E8 1.35997039E8 1.3855098E7 3.2535338472E7
1.3086863518000002E8 7.89064285E7 1.505333E7 1.0580179415E8
1.1047413258E8 9.404607853E7 1.8627295E7 597878.618
1.0039241967E8 1.170881044E8 1.8473546E7 1.169756398E7
9.761212465E7 1.0550457677E8 2.0258355E7 2028292.673
1.31369640557E8 8.259561145099999E7 1.5020165E7 9.1448978262E7
1.1143358858E8 1.48543328E8 1.4935733E7 3.7438673E7
9.86071853E7 1.43289827E8 1.742062E7 2.733786079E7
1.0649982538E8 9.7407222077E7 1.9105154E7 781337.217
1.1862702773E8 1.213573623E8 1.4982956E7 2.1856602859E7
1.251638615E8 8.557683052E7 1.6835321E7 8509981.219999999
7.7239035788E7 1.2195249009762E8 2.4841068E7 3.584678382926E7
1.035635602953E8 1.0187126144E8 1.9200483E7 2291327.1649300004
1.2317512122000004E8 1.122335681E8 1.5070313E7 1.73155196E7
7.494792875E7 1.9218307E8 2.1375722E7 4.42416742E7
1.2757766556E8 1.154477973E8 1.3799159E7 7.884477177E7
1.2427083281E8 1.116551847E8 1.5056091E7 1.70795676E7
1.1022492753700002E8 8.92934091192E7 1.7785918E7 1.479107848648E8
1.2225094183E8 1.36407798E8 1.3814939E7 4.3990098E7
1.2324192492999998E8 1.3875759E8 1.3862324E7 3.3653695631000005E7
8.3392671507E7 1.2070414601E8 2.2903978E7 3053763.697
6.433349922999999E7 1.97423457E8 2.5023082E7 3.91315201E7
1.2081949658E8 1.08140515E8 1.4932697E7 5.3569265E7
1.33510755138E8 7.3165271278E7 1.4535615E7 1.8388344859938E8
1.2555753058E8 7.98454012E7 1.5488894E7 1.0925519759E8
7.47008074635E7 1.2542108729087E8 2.5553929E7 3.586979531484E7
9.121706506E7 1.3450900984E8 1.9254546E7 5.6695199132E7
9.5420147E7 1.06037496794E8 2.1067079E7 813113.192
9.120744802E7 1.62834903E8 1.8194601E7 3.578527237E7
1.25007091555E8 8.323608022E7 1.6471503E7 3.32338714871E7
9.268386454E7 1.050406007719E8 2.1001462E7 9.14484189149E7
8.7470766901E7 1.103286754834E8 2.2179896E7 6.291338916475E7
8.438854553000002E7 1.392514834E8 2.0899295E7 1.735445109E7
9.207800075E7 1.197072286E8 2.0234055E7 9154848.51
1.2280447604E8 8.1387059269E7 1.6166407E7 8.1117577401E7
1.2114395163800004E8 8.5086370521E7 1.6784483E7 2.6850109826E7
7.9193710476E7 1.3858371678E8 2.2409656E7 2.9041936725E7
1.06290864031E8 9.27768030185E7 1.8369148E7 1.385091047456E8
8.242967007299998E7 1.157596006713E8 2.3432726E7 4.15350606647E7
6.8250136945E7 1.3927863967E8 2.7333971E7 2692820.968
1.147746958E8 1.29745875E8 1.5108531E7 2.599662468E7
6.465831057E7 2.11348569E8 2.469113E7 4.65536757E7
1.16941103374E8 1.072600561E8 1.5959384E7 1.282704377E7
8.0702331002E7 1.2401904569E8 2.336177E7 3956361.72
8.740035139E7 1.13692155952E8 2.2695955E7 907723.242
1.18730431765E8 1.027296071E8 1.6052486E7 1.0300195481E7
1.1461672986E8 9.0521472863E7 1.7735953E7 8093302.297
1.00165919665E8 1.0518684323E8 1.9544324E7 3591657.696
8.111389581E7 1.20544195799E8 2.4188397E7 918410.047
1.0335851986E8 1.48582006E8 1.6291648E7 3.328887363E7
9.0785948161E7 1.1484873929E8 2.1041597E7 4829380.916999999
6.0301215298E7 1.973202901E8 2.8165924E7 3.02588046E7
1.0151854846E8 1.391080574E8 1.6956209E7 2.99568858E7
6.2610715211E7 1.5734203176999998E8 3.0751792E7 3034120.7069999995
8.840884336E7 1.76220105E8 1.8424194E7 4.25519391E7
9.870631286E7 1.61884024E8 1.6755915E7 3.892457429E7
7.583010941999999E7 1.513066617E8 2.2725177E7 2.004709888E7
1.0339487545E8 9.7724765731E7 1.9634848E7 8040960.287
1.1312190741E8 1.43194375E8 1.4778922E7 3.84967522E7
1.045275475E8 1.4177703E8 1.627616E7 3.35769146E7
1.2298700649E8 1.24942286E8 1.4367727E7 2.68500031E7
8.541214966530001E7 1.1664373577E8 2.2709014E7 1948942.06393
6.617542435E7 2.10144203E8 2.4110673E7 4.75657327E7
1.1857613527E8 9.297361335E7 1.687838E7 3667217.23
1.20116269092E8 1.071419413E8 1.5611955E7 1.3570661966E7
1.32529513455E8 7.6848513451E7 1.5028802E7 1.12687198575E8
6.930350148E7 1.64305509E8 2.4422588E7 2.163968937E7
9.334448374E7 1.08034030558E8 2.1647726E7 519554.027
8.707165759E7 1.472706576E8 1.9759496E7 2.407603528E7
1.2290215907E8 1.035672207E8 1.5646386E7 1.15736252E7
1.1472068772E8 1.56851175E8 1.4193098E7 6.0710484E7
1.1230371935E8 9.403009549E7 1.7977943E7 1802860.141
1.244325895E8 1.00416402E8 1.5579719E7 1.977959096E7
1.3668216204999998E8 8.21480105E7 1.3863892E7 1.5840766955E8
6.059883461E7 2.4168287041000003E8 4.6924146E7 4176106.722
1.3577157548999998E8 8.35156265E7 1.3578315E7 1.9365190942E8
8.796775000999999E7 1.351616346E8 2.0208761E7 1.677161951E7
8.343776374000001E7 1.17952098438E8 2.3622448E7 850104.536
8.231209094E7 1.511477359E8 2.0837387E7 2.31181165E7
1.0131642198E8 1.39985423E8 1.6758928E7 8.950044344E7
6.835337574E7 1.4040091717E8 2.7088472E7 3424781.528
1.0684227771199998E8 9.935528904E7 1.8605564E7 2739696.5839000004
1.0549786476E8 1.3453848488E8 1.6170831E7 9.129461164E7
1.27261010148E8 7.67767090335E7 1.527114E7 1.857287397371E8
1.01930942731E8 9.6218121213E7 1.9315699E7 1.297959583436E8
6.2354699124E7 1.5805221673E8 3.073682E7 3435575.859
7.725560394100001E7 1.221537386623E8 2.4714538E7 4.49245860796E7
7.095902949000001E7 1.3448785351E8 2.6890879E7 1399335.39
9.335216717E7 1.63924977E8 1.7721927E7 3.756613954000001E7
1.28500377385E8 7.6753526879E7 1.4944841E7 1.800978797558E8
6.3748277500000015E7 1.65846761E8 2.6832617E7 1.671579694E7
6.682143953999999E7 1.5082856468E8 2.6391203E7 1.6486306913E7
1.1664683265E8 1.254244711E8 1.4990111E7 2.438036226E7
1.1401304662E8 1.119483654E8 1.612794E7 1.4816261031E7
1.2497918942E8 7.959318567E7 1.5748646E7 1.01516987027E8
8.980888260300002E7 1.1482533694E8 2.1357381E7 4009472.226
1.2149436775E8 8.67124032E7 1.6811104E7 1.636341481E7
1.2545703788E8 8.3908671816E7 1.6509875E7 2.60665234547E7
8.736736003999999E7 1.8365152E8 1.8436901E7 5.9698318E7
9.819151975E7 1.138999948E8 1.9270903E7 7910817.356
1.2618488284999998E8 1.28662311E8 1.386532E7 4.07240161E7
6.879221921000001E7 1.82598055E8 2.3746385E7 3.312195532E7
5.826493278E7 2.591907305E8 4.637329E7 1.478539429E7
1.2138720911E8 8.670802791000001E7 1.5496457E7 1.7869148588E8
1.3705950235300002E8 7.34049818E7 1.4431298E7 1.56769762095E8
1.01458228814E8 1.67841194E8 1.6151917E7 4.50846762E7
1.2096526072E8 1.27580904E8 1.4427347E7 2.6802446191E7
1.3778181134E8 7.982166513000001E7 1.3812656E7 1.6881539388E8
1.189742129E8 8.64517407E7 1.6682307E7 4.323593268E7
8.966948807999998E7 1.1186720148E8 2.1936572E7 1485255.242
1.11609262917E8 1.006440997E8 1.7474953E7 5591316.886
6.3371523263E7 1.5413967747E8 2.7990952E7 1.2478914073E7
1.036811999E8 1.51558051E8 1.6092813E7 3.83294984E7
1.09944874239E8 9.842472379E7 1.7985215E7 3697552.9193
1.1608199354E8 1.4378342E8 1.4407822E7 3.51641547E7
1.2293389920000002E8 1.252715223E8 1.3714514E7 1.0523976605E8
7.2921602789E7 1.3163803521E8 2.589348E7 2347952.3662
7.874770691299999E7 1.2470918402E8 2.4106511E7 2731522.4309
1.349507422E8 7.66191361E7 1.4451921E7 1.428235066E8
7.91357932700001E7 1.2092505137E8 2.463027E7 9831124.53
6.199334659E7 1.904248667E8 2.639437E7 3.1131709E7
6.264250865999999E7 1.547689992E8 2.8536959E7 7204802.289999999
6.8379340691E7 2.0684058E8 2.3333589E7 4.83347979E7
1.3203299917000002E8 7.95146127E7 1.5016838E7 1.017072799E8
6.426724485E7 1.834392934E8 2.5559507E7 2.947810394E7
9.622951244E7 1.71604717E8 1.6878314E7 5.9704325E7
1.1063962364E8 1.5954205E8 1.4718342E7 6.0954248E7
9.542685045000002E7 1.0851340756E8 2.0463529E7 2975306.5707
9.576119872000004E7 1.57458786E8 1.7384771E7 3.73115652E7
7.245450228209999E7 1.2876770639858E8 2.6245364E7 3.3770926321374E7
1.1591581864E8 1.152216247E8 1.562291E7 1.7632671757999998E7
8.539643763E7 1.578639546E8 1.9678895E7 2.991252135E7
1.1939712905E8 1.177238735E8 1.5048272E7 2.0353508796E7
1.03954531427E8 1.0494102101E8 1.8649104E7 5541396.934
1.1490918193E8 1.117242577E8 1.5987512E7 1.502170466E7
6.68587078947E7 1.4176876577E8 2.8124379E7 1958305.478
9.0097641688E7 1.080969498779E8 2.1448392E7 8.38315051103E7
8.2140328856E7 1.73960767E8 1.9911476E7 3.750897614E7
8.538566035E7 1.2056330186E8 2.2098058E7 5170076.088
1.2381411378E8 1.219091993E8 1.3775082E7 8.94864201E7
9.800516336E7 1.03789096048E8 2.0664833E7 635690.9519999999
9.737596785E7 1.5415341E8 1.7212403E7 3.396804626E7
1.2943275125199996E8 8.032165949E7 1.5653507E7 7.0483553056E7
7.886734467E7 1.86172341E8 2.0392249E7 4.35890263E7
8.5398660946E7 1.84007677E8 1.8912377E7 4.57853558E7
6.151748468E7 1.861075133E8 2.6878157E7 2.8257583E7
1.3581087188E8 7.802361872E7 1.3835154E7 1.9729428423E8
1.2633647088E8 1.0243804101E8 1.4917607E7 4.46678108E7
1.3369738720000002E8 8.249458925E7 1.4347686E7 1.2880770652E8
9.10448407E7 1.1062566004E8 2.1685446E7 1337616.201
7.415530799E7 1.85942159E8 2.1774505E7 3.9712441900000006E7
6.781512987E7 1.5574449887E8 2.5532871E7 2.395203007E7
6.8900652501E7 1.4080867199E8 2.6462606E7 5567257.461
