1.211839262699999809e+08 9.741605790000000596e+07 1.623140200000000000e+07 7.120225160000000149e+06
1.211590494360000044e+08 1.215081020000000000e+08 1.470209500000000000e+07 2.295114727600000054e+07
1.241905064899999797e+08 1.108923489000000060e+08 1.475880800000000000e+07 3.570055850000000000e+07
1.251458511934999973e+08 8.476154263420000672e+07 1.673788600000000000e+07 1.482926096399999969e+07
1.189101383100000024e+08 8.737626768999999762e+07 1.745017100000000000e+07 4.481599516999999993e+06
1.105682104099999964e+08 9.408906470200000703e+07 1.873386500000000000e+07 3.671652650000000140e+05
1.172740720300000012e+08 1.139944434000000060e+08 1.555012000000000000e+07 1.672369434400000051e+07
1.233142615450000465e+08 1.261373510000000000e+08 1.435824300000000000e+07 2.577737527400000021e+07
5.796122104000000656e+07 2.702276786999999881e+08 4.578603000000000000e+07 2.263566819999999925e+07
1.370137708000000119e+08 7.394862378000000119e+07 1.439741700000000000e+07 1.555724374600000083e+08
1.232832213100000024e+08 1.396877070000000000e+08 1.383337000000000000e+07 3.421344079499999434e+07
1.260677406200000048e+08 1.246802895999999940e+08 1.347961600000000000e+07 1.077408132999999970e+08
1.113588383900000155e+08 1.595390830000000000e+08 1.462295100000000000e+07 6.085709700000000000e+07
8.737664848999999464e+07 1.142412443700000048e+08 2.234546000000000000e+07 1.792757774999999907e+06
1.191248480100000054e+08 9.686753090000000596e+07 1.653291400000000000e+07 5.829187740000000224e+06
1.202589938299999982e+08 9.268572550000000000e+07 1.672286500000000000e+07 3.743677279999999795e+06
9.784346014000000060e+07 1.041311860980000049e+08 2.086873200000000000e+07 3.811947110000000102e+05
1.294799985999999940e+08 8.193869509999999404e+07 1.563288100000000000e+07 6.479178582999999821e+07
1.355523999775999784e+08 7.243499407548999786e+07 1.439533200000000000e+07 1.830368352827700078e+08
1.375711902179999948e+08 7.713029278000000119e+07 1.386415500000000000e+07 1.793551480090000033e+08
9.547759135999999940e+07 1.060520017759999931e+08 2.122110000000000000e+07 5.294473020000000251e+05
1.346924882300000191e+08 8.320990640000000596e+07 1.363782900000000000e+07 2.066287748799999952e+08
1.195428229000000060e+08 1.339444810000000000e+08 1.426940100000000000e+07 3.147879460000000149e+07
1.262055619660000205e+08 7.776543572999998927e+07 1.531430800000000000e+07 1.774972679654000103e+08
1.046774824500000030e+08 9.872784041500000656e+07 1.928706100000000000e+07 1.271587429999999935e+06
9.500109051199999452e+07 1.040024242545000017e+08 2.081697300000000000e+07 2.030419622309999913e+07
1.262153602960000038e+08 9.709057557299999893e+07 1.547017500000000000e+07 3.113145895600000024e+07
1.227534278400000036e+08 8.894994304999999702e+07 1.687296900000000000e+07 1.655929479999999981e+06
6.230978764000000060e+07 1.953702755000000000e+08 2.604462500000000000e+07 3.476450370000000298e+07
6.669289665999998897e+07 1.431056396860000193e+08 2.877888300000000000e+07 9.522712619999999879e+05
1.316370938199999928e+08 7.843099940000000596e+07 1.498462600000000000e+07 1.095545846899999976e+08
9.637140664000000060e+07 1.023179261396999955e+08 2.009848700000000000e+07 1.065802825199999958e+08
1.259940658799999952e+08 8.570796906000000238e+07 1.686237900000000000e+07 6.100346280000000261e+06
1.166434432460000068e+08 1.001287784000000060e+08 1.651409400000000000e+07 7.984247849000000395e+06
6.573965668300001323e+07 1.440177868199999928e+08 2.829969300000000000e+07 2.628019283100000117e+06
8.031068021900001168e+07 1.184945796825000048e+08 2.383489900000000000e+07 5.389978051619999856e+07
6.054542784000000358e+07 1.666672651999999881e+08 3.053096000000000000e+07 8.399163040000000969e+06
1.235926193499999791e+08 9.403469507899999619e+07 1.622002100000000000e+07 9.909016168999999762e+06
1.336268347699999958e+08 7.905254190000000596e+07 1.446418800000000000e+07 1.346061425999999940e+08
1.032420260999999940e+08 9.973671769499999285e+07 1.974150400000000000e+07 5.491624819999999600e+05
1.240515028180000037e+08 1.226211150000000000e+08 1.445770000000000000e+07 2.405944227840000018e+07
9.714679151000000536e+07 1.572515620000000000e+08 1.717776800000000000e+07 3.533984154999999702e+07
9.134478493000000715e+07 1.097987105259999931e+08 2.190450400000000000e+07 7.921507249999999767e+05
1.189747103869999945e+08 1.033843882999999970e+08 1.597721000000000000e+07 1.084947461600000039e+07
1.078405162999999970e+08 9.662660646899999678e+07 1.881472800000000000e+07 1.023848726000000024e+06
1.293241436200000048e+08 1.161610685999999940e+08 1.356188500000000000e+07 9.198338453000000119e+07
1.240623148199999928e+08 9.890043300000000000e+07 1.556347900000000000e+07 2.570168210000000149e+07
8.405044447999998927e+07 1.174184942730000019e+08 2.340352600000000000e+07 9.239102219999999506e+05
7.601539359899999201e+07 1.275909373299999982e+08 2.497643200000000000e+07 2.235675262699999847e+06
8.055986668000000715e+07 1.844282600000000000e+08 2.001111500000000000e+07 4.314760100000000000e+07
8.124012502670000494e+07 1.207088013739999980e+08 2.428496600000000000e+07 6.171453040000000037e+05
1.258864658639999926e+08 8.389910414300000668e+07 1.648242900000000000e+07 2.616779387099999934e+07
1.000580054599999934e+08 1.020533974870000035e+08 2.024492500000000000e+07 7.666380359999999637e+05
1.339707724148000032e+08 7.376073761236999929e+07 1.441132400000000000e+07 1.773604763054200113e+08
1.280651322099999934e+08 7.945763679999999702e+07 1.498432400000000000e+07 1.297053130000000000e+08
1.184661096599999964e+08 1.516305770000000000e+08 1.376713900000000000e+07 5.965233000000000000e+07
1.218557395400000066e+08 8.816128747999998927e+07 1.532974100000000000e+07 1.823786026500000060e+08
1.053586870600000024e+08 1.647243560000000000e+08 1.545613400000000000e+07 6.115253500000000000e+07
7.109581343000000715e+07 1.394910860000000000e+08 2.551263600000000000e+07 6.970917093000000343e+06
1.280183127939999998e+08 7.662583203190000355e+07 1.508599100000000000e+07 1.642734195685000122e+08
9.242192867000001669e+07 1.087900276350000054e+08 2.163276600000000000e+07 8.828561049999999814e+05
8.630155290399999917e+07 1.115571373385999948e+08 2.245843100000000000e+07 5.686052328075999767e+07
1.246965326909999847e+08 1.361107970000000000e+08 1.385069100000000000e+07 3.260616355900000036e+07
7.235206455209998786e+07 1.289281663985799998e+08 2.627771800000000000e+07 3.376723932137399912e+07
1.165349025900000036e+08 1.325362350000000000e+08 1.469680500000000000e+07 2.887513012999999896e+07
1.168018848900000006e+08 1.163760994000000060e+08 1.542487300000000000e+07 1.881595651099999994e+07
1.247658741800000072e+08 1.195664630000000000e+08 1.445209900000000000e+07 2.907388250000000000e+07
6.035421953000000119e+07 2.426332620900000036e+08 4.690510000000000000e+07 4.710459106999999844e+06
1.213238780400000066e+08 8.604999129999999702e+07 1.664296000000000000e+07 2.785574283999999985e+07
1.225903727699999958e+08 1.047838242999999970e+08 1.557600900000000000e+07 1.245294819999999925e+07
7.235724948999999464e+07 1.322333305199999958e+08 2.645840200000000000e+07 1.351093956999999937e+06
1.260027276979999840e+08 8.311664339000000060e+07 1.626209400000000000e+07 3.832595736900000274e+07
6.453667855799999833e+07 1.465750604499999881e+08 2.872700600000000000e+07 2.827170632999999914e+06
1.059574636899999976e+08 9.749834510600000620e+07 1.945502500000000000e+07 3.785362480000000214e+05
1.117960875400000066e+08 9.464574456999999285e+07 1.800343800000000000e+07 2.081164372999999905e+06
1.154259122000000030e+08 1.093176620999999940e+08 1.605014500000000000e+07 1.369394932499999925e+07
6.311422074000000209e+07 2.018201060000000000e+08 2.546816400000000000e+07 3.943063160000000149e+07
5.822282922999999672e+07 2.596004239000000060e+08 4.633741500000000000e+07 1.528984034999999963e+07
1.169154720900000036e+08 9.031040244499999285e+07 1.746280000000000000e+07 1.270772479999999981e+06
5.950524602000000328e+07 1.793317273000000119e+08 3.010875900000000000e+07 1.623613675000000000e+07
8.513600277899998426e+07 1.148957399408999979e+08 2.327835800000000000e+07 5.334620332200000063e+06
1.314927888789999783e+08 7.650542490100000799e+07 1.442505600000000000e+07 1.908255142720000148e+08
6.982610032999998331e+07 1.363169356699999869e+08 2.706370600000000000e+07 1.881312972999999998e+06
6.177812999000000209e+07 1.897215771999999881e+08 2.656478900000000000e+07 3.054998410000000149e+07
1.111769806400000006e+08 9.358204106800000370e+07 1.859133500000000000e+07 4.503970289999999804e+05
7.985345844699998200e+07 1.403757819000000060e+08 2.215991800000000000e+07 1.484881705000000075e+07
9.637394625000000000e+07 1.072216720600000024e+08 2.036678300000000000e+07 2.577956738499999512e+06
1.064491748299999982e+08 1.301320710999999940e+08 1.649149400000000000e+07 2.318816177000000328e+07
1.317644105400000215e+08 8.363273409000000358e+07 1.490961800000000000e+07 9.363185959999999404e+07
6.122680654999999702e+07 1.887361393000000119e+08 2.716821200000000000e+07 2.855901319999999925e+07
9.771434934999999404e+07 1.719045830000000000e+08 1.662515300000000000e+07 6.049847200000000000e+07
8.351088371299999952e+07 1.145781102742999941e+08 2.310293700000000000e+07 5.108295945995999873e+07
1.312974606700000167e+08 7.938070951000000536e+07 1.537030300000000000e+07 8.494308993999999762e+07
1.370499939420000017e+08 7.283283411699999869e+07 1.440922900000000000e+07 1.627613359359999895e+08
7.842078192999999225e+07 1.240452896229999959e+08 2.506772200000000000e+07 6.704265990000000456e+05
5.939808626000000536e+07 1.922120785000000000e+08 2.938806300000000000e+07 2.482711660000000149e+07
1.248486970000000000e+08 8.251958466400000453e+07 1.618052500000000000e+07 4.977790371000000089e+07
6.178227104000000656e+07 1.599936736399999857e+08 3.069613600000000000e+07 4.534827840000000782e+06
6.236277238000000268e+07 1.580155888000000119e+08 2.829951200000000000e+07 9.284030519999999553e+06
1.326434191599999964e+08 7.672871000000000000e+07 1.491844500000000000e+07 1.191718854300000072e+08
7.744674368999999762e+07 1.618817481999999881e+08 2.169257800000000000e+07 2.674848189000000060e+07
7.433764820000000298e+07 1.998568660000000000e+08 2.147298100000000000e+07 5.132317500000000000e+07
8.107850035599999130e+07 1.237531877500000000e+08 2.325185900000000000e+07 4.062064791999999899e+06
7.161408256000000238e+07 2.028016020000000000e+08 2.228410700000000000e+07 4.960648700000000000e+07
5.852192334000000358e+07 2.554201160999999940e+08 4.654020200000000000e+07 1.232776598000000045e+07
1.332283691350000054e+08 7.328586970199999213e+07 1.455861300000000000e+07 1.840368397066999972e+08
1.224306795919999927e+08 1.130411355999999940e+08 1.506472800000000000e+07 1.780142670930000022e+07
6.828208987999999523e+07 1.394878315929999948e+08 2.797223500000000000e+07 1.183738068000000203e+06
