1.147964086550000161e+08 1.004478849000000060e+08 1.679830900000000000e+07 7.480304188999999315e+06
9.891177356399999559e+07 1.004574560856000036e+08 1.962041300000000000e+07 7.900383518479999900e+07
1.223022006400000155e+08 9.597825600000000000e+07 1.624727700000000000e+07 6.484677120000000112e+06
1.248768002600000054e+08 9.254604179999999702e+07 1.624234800000000000e+07 1.088520440000000037e+07
5.796122104000000656e+07 2.702276786999999881e+08 4.578603000000000000e+07 2.263566819999999925e+07
9.389676473899999261e+07 1.078472192169999927e+08 2.168754500000000000e+07 3.301623959000000032e+05
1.165801915000000000e+08 9.163350293000000715e+07 1.746558100000000000e+07 1.343632161000000080e+06
1.256804020100000054e+08 8.584747204999999702e+07 1.679703700000000000e+07 8.183575769999999553e+06
1.003652935590000004e+08 9.957895100800000131e+07 1.923353700000000000e+07 1.197362153680000007e+08
1.117184569200000018e+08 1.255147200999999940e+08 1.549550000000000000e+07 6.086683534000000358e+07
1.245305924686000049e+08 1.249427540000000000e+08 1.435846000000000000e+07 2.510922250305999815e+07
1.242589203900000155e+08 8.477766698199999332e+07 1.684381800000000000e+07 1.412476210439999960e+07
1.374135763400000036e+08 7.953750034000000358e+07 1.369991800000000000e+07 1.838246645399999917e+08
1.113744365659999996e+08 9.360086059700000286e+07 1.865794700000000000e+07 3.027711599000000278e+05
1.226980091330000162e+08 1.135430170000000000e+08 1.502488600000000000e+07 1.803240508289999887e+07
1.332601557520000041e+08 7.327210558639998734e+07 1.455573800000000000e+07 1.840693446170000136e+08
1.102222479699999988e+08 9.644901568000000715e+07 1.826437500000000000e+07 1.834186044999999925e+06
1.326477640409999937e+08 7.539960348999999464e+07 1.436594600000000000e+07 1.869922811789999902e+08
1.185733692249999940e+08 8.715556112399999797e+07 1.740787500000000000e+07 8.110896615000000224e+06
1.243475699000000060e+08 1.369009200000000000e+08 1.383878100000000000e+07 3.309136322100000083e+07
9.105108118000000715e+07 1.370193215800000131e+08 1.915220100000000000e+07 5.981990282000000030e+07
1.253941306260000020e+08 8.325998818500000238e+07 1.632128200000000000e+07 3.700342686599999666e+07
8.857987156000000238e+07 1.671304020000000000e+08 1.853206500000000000e+07 4.840755239999999851e+07
9.051642331000000238e+07 1.797811820000000000e+08 1.785339300000000000e+07 6.007245500000000000e+07
1.155557130289999992e+08 8.590139685899999738e+07 1.678384100000000000e+07 1.613386565550999939e+08
1.019329186099999994e+08 1.195132760999999940e+08 1.802587800000000000e+07 1.362919067899999954e+07
1.242831692800000012e+08 1.362803550000000000e+08 1.371860800000000000e+07 4.106286939999999851e+07
6.060632222000000626e+07 1.662110238000000119e+08 3.054521300000000000e+07 8.130140049999999814e+06
8.102655476999998093e+07 1.214654113830000013e+08 2.463596800000000000e+07 3.589478099999999977e+05
1.284500313100000024e+08 1.184241542999999970e+08 1.348552200000000000e+07 9.933760179999999702e+07
7.788814134000000358e+07 1.674353648000000119e+08 2.124803300000000000e+07 3.587724320000000298e+07
1.210238644399999976e+08 9.066105434999999404e+07 1.683840500000000000e+07 2.647657410000000149e+06
1.322840929500000030e+08 7.761363770000000298e+07 1.506922800000000000e+07 1.068214779000000060e+08
1.304042944750000238e+08 7.977899728000000119e+07 1.551449800000000000e+07 7.770176626999999583e+07
7.499297347000001371e+07 1.391024008000000119e+08 2.396965000000000000e+07 9.804992609999999404e+06
1.225151937500000447e+08 1.431443050000000000e+08 1.374410700000000000e+07 3.891354700000000000e+07
1.169760291599999964e+08 1.009814057900000066e+08 1.625893300000000000e+07 1.697378203000000119e+07
1.333653123199999928e+08 8.227570879999999702e+07 1.380507200000000000e+07 2.046614735800000131e+08
9.707961751000000536e+07 1.725866460000000000e+08 1.672838300000000000e+07 6.045026500000000000e+07
7.789488951100000739e+07 1.211191897278800011e+08 2.465690000000000000e+07 3.619672085603000224e+07
9.109151662999999523e+07 1.100833986909999996e+08 2.183596700000000000e+07 1.025278177000000025e+06
1.209016611599999815e+08 1.283121350000000000e+08 1.439874000000000000e+07 2.728739238399999961e+07
1.264647585799999833e+08 1.082064023199999928e+08 1.446717200000000000e+07 5.464673946999999881e+07
7.286762091769999266e+07 1.281395167660000026e+08 2.610130800000000000e+07 3.580716241025000066e+07
9.361519664000000060e+07 1.463686305999999940e+08 1.832279700000000000e+07 2.673592498999999836e+07
9.613058170000000298e+07 1.054426357119999975e+08 2.107645400000000000e+07 5.556687419999999693e+05
1.198552213379999995e+08 1.038127237000000030e+08 1.585929200000000000e+07 1.131538999420000054e+07
1.235929092400000244e+08 1.265643387999999970e+08 1.362430100000000000e+07 1.095602502999999970e+08
6.357252472999999672e+07 2.053807690000000000e+08 2.519513900000000000e+07 4.202182389999999851e+07
1.062364008599999994e+08 9.728628639699999988e+07 1.941009600000000000e+07 3.782580100000000093e+05
6.478339675400001556e+07 1.459956385900000036e+08 2.873904600000000000e+07 2.500648519199999981e+06
1.242570774171999991e+08 1.050918570627000034e+08 1.494392600000000000e+07 4.132669809030000120e+07
1.210959382900000364e+08 1.437262980000000000e+08 1.386082000000000000e+07 3.711520885000000149e+07
8.292258188999998569e+07 1.223136425600000024e+08 2.272092300000000000e+07 4.722759162999999709e+06
6.176555960999999940e+07 1.716440081999999881e+08 2.750600900000000000e+07 1.811880183999999985e+07
8.424356999999998510e+07 1.172241614800000042e+08 2.315015600000000000e+07 1.485255242000000086e+06
6.798678657099999487e+07 1.396721942500000000e+08 2.749800500000000000e+07 2.473637346800000407e+06
9.905237756000000238e+07 1.030091853009999990e+08 2.058050800000000000e+07 4.518472619999999879e+05
1.060362987999999970e+08 1.163147495000000000e+08 1.739700600000000000e+07 1.352193289000000060e+07
1.352106414099999964e+08 7.806152429999999702e+07 1.423726400000000000e+07 1.506383995999999940e+08
1.210201721670000404e+08 8.731600433900000155e+07 1.732721100000000000e+07 3.086081971999999951e+05
5.936887185999999940e+07 1.916897400999999940e+08 2.945599500000000000e+07 2.443574400000000000e+07
6.264225169000000507e+07 1.974540800000000000e+08 2.578931400000000000e+07 3.682058639999999851e+07
8.148857188000001013e+07 1.854394450000000000e+08 1.976349300000000000e+07 4.437186829999999702e+07
1.357875452000000179e+08 7.270625718799999356e+07 1.444031700000000000e+07 1.698048838409999907e+08
1.107155050699999928e+08 1.308004780999999940e+08 1.569791300000000000e+07 2.556454262000000104e+07
5.985542185999999940e+07 1.983903798000000119e+08 2.869231100000000000e+07 2.945177650000000000e+07
8.122628563699997962e+07 1.355908095699999928e+08 2.197981200000000000e+07 3.102171371200000122e+07
1.129030005799999982e+08 1.531781600000000000e+08 1.449282300000000000e+07 5.716163300000000000e+07
1.026467656099999994e+08 1.671640760000000000e+08 1.585608100000000000e+07 6.117302800000000000e+07
1.104654095699999928e+08 1.603316450000000000e+08 1.474162100000000000e+07 6.094743900000000000e+07
1.221518533699999601e+08 1.068250792000000030e+08 1.547398500000000000e+07 1.361701019999999925e+07
9.189694737000000477e+07 1.188093314500000030e+08 2.030063600000000000e+07 1.233061043999999948e+07
1.274565270370000452e+08 7.883414528700000048e+07 1.493466800000000000e+07 1.798107246240000129e+08
1.184199537999999970e+08 9.335855056000000238e+07 1.686831600000000000e+07 3.782997490000000224e+06
1.184744164599999934e+08 1.206526865999999940e+08 1.496397700000000000e+07 2.345210250000000000e+07
1.142784472099999934e+08 9.163423342399999499e+07 1.791720800000000000e+07 9.826942330000000075e+05
1.263374419300000072e+08 8.360811920000000298e+07 1.564962200000000000e+07 6.786941340000000596e+07
7.283137279000000656e+07 1.316983085259999931e+08 2.648519400000000000e+07 1.016962111000000034e+06
8.770531155999998748e+07 1.139581738739999980e+08 2.279445300000000000e+07 4.962671959999999963e+05
8.978022264999999106e+07 1.126045864749999940e+08 2.211780800000000000e+07 8.739748140000000130e+05
1.185281620300000161e+08 8.867176243799999356e+07 1.748091400000000000e+07 5.291207859999999637e+05
1.254822678199999928e+08 1.198404100000000000e+08 1.439614700000000000e+07 3.009011600000000000e+07
1.018178152500000000e+08 1.008027411139999926e+08 1.982903600000000000e+07 9.799783869999999879e+05
1.076972549800000042e+08 1.361633498000000119e+08 1.571631600000000000e+07 9.876012490999999642e+07
1.219371775719999969e+08 1.117999836599999964e+08 1.460273200000000000e+07 5.703449388799999654e+07
1.160709815100000054e+08 1.381211120000000000e+08 1.455374200000000000e+07 3.240801480999999866e+07
1.175762855799999982e+08 1.539589750000000000e+08 1.385540900000000000e+07 5.685322900000000000e+07
1.290940220499999970e+08 8.273095800000000000e+07 1.564663800000000000e+07 6.197384079999999702e+07
6.056682178999999911e+07 2.418002555399999917e+08 4.692186500000000000e+07 4.241861184000000358e+06
1.180345266099999994e+08 1.366150810000000000e+08 1.438172400000000000e+07 3.132073242000000179e+07
7.504877531000000238e+07 1.282336614469999969e+08 2.568844700000000000e+07 1.262083191000000108e+06
1.155486224899999946e+08 1.561948180000000000e+08 1.409080900000000000e+07 6.064918000000000000e+07
1.098015269000000060e+08 1.138184450999999940e+08 1.682946000000000000e+07 1.362271704099999927e+07
6.199615663999999315e+07 1.591957256600000262e+08 3.071341800000000000e+07 4.081815027999999933e+06
7.665335247000001371e+07 1.270573842900000066e+08 2.470400900000000000e+07 2.567041260699999984e+06
1.191137928700000048e+08 1.126757812000000030e+08 1.505158100000000000e+07 4.004484345000000298e+07
9.373584571999999881e+07 1.761211650000000000e+08 1.728682300000000000e+07 6.018865500000000000e+07
7.455436345000000298e+07 1.304439790499999970e+08 2.509717000000000000e+07 3.481484396000000183e+06
1.168103490900000036e+08 9.688244470000000298e+07 1.683456100000000000e+07 5.188628533400000073e+06
8.609660059899999201e+07 1.852812470000000000e+08 1.868342800000000000e+07 5.928937500000000000e+07
1.240430583100000024e+08 1.034435945999999940e+08 1.560536400000000000e+07 1.155722190000000037e+07
8.326913452000001073e+07 1.885936880000000000e+08 1.925732100000000000e+07 5.820299300000000000e+07
1.270264947800000012e+08 8.321561184999999404e+07 1.625225300000000000e+07 3.605801842999999970e+07
1.191954865700000226e+08 1.209121169000000060e+08 1.439940600000000000e+07 7.877816875000000000e+07
1.307934811700000018e+08 7.653833367000000179e+07 1.506933100000000000e+07 1.218588052460000068e+08
9.594103446099999547e+07 1.097200935799999982e+08 2.016816400000000000e+07 4.202479492999999784e+06
1.198271875840000063e+08 1.142912305999999940e+08 1.520232400000000000e+07 1.814006225700000301e+07
1.356500928200000226e+08 7.842484962000000477e+07 1.382053500000000000e+07 1.981168591399999857e+08
8.065630071599999070e+07 1.275132431599999964e+08 2.296675400000000000e+07 6.516581059999999590e+06
1.071941694800000191e+08 9.655920176299999654e+07 1.906091000000000000e+07 6.893069350000000559e+05
1.190498721600000411e+08 1.534107460000000000e+08 1.368748100000000000e+07 6.112644200000000000e+07
1.235024867849999964e+08 8.224740971400000155e+07 1.623708600000000000e+07 5.771166541399999708e+07
1.307139883100000024e+08 8.187911007999999821e+07 1.416787100000000000e+07 1.954350112299999893e+08
7.537802047999998927e+07 1.634706051999999881e+08 2.225931300000000000e+07 2.633667653000000119e+07
1.318427170869999975e+08 7.689404806900000572e+07 1.511909600000000000e+07 1.105218683449999988e+08
7.826136241999998689e+07 1.921241310000000000e+08 2.046125700000000000e+07 4.639756529999999702e+07
1.369911941099999845e+08 8.091757753000000119e+07 1.386504100000000000e+07 1.621163439199999869e+08
1.269824324599999934e+08 1.030610941899999976e+08 1.483649800000000000e+07 4.608694339999999851e+07
1.180459768400000036e+08 1.094257174000000060e+08 1.568331100000000000e+07 1.451848753399999999e+07
1.332007746469999999e+08 7.881442628999999166e+07 1.408426200000000000e+07 1.794145076750000119e+08
8.776708927399998903e+07 1.156631531700000018e+08 2.191689000000000000e+07 3.238237348999999929e+06
7.890974903999999166e+07 1.234939943139999956e+08 2.465111200000000000e+07 9.849943930000000400e+05
6.223769104999999702e+07 1.561092364699999988e+08 2.924156900000000000e+07 8.971455773000000045e+06
1.047959136930000037e+08 1.072373249000000060e+08 1.827015300000000000e+07 7.319417692999999039e+06
8.278205906100000441e+07 1.187631295910000056e+08 2.391085700000000000e+07 6.733515460000000894e+05
1.035423401650000066e+08 9.493375073330000043e+07 1.890439300000000000e+07 1.315496865691999942e+08
6.985629531999999285e+07 2.048590410000000000e+08 2.284196500000000000e+07 4.899352320000000298e+07
1.260619918530000150e+08 8.328790987899999321e+07 1.637588700000000000e+07 3.271282737390000001e+07
7.532506110800001025e+07 1.245292377239399999e+08 2.538649800000000000e+07 3.496247598425000161e+07
7.092979571999999881e+07 1.348430116960000098e+08 2.711217700000000000e+07 1.022934263000000035e+06
8.521825519900000095e+07 1.147121088772999942e+08 2.326290900000000000e+07 5.747204833699999377e+06
5.823160131000000238e+07 2.597821805999999940e+08 4.634478900000000000e+07 1.517933698000000045e+07
1.147925883400000036e+08 8.913598470000000298e+07 1.731908800000000000e+07 3.806578049000000209e+07
7.253975656999999285e+07 1.353666646600000262e+08 2.547604600000000000e+07 4.469420075999999419e+06
6.484556171999999136e+07 1.983112100000000000e+08 2.480349800000000000e+07 3.916240729999999702e+07
6.686430972000000626e+07 1.429384991610000134e+08 2.877890500000000000e+07 8.685504250000000466e+05
1.373263675100000203e+08 7.288192659000000358e+07 1.435607400000000000e+07 1.647383209269999862e+08
1.134538630199999958e+08 1.306141942000000030e+08 1.492342200000000000e+07 9.871186321999999881e+07
1.131826189229999930e+08 8.697610689100000262e+07 1.729016700000000000e+07 1.607199974242999852e+08
1.165644686099999994e+08 8.990357169400000572e+07 1.780863000000000000e+07 4.254914400000000023e+05
