1.258299261199999601e+08 1.106157180600000024e+08 1.433627600000000000e+07 5.854598260999999940e+07
1.246783737719999999e+08 1.359970390000000000e+08 1.385509800000000000e+07 3.253533847199999914e+07
1.308686351800000221e+08 7.890642850000000000e+07 1.505333000000000000e+07 1.058017941500000060e+08
1.207562586350000054e+08 8.744395089699999988e+07 1.735844200000000000e+07 2.969684859000000288e+05
1.368371398900000453e+08 8.228034709999999404e+07 1.379365500000000000e+07 1.634768645900000036e+08
1.294926715090000033e+08 7.958359175000000000e+07 1.552502100000000000e+07 8.022862060799999535e+07
1.104741325799999982e+08 9.404607853000000119e+07 1.862729500000000000e+07 5.978786180000000168e+05
1.003924196700000018e+08 1.170881044000000060e+08 1.847354600000000000e+07 1.169756398000000045e+07
9.761212465000000596e+07 1.055045767699999958e+08 2.025835500000000000e+07 2.028292672999999952e+06
1.313696405569999963e+08 8.259561145099999011e+07 1.502016500000000000e+07 9.144897826199999452e+07
1.114335885799999982e+08 1.485433280000000000e+08 1.493573300000000000e+07 3.743867300000000000e+07
9.860718529999999702e+07 1.432898270000000000e+08 1.742062000000000000e+07 2.733786078999999911e+07
1.237819644580000043e+08 1.226493630000000000e+08 1.446566900000000000e+07 2.411750577189999819e+07
1.064998253799999952e+08 9.740722207700000703e+07 1.910515400000000000e+07 7.813372169999999460e+05
9.124698359999999404e+07 1.099071039210000038e+08 2.197329000000000000e+07 7.195546640000001062e+05
1.186270277300000042e+08 1.213573622999999970e+08 1.498295600000000000e+07 2.185660285900000110e+07
1.228885003199999928e+08 1.261691287999999970e+08 1.369721800000000000e+07 1.083566545600000024e+08
1.251638615000000000e+08 8.557683051999999583e+07 1.683532100000000000e+07 8.509981219999998808e+06
1.316377708199999928e+08 8.156123928000000119e+07 1.405132000000000000e+07 1.994820316999999881e+08
1.259570414699999988e+08 1.251032112000000030e+08 1.347997500000000000e+07 1.083629969000000060e+08
1.144556684319999963e+08 8.599141298770000041e+07 1.710564600000000000e+07 1.701907796653000116e+08
1.116543357370000184e+08 9.717986837000000477e+07 1.772929400000000000e+07 3.778158156700000167e+06
1.373239832700000107e+08 7.802896936999998987e+07 1.379445700000000000e+07 1.828962238700000048e+08
5.796122104000000656e+07 2.702276786999999881e+08 4.578603000000000000e+07 2.263566819999999925e+07
1.358604848499999940e+08 7.912232800000000000e+07 1.422709000000000000e+07 1.447355004600000083e+08
7.723903578800000250e+07 1.219524900976199955e+08 2.484106800000000000e+07 3.584678382925999910e+07
1.146677281599999964e+08 1.568945440000000000e+08 1.419969300000000000e+07 6.072055600000000000e+07
1.230168759000000060e+08 1.041476125999999940e+08 1.560152100000000000e+07 1.195043500000000000e+07
1.210941759800000191e+08 9.765015990000000596e+07 1.620689500000000000e+07 7.461056620000000112e+06
1.035635602953000069e+08 1.018712614399999976e+08 1.920048300000000000e+07 2.291327164930000436e+06
1.346871825900000036e+08 7.713843740000000596e+07 1.431788900000000000e+07 1.512490950000000000e+08
1.169600243400000036e+08 1.324256950000000000e+08 1.464304200000000000e+07 2.894529332000000030e+07
1.256515067800000012e+08 1.223078330000000000e+08 1.424399100000000000e+07 3.279212910000000149e+07
9.692159659999999404e+07 1.048480721060000062e+08 2.079044800000000000e+07 7.204985009999999311e+05
6.475039308200000226e+07 1.466163952500000000e+08 2.873752800000000000e+07 2.542392487100000028e+06
1.291808126800000072e+08 8.174730190000000596e+07 1.541198300000000000e+07 7.772800679999999702e+07
1.292712084389999956e+08 7.548022492419999838e+07 1.500279800000000000e+07 1.841739572930000126e+08
1.231751212200000435e+08 1.122335680999999940e+08 1.507031300000000000e+07 1.731551960000000149e+07
1.034461306400000155e+08 9.940390905599999428e+07 1.984221500000000000e+07 4.210157409999999800e+05
1.171839757900000215e+08 1.461953180000000000e+08 1.420221800000000000e+07 3.697704815999999642e+07
7.494792875000000000e+07 1.921830700000000000e+08 2.137572200000000000e+07 4.424167420000000298e+07
9.202024736100001633e+07 1.069510359930000007e+08 2.154387900000000000e+07 1.324357726978999935e+07
1.275776655600000024e+08 1.154477972999999970e+08 1.379915900000000000e+07 7.884477176999999583e+07
6.058617940000000596e+07 2.417290038300000131e+08 4.692325700000000000e+07 4.201927991999999620e+06
1.242708328100000024e+08 1.116551847000000030e+08 1.505609100000000000e+07 1.707956760000000149e+07
1.198260994300000072e+08 9.293272071999999881e+07 1.673511100000000000e+07 3.923345100000000093e+06
1.102249275370000154e+08 8.929340911920000613e+07 1.778591800000000000e+07 1.479107848648000062e+08
1.222509418299999982e+08 1.364077980000000000e+08 1.381493900000000000e+07 4.399009800000000000e+07
1.232419249299999774e+08 1.387575900000000000e+08 1.386232400000000000e+07 3.365369563100000471e+07
1.270107803300000429e+08 8.366692400000000000e+07 1.642739700000000000e+07 2.731936000000000000e+07
1.178643145999999940e+08 1.164505734000000060e+08 1.528799800000000000e+07 1.910209114499999955e+07
9.288351595000000298e+07 1.089253401930000037e+08 2.148517300000000000e+07 8.517614510000000009e+05
8.325383120900000632e+07 1.183315474370000064e+08 2.381649200000000000e+07 5.988579590000000317e+05
7.867474454699999094e+07 1.258106905100000054e+08 2.407404000000000000e+07 2.941460566999999806e+06
8.116374228999999166e+07 1.913882430000000000e+08 1.971752200000000000e+07 5.639749300000000000e+07
8.339267150699999928e+07 1.207041460100000054e+08 2.290397800000000000e+07 3.053763697000000160e+06
1.276636446599999964e+08 1.049220477399999946e+08 1.456312700000000000e+07 5.540261421000000089e+07
6.433349922999998927e+07 1.974234570000000000e+08 2.502308200000000000e+07 3.913152010000000149e+07
1.170266671700000018e+08 9.039448467000000179e+07 1.742336300000000000e+07 1.383642629000000190e+06
1.208194965799999982e+08 1.081405150000000000e+08 1.493269700000000000e+07 5.356926500000000000e+07
1.196878710530000031e+08 1.089097220999999940e+08 1.553914500000000000e+07 1.462727510139999911e+07
1.000953872399999946e+08 1.026497153199999928e+08 1.995192600000000000e+07 1.595718473999999929e+06
1.335107551379999965e+08 7.316527127799999714e+07 1.453561500000000000e+07 1.838834485993799865e+08
5.931797437000000477e+07 1.904960285000000000e+08 2.962615700000000000e+07 2.354029069999999925e+07
1.231710096299999952e+08 9.003065417999999225e+07 1.671703600000000000e+07 2.598738979999999981e+06
7.463662951999999583e+07 1.290891073850000054e+08 2.601527400000000000e+07 8.789439259999999776e+05
1.255575305799999982e+08 7.984540120000000298e+07 1.548889400000000000e+07 1.092551975900000036e+08
7.470080746349999309e+07 1.254210872908699960e+08 2.555392900000000000e+07 3.586979531483999640e+07
9.121706506000000238e+07 1.345090098400000036e+08 1.925454600000000000e+07 5.669519913199999928e+07
9.542014700000000000e+07 1.060374967939999998e+08 2.106707900000000000e+07 8.131131920000000391e+05
1.207197106599999666e+08 1.438781200000000000e+08 1.382196900000000000e+07 4.043646560000000149e+07
5.824406207999999821e+07 2.595562619000000060e+08 4.635476700000000000e+07 1.502903248999999836e+07
5.957008437000000477e+07 1.948069806999999881e+08 2.907888000000000000e+07 2.677294530000000075e+07
9.120744801999999583e+07 1.628349030000000000e+08 1.819460100000000000e+07 3.578527236999999732e+07
6.230041784700000286e+07 1.582123982699999809e+08 3.073367800000000000e+07 3.525929737000000197e+06
7.619183500999999046e+07 1.289120266800000072e+08 2.451696200000000000e+07 4.054683098999999929e+06
1.250070915550000072e+08 8.323608021999999881e+07 1.647150300000000000e+07 3.323387148710000142e+07
1.205658562800000012e+08 1.329286500000000000e+08 1.426567400000000000e+07 2.961341785200000182e+07
1.371630486350000203e+08 7.288662625300000608e+07 1.441656400000000000e+07 1.614781716829999983e+08
9.268386454000000656e+07 1.050406007718999982e+08 2.100146200000000000e+07 9.144841891490000486e+07
8.747076690099999309e+07 1.103286754834000021e+08 2.217989600000000000e+07 6.291338916475000232e+07
8.438854553000001609e+07 1.392514834000000060e+08 2.089929500000000000e+07 1.735445108999999985e+07
1.200782575999999940e+08 1.185742270999999940e+08 1.494744600000000000e+07 2.083928002700000256e+07
1.366904117700000107e+08 7.452353190000000596e+07 1.438902200000000000e+07 1.535512253700000048e+08
7.299099359999999404e+07 1.313213128299999982e+08 2.603403100000000000e+07 1.867057780999999959e+06
9.207800075000000000e+07 1.197072285999999940e+08 2.023405500000000000e+07 9.154848509999999776e+06
1.228044760400000066e+08 8.138705926899999380e+07 1.616640700000000000e+07 8.111757740099999309e+07
1.211439516380000412e+08 8.508637052099999785e+07 1.678448300000000000e+07 2.685010982600000128e+07
7.810407466199998558e+07 1.208567604258700013e+08 2.459251700000000000e+07 3.648213343828999996e+07
7.919371047599999607e+07 1.385837167800000012e+08 2.240965600000000000e+07 2.904193672500000149e+07
6.031755284000000358e+07 1.690653979000000060e+08 3.048161200000000000e+07 9.501683080000000075e+06
7.075157962000000477e+07 1.348548135300000012e+08 2.686844800000000000e+07 1.586227844999999972e+06
1.062908640310000032e+08 9.277680301850000024e+07 1.836914800000000000e+07 1.385091047455999851e+08
8.944674676000000536e+07 1.121628651130000055e+08 2.229644100000000000e+07 6.624114939999999478e+05
1.069088644399999976e+08 1.017202497399999946e+08 1.830594900000000000e+07 4.622327149999999441e+06
8.242967007299998403e+07 1.157596006712999940e+08 2.343272600000000000e+07 4.153506066470000148e+07
6.825013694499999285e+07 1.392786396699999869e+08 2.733397100000000000e+07 2.692820967999999877e+06
7.449775100499998033e+07 1.296780212500000000e+08 2.546611000000000000e+07 2.081095098500000080e+06
7.145457451000000536e+07 2.006834400000000000e+08 2.234792800000000000e+07 4.639379689999999851e+07
7.804577583000001311e+07 1.905436460000000000e+08 2.053749200000000000e+07 4.532695610000000149e+07
7.174731937999999523e+07 1.360968849200000167e+08 2.578856700000000000e+07 4.134492149000000209e+06
1.147746957999999970e+08 1.297458750000000000e+08 1.510853100000000000e+07 2.599662467999999970e+07
1.171408313509999961e+08 9.733751370000000298e+07 1.667603300000000000e+07 6.172574786600000225e+06
6.465831057000000030e+07 2.113485690000000000e+08 2.469113000000000000e+07 4.655367570000000298e+07
1.338383143199999928e+08 7.327938775000000000e+07 1.456704000000000000e+07 1.710987301019999981e+08
1.169411033739999980e+08 1.072600560999999940e+08 1.595938400000000000e+07 1.282704376999999955e+07
8.070233100200000405e+07 1.240190456899999976e+08 2.336177000000000000e+07 3.956361720000000205e+06
1.184916867800000012e+08 8.719458345999999344e+07 1.734902900000000000e+07 9.370219457000000402e+06
8.740035139000000060e+07 1.136921559520000070e+08 2.269595500000000000e+07 9.077232419999999693e+05
1.013457710400000066e+08 1.017099064379999936e+08 1.982265100000000000e+07 1.158161203999999911e+06
1.187304317650000006e+08 1.027296070999999940e+08 1.605248600000000000e+07 1.030019548100000061e+07
1.317375421330000013e+08 7.664394815899999440e+07 1.505411500000000000e+07 1.159486773090000004e+08
1.146167298599999994e+08 9.052147286300000548e+07 1.773595300000000000e+07 8.093302297000000253e+06
1.001659196650000066e+08 1.051868432300000042e+08 1.954432400000000000e+07 3.591657695999999996e+06
8.111389581000000238e+07 1.205441957989999950e+08 2.418839700000000000e+07 9.184100470000000205e+05
1.033585198599999994e+08 1.485820060000000000e+08 1.629164800000000000e+07 3.328887362999999896e+07
6.170929300000000000e+07 1.883387281999999881e+08 2.664459400000000000e+07 2.992033310000000149e+07
6.652745641999998689e+07 1.432765152969999909e+08 2.877857400000000000e+07 1.038461783999999985e+06
9.078594816099999845e+07 1.148487392900000066e+08 2.104159700000000000e+07 4.829380916999999434e+06
9.049729404799999297e+07 1.074598209772000015e+08 2.139519700000000000e+07 8.444503293989999592e+07
6.030121529800000042e+07 1.973202900999999940e+08 2.816592400000000000e+07 3.025880460000000149e+07
1.015185484599999934e+08 1.391080574000000060e+08 1.695620900000000000e+07 2.995688580000000075e+07
6.261071521100000292e+07 1.573420317699999809e+08 3.075179200000000000e+07 3.034120706999999471e+06
1.347526384200000167e+08 7.284537862000000477e+07 1.444644400000000000e+07 1.773008040419999957e+08
1.236423332740000039e+08 7.922904194830000401e+07 1.578594000000000000e+07 1.878644291468999982e+08
8.840884335999999940e+07 1.762201050000000000e+08 1.842419400000000000e+07 4.255193910000000149e+07
9.870631285999999940e+07 1.618840240000000000e+08 1.675591500000000000e+07 3.892457428999999911e+07
7.583010941999998689e+07 1.513066616999999881e+08 2.272517700000000000e+07 2.004709887999999896e+07
1.144092628599999994e+08 9.146807562700000405e+07 1.795280700000000000e+07 7.611266029999998864e+05
1.382323579200000167e+08 7.922954762999999523e+07 1.374910000000000000e+07 1.761530386100000143e+08
1.033948754500000030e+08 9.772476573100000620e+07 1.963484800000000000e+07 8.040960286999999546e+06
1.131219074099999964e+08 1.431943750000000000e+08 1.477892200000000000e+07 3.849675220000000298e+07
5.841012837000000477e+07 2.569109495000000000e+08 4.647899100000000000e+07 1.328889330000000075e+07
9.276893042000000179e+07 1.772721360000000000e+08 1.745384000000000000e+07 6.006982600000000000e+07
1.153499883910000026e+08 9.968919570000000298e+07 1.677002400000000000e+07 7.070452941000000574e+06
6.134412141000001132e+07 1.757030828000000119e+08 2.751133700000000000e+07 2.091251172000000253e+07
1.045275475000000000e+08 1.417770300000000000e+08 1.627616000000000000e+07 3.357691460000000149e+07
1.229870064899999946e+08 1.249422860000000000e+08 1.436772700000000000e+07 2.685000310000000149e+07
8.541214966530001163e+07 1.166437357699999958e+08 2.270901400000000000e+07 1.948942063929999946e+06
6.617542435000000149e+07 2.101442030000000000e+08 2.411067300000000000e+07 4.756573270000000298e+07
8.367302371999999881e+07 1.147695751299999952e+08 2.329129100000000000e+07 2.020846964400000125e+07
1.260886715059999973e+08 8.270620450040000677e+07 1.627093700000000000e+07 3.987005929209999740e+07
