1.185761352699999958e+08 9.297361334999999404e+07 1.687838000000000000e+07 3.667217229999999981e+06
1.242815019249999970e+08 1.065017623359999955e+08 1.484605300000000000e+07 4.301065945000000298e+07
1.339614188000000417e+08 7.593802559999999404e+07 1.428010000000000000e+07 1.691562205000000000e+08
1.218024332800000161e+08 9.609639109999999404e+07 1.627347400000000000e+07 6.547824679999999702e+06
1.239413955230000019e+08 8.546002939000000060e+07 1.687494400000000000e+07 1.017106642400000058e+07
1.322103756200000048e+08 7.941464500000000000e+07 1.490928600000000000e+07 1.079769930000000000e+08
1.201162690919999927e+08 1.071419412999999970e+08 1.561195500000000000e+07 1.357066196600000001e+07
1.079523862140000015e+08 9.607565337999999523e+07 1.917650600000000000e+07 3.219096974000000046e+05
1.325295134549999982e+08 7.684851345100000501e+07 1.502880200000000000e+07 1.126871985750000030e+08
1.022896488299999982e+08 1.005747475380000025e+08 1.976174100000000000e+07 8.790669619999999413e+05
6.930350148000000417e+07 1.643055090000000000e+08 2.442258800000000000e+07 2.163968937000000104e+07
1.270245400400000066e+08 1.044768910600000024e+08 1.463961000000000000e+07 5.346537470000000298e+07
1.230843971800000072e+08 8.900531484999999404e+07 1.683295000000000000e+07 1.823287189999999944e+06
9.334448373999999464e+07 1.080340305579999983e+08 2.164772600000000000e+07 5.195540270000000019e+05
1.347237133000000119e+08 7.286281517000000179e+07 1.445779600000000000e+07 1.762241559180000126e+08
8.707165759000000358e+07 1.472706575999999940e+08 1.975949600000000000e+07 2.407603528000000119e+07
1.054975759800000042e+08 1.316891507500000000e+08 1.629117300000000000e+07 8.619783104999999702e+07
1.254545972629999816e+08 8.393085761300000548e+07 1.650073000000000000e+07 2.631333271200000122e+07
1.230101425366999954e+08 1.142774030000000000e+08 1.495826300000000000e+07 1.862238617432999983e+07
1.229021590699999928e+08 1.035672207000000030e+08 1.564638600000000000e+07 1.157362519999999925e+07
5.796122104000000656e+07 2.702276786999999881e+08 4.578603000000000000e+07 2.263566819999999925e+07
7.293605706999999285e+07 1.318194102769999951e+08 2.659836100000000000e+07 7.949750829999999842e+05
1.147206877199999988e+08 1.568511750000000000e+08 1.419309800000000000e+07 6.071048400000000000e+07
1.263963238799999952e+08 1.292947510000000000e+08 1.382747500000000000e+07 4.135813500000000000e+07
1.123037193499999940e+08 9.403009548999999464e+07 1.797794300000000000e+07 1.802860141000000061e+06
9.146885770000001788e+07 1.097537795300000012e+08 2.199269000000000000e+07 5.978786180000000168e+05
1.207457996700000018e+08 1.479543280000000000e+08 1.375310000000000000e+07 4.367583120000000298e+07
1.243779117953000069e+08 1.234865450000000000e+08 1.439986400000000000e+07 2.465292296493000165e+07
7.730576184999999404e+07 1.269317194229999930e+08 2.537655500000000000e+07 5.694213139999998966e+05
5.944050253999999911e+07 1.928700589000000060e+08 2.930031300000000000e+07 2.532785160000000149e+07
6.883925940000000596e+07 1.393227997360000014e+08 2.813073700000000000e+07 7.011255920000000624e+05
7.575052024000000954e+07 1.299242255699999928e+08 2.456968900000000000e+07 4.368531332999999635e+06
1.336075923700000197e+08 8.255519779999999702e+07 1.430622800000000000e+07 1.319600285900000036e+08
1.244325895000000000e+08 1.004164020000000000e+08 1.557971900000000000e+07 1.977959096000000089e+07
1.366821620499999821e+08 8.214801050000000000e+07 1.386389200000000000e+07 1.584076695500000119e+08
6.059883460999999940e+07 2.416828704100000262e+08 4.692414600000000000e+07 4.176106722000000067e+06
1.357715754899999797e+08 8.351562650000000000e+07 1.357831500000000000e+07 1.936519094199999869e+08
1.368285402969999909e+08 7.282370148999999464e+07 1.441212300000000000e+07 1.635217698470000029e+08
7.863458313700000942e+07 1.261582499200000018e+08 2.402615200000000000e+07 3.204081671999999788e+06
8.796775000999999046e+07 1.351616345999999940e+08 2.020876100000000000e+07 1.677161950999999978e+07
1.286133055799999982e+08 1.182635130000000000e+08 1.356574300000000000e+07 8.827616409999999404e+07
1.294662959009999931e+08 7.951366624600000679e+07 1.559914300000000000e+07 7.750157888830000162e+07
8.343776374000000954e+07 1.179520984379999936e+08 2.362244800000000000e+07 8.501045359999999637e+05
1.026413246309999973e+08 1.051327301200000048e+08 1.895978700000000000e+07 4.692589444000000134e+06
6.459836399400000274e+07 1.470189913300000131e+08 2.894566400000000000e+07 2.487555951500000432e+06
8.778375859000000358e+07 1.147393599590000063e+08 2.271478600000000000e+07 5.635167789999999804e+05
1.364829053100000024e+08 7.950233576000000536e+07 1.404729900000000000e+07 1.548277860699999928e+08
1.378220771400000155e+08 7.899226153999999166e+07 1.384919800000000000e+07 1.693406631299999952e+08
1.209892289200000167e+08 8.735516343400000036e+07 1.735507900000000000e+07 2.607386608000000124e+05
8.231209093999999762e+07 1.511477359000000060e+08 2.083738700000000000e+07 2.311811650000000000e+07
1.242385892199999839e+08 1.341726970000000000e+08 1.380646000000000000e+07 3.884641360000000149e+07
9.754093132999999821e+07 1.720888260000000000e+08 1.665328400000000000e+07 6.043139200000000000e+07
1.013164219800000042e+08 1.399854230000000000e+08 1.675892800000000000e+07 8.950044343999999762e+07
8.472315329999999702e+07 1.165780810090000033e+08 2.340718100000000000e+07 7.091916290000000736e+05
1.366176387889999747e+08 7.326509949400000274e+07 1.447155800000000000e+07 1.568216750679999888e+08
9.885879201000000536e+07 1.033268997080000043e+08 2.041094400000000000e+07 7.500390540000000037e+05
5.822282922999999672e+07 2.599473239000000060e+08 4.633741500000000000e+07 1.528984034999999963e+07
6.835337573999999464e+07 1.404009171699999869e+08 2.708847200000000000e+07 3.424781527999999933e+06
1.068422777119999826e+08 9.935528904000000656e+07 1.860556400000000000e+07 2.739696583900000434e+06
1.054978647600000054e+08 1.345384848799999952e+08 1.617083100000000000e+07 9.129461164000000060e+07
9.602764218999999762e+07 1.736788330000000000e+08 1.690127700000000000e+07 6.044703900000000000e+07
9.784032881000000238e+07 1.039126647939999998e+08 2.071254800000000000e+07 6.247326350000000093e+05
1.104555826389999986e+08 9.293120769370000064e+07 1.852948300000000000e+07 5.658165449199999683e+06
1.064505880610000044e+08 9.727783242800000310e+07 1.944705300000000000e+07 2.874346268999999738e+05
1.335067806689999998e+08 7.606672527799999714e+07 1.419473200000000000e+07 1.929721611579999924e+08
6.659962015999999642e+07 1.431995317680000067e+08 2.877885500000000000e+07 9.993381999999999534e+05
1.272610101480000019e+08 7.677670903350000083e+07 1.527114000000000000e+07 1.857287397371000051e+08
1.014525675799999982e+08 1.651627100000000000e+08 1.607216500000000000e+07 5.949847400000000000e+07
1.019309427310000062e+08 9.621812121299999952e+07 1.931569900000000000e+07 1.297959583436000049e+08
7.823550766000001132e+07 1.245278722699999958e+08 2.464886500000000000e+07 1.378096543000000063e+06
1.181506221500000060e+08 8.733953959999999404e+07 1.728405200000000000e+07 1.280376719999999925e+07
1.141431051149999946e+08 9.878501134999999404e+07 1.706335600000000000e+07 6.076575038999999873e+06
6.258802363000000268e+07 1.552530304699999988e+08 2.838063000000000000e+07 1.180434547299999930e+07
1.271226268379999995e+08 8.230746304620000720e+07 1.617664300000000000e+07 4.312736870059999824e+07
6.235469912399999797e+07 1.580522167299999893e+08 3.073682000000000000e+07 3.435575859000000171e+06
1.098731728299999982e+08 1.608654190000000000e+08 1.482142900000000000e+07 6.105063500000000000e+07
1.166127067999999970e+08 1.190896087000000030e+08 1.530647300000000000e+07 2.042959841699999943e+07
8.374238382999999821e+07 1.455688545999999940e+08 2.075288600000000000e+07 2.042847721000000089e+07
9.907145331999999285e+07 1.667937100000000000e+08 1.657285900000000000e+07 4.270357460000000149e+07
7.142819946999999881e+07 1.369175241500000060e+08 2.581729900000000000e+07 4.491327231999999844e+06
6.411799275000000000e+07 2.085932340000000000e+08 2.492316300000000000e+07 4.430976220000000298e+07
1.184624121899999976e+08 1.453832470000000000e+08 1.407756100000000000e+07 3.677904085999999940e+07
1.164242432479999959e+08 9.765132060999999940e+07 1.675201200000000000e+07 6.227915300099999644e+06
7.725560394100001454e+07 1.221537386623000056e+08 2.471453800000000000e+07 4.492458607959999889e+07
7.095902949000000954e+07 1.344878535099999905e+08 2.689087900000000000e+07 1.399335389999999898e+06
9.335216717000000179e+07 1.639249770000000000e+08 1.772192700000000000e+07 3.756613954000000656e+07
1.202804839500000179e+08 1.194803410000000000e+08 1.487582300000000000e+07 2.155580982700000331e+07
1.371115712500000000e+08 7.663643509999999404e+07 1.414799200000000000e+07 1.585860456999999881e+08
1.229188730600000024e+08 1.269639020000000000e+08 1.429540600000000000e+07 2.726983151000000164e+07
6.880454045299999416e+07 1.411054010800000131e+08 2.647365000000000000e+07 5.686871862999999896e+06
8.072351754999999702e+07 1.214875494399999976e+08 2.446589600000000000e+07 5.440231589999999851e+05
1.195819217300000042e+08 1.401685240000000000e+08 1.410125700000000000e+07 3.386793110999999940e+07
8.154527575000000000e+07 1.908259190000000000e+08 1.963110700000000000e+07 5.666150800000000000e+07
1.285003773850000054e+08 7.675352687899999321e+07 1.494484100000000000e+07 1.800978797558000088e+08
7.484856632999999821e+07 1.288615071959999949e+08 2.599816800000000000e+07 8.073074250000000466e+05
6.374827750000001490e+07 1.658467610000000000e+08 2.683261700000000000e+07 1.671579693999999948e+07
9.662129187000000477e+07 1.636539320000000000e+08 1.697929500000000000e+07 5.347777500000000000e+07
1.232810745399999768e+08 1.399057900000000000e+08 1.381085200000000000e+07 3.475163553999999911e+07
1.178307402900000066e+08 1.545486680000000000e+08 1.381521300000000000e+07 6.051204600000000000e+07
1.169499796800000072e+08 9.039536634900000691e+07 1.744296700000000000e+07 1.307654870999999810e+06
6.682143953999999166e+07 1.508285646800000072e+08 2.639120300000000000e+07 1.648630691300000064e+07
1.166468326500000060e+08 1.254244710999999940e+08 1.499011100000000000e+07 2.438036226000000164e+07
9.193344220000000298e+07 1.232664422000000030e+08 2.006153500000000000e+07 1.073451762300000153e+07
1.140130466200000048e+08 1.119483654000000060e+08 1.612794000000000000e+07 1.481626103099999949e+07
1.249791894200000018e+08 7.959318567000000179e+07 1.574864600000000000e+07 1.015169870269999951e+08
