1.233055122900000066e+08 8.856584882999999821e+07 1.687340000000000000e+07 1.458797179999999935e+06
1.289669643040000051e+08 7.934089431599999964e+07 1.467049000000000000e+07 1.590051048190000057e+08
1.230975860999999940e+08 9.524134009999999404e+07 1.625982000000000000e+07 6.055925899999999441e+06
1.209043005000000000e+08 8.737355362900000811e+07 1.731862800000000000e+07 3.434274880000000121e+05
1.227245704730000198e+08 1.131824182999999970e+08 1.504178900000000000e+07 1.783970092779999971e+07
8.980888260300001502e+07 1.148253369399999976e+08 2.135738100000000000e+07 4.009472225999999791e+06
1.098016232500000000e+08 9.474133379899999499e+07 1.867312000000000000e+07 6.095068510000000242e+05
5.796122104000000656e+07 2.702276786999999881e+08 4.578603000000000000e+07 2.263566819999999925e+07
1.218846863199999928e+08 1.224077162000000030e+08 1.392900100000000000e+07 9.581768300000000000e+07
1.214943677500000000e+08 8.671240320000000298e+07 1.681110400000000000e+07 1.636341481000000052e+07
1.254570378799999952e+08 8.390867181599999964e+07 1.650987500000000000e+07 2.606652345470000058e+07
8.149926250300000608e+07 1.233803150900000036e+08 2.312664500000000000e+07 4.216475122000000440e+06
1.102676960670000017e+08 8.952180661200000346e+07 1.769302600000000000e+07 1.486212527637000084e+08
8.736736003999999166e+07 1.836515200000000000e+08 1.843690100000000000e+07 5.969831800000000000e+07
1.261434667380000055e+08 8.564538656000000238e+07 1.687064700000000000e+07 5.875754690000000410e+06
9.819151975000000000e+07 1.138999947999999970e+08 1.927090300000000000e+07 7.910817355999999680e+06
1.329186107569999993e+08 7.342545968580000103e+07 1.458484400000000000e+07 1.843088914393999875e+08
1.261848828499999791e+08 1.286623110000000000e+08 1.386532000000000000e+07 4.072401610000000149e+07
5.841524351000000536e+07 2.568384640000000000e+08 4.648192100000000000e+07 1.324174002999999933e+07
1.236709341430000067e+08 1.235608180000000000e+08 1.442579400000000000e+07 2.469326263069999963e+07
6.879221921000000834e+07 1.825980550000000000e+08 2.374638500000000000e+07 3.312195532000000030e+07
5.826493278000000119e+07 2.591907305000000000e+08 4.637329000000000000e+07 1.478539428999999911e+07
1.023215114699999988e+08 1.004783791239999980e+08 1.969031800000000000e+07 1.213834344999999972e+06
1.213872091099999994e+08 8.670802791000001132e+07 1.549645700000000000e+07 1.786914858799999952e+08
1.313401223700000048e+08 7.633252990999999642e+07 1.448510600000000000e+07 1.791501841550000012e+08
1.370595023530000150e+08 7.340498179999999702e+07 1.443129800000000000e+07 1.567697620949999988e+08
1.196038999200000018e+08 9.299511835999999940e+07 1.676371100000000000e+07 3.801461859999999870e+06
8.241074332299999893e+07 1.202224112900000066e+08 2.331769500000000000e+07 2.247716134599999525e+06
1.182676614800000191e+08 9.489011001999999583e+07 1.674451400000000000e+07 4.775333669999999925e+06
1.014582288139999956e+08 1.678411940000000000e+08 1.615191700000000000e+07 4.508467620000000298e+07
1.209652607199999988e+08 1.275809040000000000e+08 1.442734700000000000e+07 2.680244619099999964e+07
1.257982642699999958e+08 8.621912846999999881e+07 1.474145600000000000e+07 1.885717771100000143e+08
1.377818113400000036e+08 7.982166513000001013e+07 1.381265600000000000e+07 1.688153938799999952e+08
1.251979307899999768e+08 8.429458690000000596e+07 1.574967500000000000e+07 6.475931310000000149e+07
1.189742129000000060e+08 8.645174070000000298e+07 1.668230700000000000e+07 4.323593267999999970e+07
6.054326788000000268e+07 2.418884894699999988e+08 4.692010000000000000e+07 4.291407688000000082e+06
6.127667915999999642e+07 1.709709039000000060e+08 2.790299900000000000e+07 1.758085402000000328e+07
8.966948807999998331e+07 1.118672014800000042e+08 2.193657200000000000e+07 1.485255242000000086e+06
1.116092629169999957e+08 1.006440997000000030e+08 1.747495300000000000e+07 5.591316885999999940e+06
6.337152326299999654e+07 1.541396774699999988e+08 2.799095200000000000e+07 1.247891407300000079e+07
1.183366270900000036e+08 8.880926579000000656e+07 1.746970700000000000e+07 6.587076240000000689e+05
1.352048856200000048e+08 7.257017645999999344e+07 1.443538200000000000e+07 1.796461824569999874e+08
1.036811999000000060e+08 1.515580510000000000e+08 1.609281300000000000e+07 3.832949839999999851e+07
1.099448742389999926e+08 9.842472379000000656e+07 1.798521500000000000e+07 3.697552919300000183e+06
8.092960675000029802e+07 1.212976034650000036e+08 2.440038000000000000e+07 5.459870959999999031e+05
1.171186028199999928e+08 1.256401090000000000e+08 1.491922100000000000e+07 2.462010354199999943e+07
1.256914120999999940e+08 8.252683488799999654e+07 1.620167600000000000e+07 4.504999707100000232e+07
1.194868633343999982e+08 1.009264520999999940e+08 1.610216600000000000e+07 9.321426239700000733e+06
1.160819935400000066e+08 1.437834200000000000e+08 1.440782200000000000e+07 3.516415470000000298e+07
1.229338992000000179e+08 1.252715222999999970e+08 1.371451400000000000e+07 1.052397660499999970e+08
5.931240734000000358e+07 1.905947165000000000e+08 2.966636600000000000e+07 2.350042569999999925e+07
1.184834051800000072e+08 1.532534590000000000e+08 1.374507200000000000e+07 6.084111300000000000e+07
7.292160278900000453e+07 1.316380352099999934e+08 2.589348000000000000e+07 2.347952366200000048e+06
9.992010448399999738e+07 1.074118839899999946e+08 1.939052700000000000e+07 4.795626750000000931e+06
1.324393610000000000e+08 8.340009640000000596e+07 1.386005400000000000e+07 2.053357970800000131e+08
7.439272376000000536e+07 1.319625795900000036e+08 2.491319100000000000e+07 4.613724564000000246e+06
6.259931128000000119e+07 1.980401070000000000e+08 2.581391400000000000e+07 3.673857590000000596e+07
7.874770691299998760e+07 1.247091840199999958e+08 2.410651100000000000e+07 2.731522430900000036e+06
9.598144329999999702e+07 1.058625887660000026e+08 2.093283700000000000e+07 7.501198449999999721e+05
1.228259681200000197e+08 1.395562700000000000e+08 1.384773500000000000e+07 3.446548000000000000e+07
1.292469578199999928e+08 1.161177294000000060e+08 1.355939600000000000e+07 9.270657139000000060e+07
1.160478914300000072e+08 9.200152182999999821e+07 1.740199200000000000e+07 2.049398012000000104e+06
9.967957832999999821e+07 1.633857390000000000e+08 1.652181300000000000e+07 4.125206529999999702e+07
9.296833312000000477e+07 1.083664985699999928e+08 2.170759200000000000e+07 5.413850010000000475e+05
1.349507421999999881e+08 7.661913609999999404e+07 1.445192100000000000e+07 1.428235065999999940e+08
1.187885330900000036e+08 1.192098692999999970e+08 1.479575200000000000e+07 4.043783520000000298e+07
1.326928704099999964e+08 7.671910046999999881e+07 1.478838500000000000e+07 1.273549174399999976e+08
8.517125499999998510e+07 1.161206044889999926e+08 2.333679400000000000e+07 6.590243279999999795e+05
8.272895532999999821e+07 1.892620610000000000e+08 1.937187300000000000e+07 5.773307800000000000e+07
7.913579327000010014e+07 1.209250513700000048e+08 2.463027000000000000e+07 9.831124529999999329e+06
6.199334659000000358e+07 1.904248666999999881e+08 2.639437000000000000e+07 3.113170900000000000e+07
6.821857239000000060e+07 1.394466400400000215e+08 2.790281900000000000e+07 1.337616200999999885e+06
9.947959240000000596e+07 1.031952358400000036e+08 2.009771300000000000e+07 1.341109700999999885e+06
6.264250865999998897e+07 1.547689991999999881e+08 2.853695900000000000e+07 7.204802289999999106e+06
1.202512230279999971e+08 1.092440737999999970e+08 1.547669300000000000e+07 1.478971832080000080e+07
6.837934069099999964e+07 2.068405800000000000e+08 2.333358900000000000e+07 4.833479789999999851e+07
1.320329991700000167e+08 7.951461270000000298e+07 1.501683800000000000e+07 1.017072799000000060e+08
6.426724485000000149e+07 1.834392934000000060e+08 2.555950700000000000e+07 2.947810394000000134e+07
9.622951243999999762e+07 1.716047170000000000e+08 1.687831400000000000e+07 5.970432500000000000e+07
1.139998347800000012e+08 9.199005776600000262e+07 1.798700000000000000e+07 7.501198449999999721e+05
1.106396236400000006e+08 1.595420500000000000e+08 1.471834200000000000e+07 6.095424800000000000e+07
9.542685045000001788e+07 1.085134075600000024e+08 2.046352900000000000e+07 2.975306570700000040e+06
9.576119872000004351e+07 1.574587860000000000e+08 1.738477100000000000e+07 3.731156520000000298e+07
7.245450228209999204e+07 1.287677063985799998e+08 2.624536400000000000e+07 3.377092632137399912e+07
1.212832297150000036e+08 8.198876069500000775e+07 1.589455000000000000e+07 1.712861724830000103e+08
1.185575418499999940e+08 8.733023737000000477e+07 1.735224300000000000e+07 8.033269930000000633e+06
1.159158186400000006e+08 1.152216247000000030e+08 1.562291000000000000e+07 1.763267175799999759e+07
8.747221873000000417e+07 1.137985892970000058e+08 2.290024000000000000e+07 5.441044160000000848e+05
8.539643762999999523e+07 1.578639545999999940e+08 1.967889500000000000e+07 2.991252135000000149e+07
1.311068692600000054e+08 7.778058531999999285e+07 1.504542900000000000e+07 1.113245266599999964e+08
1.245346947970000058e+08 8.387147912000000477e+07 1.639169200000000000e+07 3.425995200000000000e+07
1.193971290499999970e+08 1.177238735000000000e+08 1.504827200000000000e+07 2.035350879600000009e+07
1.039545314270000011e+08 1.049410210100000054e+08 1.864910400000000000e+07 5.541396934000000358e+06
7.509585404000000656e+07 1.931794950000000000e+08 2.131572700000000000e+07 4.489362210000000149e+07
1.149091819300000072e+08 1.117242577000000030e+08 1.598751200000000000e+07 1.502170466000000015e+07
6.685870789469999820e+07 1.417687657700000107e+08 2.812437900000000000e+07 1.958305477999999886e+06
1.275825807399999946e+08 8.460621409999999404e+07 1.610354600000000000e+07 3.688047010000000149e+07
6.365939483000000566e+07 2.059417550000000000e+08 2.514880800000000000e+07 4.241006570000000298e+07
1.265828472000000030e+08 1.107902025900000036e+08 1.420368900000000000e+07 6.477121617000000179e+07
9.009764168799999356e+07 1.080969498779000044e+08 2.144839200000000000e+07 8.383150511030000448e+07
1.336237286969999969e+08 7.405056416799999774e+07 1.437685900000000000e+07 1.888357496554000080e+08
6.476871761399999261e+07 1.460284223699999452e+08 2.873837800000000000e+07 2.519097309799999930e+06
1.157424790509999990e+08 9.807855009999999404e+07 1.683798400000000000e+07 6.128126816200000234e+06
8.214032885600000620e+07 1.739607670000000000e+08 1.991147600000000000e+07 3.750897614000000060e+07
8.538566034999999404e+07 1.205633018599999994e+08 2.209805800000000000e+07 5.170076088000000454e+06
1.238141137800000012e+08 1.219091992999999970e+08 1.377508200000000000e+07 8.948642009999999404e+07
9.800516335999999940e+07 1.037890960479999930e+08 2.066483300000000000e+07 6.356909519999999320e+05
9.737596784999999404e+07 1.541534100000000000e+08 1.721240300000000000e+07 3.396804625999999791e+07
1.211952565400000364e+08 1.435932700000000000e+08 1.366246100000000000e+07 5.215148700000000000e+07
1.225279009249999970e+08 1.056317242060000002e+08 1.513141500000000000e+07 3.558612759899999946e+07
1.294327512519999593e+08 8.032165948999999464e+07 1.565350700000000000e+07 7.048355305599999428e+07
7.886734467000000179e+07 1.861723410000000000e+08 2.039224900000000000e+07 4.358902629999999702e+07
1.062717758499999940e+08 9.755091899799999595e+07 1.912755300000000000e+07 8.274873469999999506e+05
1.248258056830000430e+08 1.363362850000000000e+08 1.386021900000000000e+07 3.234641898800000176e+07
6.230537221999999136e+07 1.587354249300000072e+08 3.073397100000000000e+07 3.517591425999999978e+06
8.539866094599999487e+07 1.840076770000000000e+08 1.891237700000000000e+07 4.578535579999999702e+07
1.341184201700000018e+08 7.643269495999999344e+07 1.485737800000000000e+07 1.205488075300000012e+08
6.151748467999999970e+07 1.861075133000000119e+08 2.687815700000000000e+07 2.825758300000000000e+07
1.358108718799999952e+08 7.802361871999999881e+07 1.383515400000000000e+07 1.972942842299999893e+08
9.881883176000000536e+07 9.905674497869999707e+07 1.991787700000000000e+07 1.249147377607000023e+08
6.542956954800000042e+07 2.111249290000000000e+08 2.439025600000000000e+07 4.722666439999999851e+07
1.263364708799999952e+08 1.024380410100000054e+08 1.491760700000000000e+07 4.466781079999999702e+07
1.336973872000000179e+08 8.249458925000000000e+07 1.434768600000000000e+07 1.288077065199999958e+08
7.649734763359999657e+07 1.229217991753800064e+08 2.505156400000000000e+07 3.547378052059999853e+07
7.722848699599999189e+07 1.265408888700000048e+08 2.443996600000000000e+07 3.111367615000000224e+06
7.078535504999999702e+07 1.331106463680000007e+08 2.698823300000000000e+07 9.583204485999999568e+06
6.004825474000000209e+07 1.711162851999999881e+08 3.040460000000000000e+07 1.106379969999999925e+07
9.104484070000000298e+07 1.106256600400000066e+08 2.168544600000000000e+07 1.337616200999999885e+06
1.167823597269999981e+08 1.078068315000000000e+08 1.594690200000000000e+07 1.309799032000000030e+07
7.415530798999999464e+07 1.859421590000000000e+08 2.177450500000000000e+07 3.971244190000000596e+07
6.959395534999999404e+07 2.051582820000000000e+08 2.292766900000000000e+07 4.875572000000000000e+07
6.781512987000000477e+07 1.557444988700000048e+08 2.553287100000000000e+07 2.395203007000000030e+07
1.187310236800000072e+08 1.383895110000000000e+08 1.407982900000000000e+07 4.465958289999999851e+07
6.890065250100000203e+07 1.408086719900000095e+08 2.646260600000000000e+07 5.567257461000000127e+06
1.170252895700000226e+08 8.957991175500001013e+07 1.775171700000000000e+07 4.310327100000000210e+05
1.366439812900000215e+08 8.225764320000000298e+07 1.384113500000000000e+07 1.600482347299999893e+08
1.240234321400000155e+08 1.057987665000000000e+08 1.544951600000000000e+07 1.305722419999999925e+07
