1.2654532404E8 1.0365216655E8 1.2428322E7 4.467170467E7
8.935245605000001E7 1.09989753918E8 1.8050621E7 1030175.043
4.9396954150000006E7 2.680335671E8 3.7345081E7 2.12452145E7
6.642643055900016E7 1.327198356937E8 2.2236523E7 1.56666849492E7
9.321997578E7 1.06769843816E8 1.7480824E7 992881.447
1.2384994203E8 1.109042623E8 1.2659683E7 1.64867289E7
9.152221806E7 1.70328786E8 1.4675228E7 4.23359197E7
1.1772826696E8 1.20590625E8 1.2647413E7 2.1615625457E7
1.121721522E8 1.40566607E8 1.2594528E7 3.34745449E7
1.2093715149E8 8.3901044174E7 1.3764949E7 5.2462997487E7
1.05387666679E8 1.087087003E8 1.4894772E7 9014650.002
9.585447621E7 1.04571608702E8 1.7381473E7 367165.265
1.12819555118E8 8.7421155753E7 1.4241179E7 1.64024979534E8
1.3079482064000002E8 8.26656436E7 1.2554335E7 9.34806921E7
7.490380828799999E7 1.2108253695811E8 2.0303483E7 3.832507541838E7
5.733570184E7 1.641344662E8 2.2892404E7 1.355829924E7
6.366526777E7 1.799851268E8 2.0091616E7 2.987010951E7
9.590562464E7 1.0171710546E8 1.6862807E7 2.8431269794E7
1.20603478E8 1.31014852E8 1.2016584E7 2.8853041056E7
6.250441025100001E7 1.4209311741000003E8 2.2784395E7 3114820.563
8.232259483E7 1.146661018E8 1.9234255E7 8634752.654
1.22597958387E8 8.0126975552E7 1.3202184E7 1.803259025517E8
9.288638004E7 1.0442592513E8 1.7447802E7 1.6798854644E7
6.2117630154E7 1.3934667720000002E8 2.315732E7 3.3387349643E7
7.904499067E7 1.1730081435E8 1.9698814E7 1.4868007245E7
9.18059568134E7 1.0879960385E8 1.7462609E7 2043722.7334
7.648409911600001E7 1.40967717E8 1.8478272E7 1.472791602E7
8.723128757E7 1.67378965E8 1.5410259E7 3.75416249E7
7.693673897999999E7 1.588015836E8 1.750532E7 6.14656704E7
7.710709267239998E7 1.2243067998E8 1.9858978E7 1939259.0024
9.6031107461E7 1.0607784612E8 1.6798338E7 2567991.7166
1.0604052331E8 1.43949705E8 1.3292414E7 3.16605141E7
1.0948261345E8 1.307105981E8 1.2973802E7 9.537903771E7
7.469056466E7 1.2199480462E8 2.0509336E7 1.5222062041E7
8.3531883433E7 1.85591331E8 1.5617607E7 6.0436421E7
8.946229533E7 1.1435138551E8 1.7416069E7 4564506.461
1.16221842386E8 8.5003057499E7 1.384361E7 1.699162695808E8
1.0804002296E8 9.124612654E7 1.5049618E7 8.0130816959E7
9.780366253000002E7 1.70107473E8 1.377069E7 5.08014254E7
1.1840350955E8 1.33344519E8 1.204552E7 3.6794918E7
5.6285181690000005E7 1.6032093773999998E8 2.5129377E7 4721110.216
5.014287149E7 2.516958131E8 3.7968224E7 1.0219616159999998E7
9.1822496054E7 1.040702901339E8 1.7179079E7 1.089947863955E8
5.957041969E7 1.591312159E8 2.2332884E7 1.267845785E7
1.19074097216E8 8.22739121171E7 1.3674997E7 1.914389780776E8
1.3642337378E8 7.51409695E7 1.1994585E7 1.569919267E8
9.988420299E7 1.63490528E8 1.3649351E7 4.14357413E7
1.2366885984E8 8.838440686E7 1.2535921E7 1.9196712187E8
7.4753364312E7 1.2470278264E8 2.0373396E7 1730804.042
8.477585574E7 1.59541457E8 1.6045014E7 3.132893707E7
8.2616012513E7 1.2005040685E8 1.8490947E7 4414887.284
1.0337999943E8 9.711660637E7 1.6201753E7 7550247.930000001
9.400317043E7 1.66847529E8 1.4301774E7 5.6133125E7
5.426909051E7 1.885544374E8 2.4076601E7 2.26557863E7
8.522439613E7 1.75025349E8 1.5567792E7 4.13034881E7
6.870207328E7 1.5487522934E8 1.9657047E7 3.368267285E7
1.2309211831E8 1.26924217E8 1.2000876E7 2.6726754064E7
1.24381539069E8 1.24467098E8 1.2027472E7 2.544186944E7
1.1853255578E8 8.949343865699999E7 1.44596E7 1133012.983
1.1824023659E8 1.41592565E8 1.1921981E7 3.474607524E7
1.0375779596E8 1.169999295E8 1.4675667E7 1.3728900309E7
1.16910764989E8 1.01023204E8 1.3722186E7 8507395.082799999
1.1471313457E8 1.35182887E8 1.2474755E7 2.962687147E7
6.913048429E7 1.40975124E8 2.0415458E7 9028386.588
1.2495961126E8 9.6179956E7 1.3204905E7 2.04031653E7
1.14213389028E8 9.655541728E7 1.4411136E7 4446270.552
1.22016491256E8 8.132232604599999E7 1.3174754E7 1.786951914145E8
5.4342425510000005E7 2.35902403662E8 3.8257719E7 1218018.324
1.22952574E8 1.089962206E8 1.2577379E7 3.04925906E7
9.68077823E7 1.61125613E8 1.4103523E7 3.847846381E7
1.08368973718E8 9.025704855E7 1.4848669E7 1.533593337742E8
1.0024679608E8 1.01012248423E8 1.6675681E7 569421.3139999999
1.1407129471E8 8.816745611E7 1.4395982E7 5.819010802E7
8.052763782900001E7 1.151843425774E8 1.9068445E7 7.03487055816E7
1.0343647502E8 1.65149184E8 1.3078119E7 6.1566391E7
5.815651449E7 1.5344251928E8 2.337986E7 6841787.953
1.232981811E8 1.42945439E8 1.1443805E7 4.49310565E7
1.0457047956E8 1.57185033E8 1.3091792E7 4.64386007E7
1.2361447519E8 1.182371836E8 1.1916882E7 5.73697885E7
6.478836654E7 2.08509522E8 1.9192265E7 5.02548011E7
1.3253791863000004E8 7.770232464E7 1.264922E7 1.0351301988E8
8.845013081E7 1.5769964E8 1.5468843E7 3.22784149E7
9.311343145E7 1.1221763443E8 1.6838165E7 5112384.311
6.41032808818E7 1.35617262361751E8 2.2714247E7 3.2957636847935E7
8.665932357E7 1.224802242E8 1.7369628E7 8760698.798
1.3575184435500002E8 7.25924100232E7 1.2052807E7 1.85340107242E8
6.00618048E7 2.07839315E8 2.0459191E7 4.42724732E7
1.30807823131E8 7.523957331940001E7 1.2375415E7 1.695248096028E8
1.0175933392E8 1.073469744E8 1.5596263E7 6281880.506
5.759325178E7 1.90486709E8 2.1681144E7 3.14845513E7
1.33458595291E8 7.6847359281E7 1.2571394E7 1.11149664861E8
7.065100205E7 1.435890879E8 1.9796336E7 1.215106331E7
6.870880463E7 1.90435583E8 1.847121E7 4.06370067E7
1.00313967081E8 9.66726113791E7 1.5922167E7 1.338468252264E8
6.9791213409E7 1.27756678721E8 2.1288441E7 3.18919169582E7
7.451214527E7 1.65684822E8 1.7856453E7 2.901469304E7
1.3757026119300002E8 7.3250119249E7 1.2100541E7 1.56612129005E8
1.1907273708E8 8.713624928E7 1.4455538E7 7971914.884
6.8715916973E7 1.2882522159223E8 2.1567013E7 3.971436868347E7
1.0619932955E8 9.86282629E7 1.5562108E7 2391747.598
1.0396643188E8 9.39478802053E7 1.5407827E7 1.19704741639E8
1.2935026485999998E8 1.147892827E8 1.1444869E7 8.988718232E7
9.171530171E7 1.07953835301E8 1.7930784E7 451847.262
1.3498104415E8 7.298301628E7 1.2153587E7 1.72481442979E8
9.876064672E7 1.306997999E8 1.4792775E7 2.028063512E7
1.2121740273E8 1.030025137E8 1.3216778E7 1.10750433E7
1.1106048761E8 1.122960662E8 1.3859302E7 1.3752577078E7
1.2242000082E8 1.254452984E8 1.1592074E7 1.0482755555E8
1.19088107901E8 1.05754818E8 1.3222563E7 1.23812225762E7
7.455543013199998E7 1.411867492E8 1.8943488E7 1.32481551E7
1.33657504093E8 7.33233008516E7 1.2186676E7 1.840311983312E8
9.396660544E7 1.191495197E8 1.6171786E7 1.0486552886E7
8.469201258E7 1.515196239E8 1.6335033E7 2.623532082E7
6.6694729150000006E7 1.3703708346E8 2.1611488E7 3847201.3
7.937356830000001E7 1.2557126189E8 1.8826353E7 5983428.398999999
1.1693496663E8 8.676339421E7 1.4218863E7 4.285657527E7
5.9601961745000005E7 1.63847695E8 2.205268E7 1.571387952E7
1.0862511441E8 9.528677962E7 1.5578994E7 780906.063
8.389140786E7 1.329861731E8 1.7309811E7 1.400909204E7
1.1284300637E8 9.2598944797E7 1.5054195E7 1063202.784
1.1694477136E8 1.094057904E8 1.3245956E7 1.4029913586E7
1.0238968111E8 1.379899506E8 1.3728575E7 9.496928433E7
8.3511035822E7 1.120274871151E8 1.8593234E7 6.794161901813E7
1.0733473257000002E8 1.40502461E8 1.3225421E7 3.007638213E7
9.85064653E7 1.42815851E8 1.4367497E7 2.78606227E7
1.3131733604000002E8 8.219628497E7 1.1836753E7 1.954948129E8
7.690519656899999E7 1.22115104077E8 2.0292859E7 781337.217
5.3593414602000006E7 1.850706689E8 2.6615804E7 1.291020144E7
1.1420899872E8 1.56566769E8 1.1972998E7 5.8825152E7
1.3014250379999998E8 7.739957896E7 1.261901E7 1.18889669E8
8.496025983E7 1.1460182801E8 1.8567051E7 1635924.736
1.0859326117000002E8 1.6103767E8 1.2560249E7 5.22108329E7
6.848465427E7 1.500630301E8 2.0012301E7 1.474685826E7
1.1425443153E8 1.160624382E8 1.3258011E7 1.7353133196E7
1.2039970951E8 1.52403385E8 1.1439126E7 5.9672544E7
1.1700813784E8 9.121450774E7 1.4464968E7 1990520.621
1.21169321276E8 8.7287747597E7 1.446308E7 302771.1599
1.34765878534E8 7.9834828167E7 1.197474E7 1.40261978683E8
1.1866785214000002E8 9.73939973E7 1.3762798E7 6770941.46
1.0651109944E8 9.6498991368E7 1.594998E7 444574.586
1.2925133373000002E8 7.709405598E7 1.2648274E7 1.2740608496E8
7.8069686596E7 1.7226013E8 1.6909874E7 3.548245112E7
1.2342548278E8 8.29754693E7 1.3206814E7 8.308645811E7
1.3721681224E8 7.292329278E7 1.2050691E7 1.6443656034E8
8.106748468E7 1.86063472E8 1.6070861E7 4.61241152E7
7.080251691000001E7 1.98422018E8 1.7849683E7 5.24467639E7
1.27941864621E8 8.0248666879E7 1.3230814E7 6.8647740588E7
9.6366735307E7 1.04047546064E8 1.6158759E7 1.27663010194E8
1.0835855447E8 9.388565237E7 1.5656751E7 5750234.83
1.10560443541E8 9.0065918808E7 1.4427856E7 1.591681259424E8
6.882205827199998E7 1.3246448917E8 2.1394931E7 2804794.5730000003
7.13828932E7 1.705822E8 1.8400714E7 3.00122892E7
5.220137254E7 2.4020665207E8 3.8208363E7 3546330.1770000006
1.2509668705E8 8.4101465412E7 1.3835189E7 2.4613721393E7
6.424812682E7 1.478078453E8 2.1473037E7 9359656.93
1.2120625903E8 8.63386363E7 1.3615067E7 4.77175911E7
7.561914789999999E7 1.361399454E8 1.8987968E7 1.0662624043E7
7.939198383E7 1.87817268E8 1.6274848E7 5.7600218E7
1.0802241768E8 1.59159728E8 1.2609181E7 5.9682302E7
5.635334372E7 1.711208444E8 2.3136446E7 1.6631667680000002E7
8.556522337200001E7 1.1810187237E8 1.7957648E7 4897505.708
1.20484349023E8 1.149120132E8 1.2655853E7 1.8727795348E7
1.33615188807E8 7.4562861551E7 1.2049019E7 1.893147961396E8
1.2776236338E8 1.0749122129E8 1.2024947E7 6.091575754E7
1.2564546856E8 1.0894934657E8 1.2045373E7 6.307620064E7
1.29363475123E8 7.5916162761E7 1.250663E7 1.844333911198E8
9.5260509421E7 1.00819726446E8 1.6797542E7 1.289403839437E8
1.2618454503E8 1.35366215E8 1.1425101E7 4.54726184E7
9.456635603E7 1.69689559E8 1.4266555E7 4.28121181E7
7.239943897E7 1.3103960642E8 2.0257304E7 4850543.615999999
1.2424528220000002E8 9.087126053E7 1.3860265E7 3383283.71
1.0206763188000004E8 1.0037749335E8 1.6199708E7 1520027.779
5.911451153E7 1.99716601E8 2.0895145E7 3.8201059E7
1.2320432093E8 1.007368435E8 1.3254182E7 9605723.8
5.572498143E7 1.981256817E8 2.2832739E7 3.15890837E7
1.2545332721E8 8.0038546383E7 1.3216705E7 8.7416798285E7
8.696621640999998E7 1.485143186E8 1.6002226E7 2.8893759E7
7.411007237000002E7 1.83104461E8 1.7402039E7 4.27348801E7
1.2172153803000005E8 8.397121576E7 1.3767791E7 4.4613915295E7
7.283422708E7 1.2729278808E8 2.0715136E7 1739456.559
6.052514606E7 1.4532955333999997E8 2.3334725E7 3017735.7630000003
8.15011904E7 1.562418439E8 1.675455E7 2.757375972E7
9.536309015E7 1.151313768E8 1.617144E7 8538859.197999999
1.07580799467E8 1.0216659354E8 1.499871E7 5615876.140000001
1.2412573435599998E8 8.00550247862E7 1.3043189E7 1.3213846215731E8
1.13635974E8 1.073767228E8 1.3763497E7 1.1662750594E7
9.7654053224E7 1.012848107537E8 1.6855187E7 9770620.2673
1.3439672921400002E8 7.40937300204E7 1.2018341E7 1.85020788942E8
6.472532322000001E7 1.85599831E8 1.962016E7 3.433907777E7
6.728499550999998E7 1.66001076E8 1.9587424E7 2.418984387E7
8.265657075999999E7 1.279461899E8 1.7867583E7 9963627.194
1.3512054477E8 8.37683803E7 1.1433212E7 2.0736463884E8
8.6499169076E7 1.099789463654E8 1.7915251E7 9.4297462433E7
6.675744213E7 1.3495850424E8 2.2141831E7 1473908.893
1.3206846047E8 8.08989332E7 1.2015816E7 1.47306648E8
7.723457838999999E7 1.187732960587E8 1.96808E7 6.46956541107E7
7.0866581896E7 1.3016062334E8 2.0998293E7 2246574.4765
1.3751737162E8 8.10741776E7 1.1452386E7 1.8266589501E8
9.795728560999998E7 1.02872493253E8 1.686441E7 912785.905
5.762160515000006E7 1.835581135E8 2.1869835E7 2.68769933E7
1.1041322092E8 9.3750510037E7 1.5468556E7 579668.67
1.2062710357999998E8 9.371330508E7 1.3860147E7 4716283.01
8.251807357000001E7 1.36233142721E8 1.7281907E7 4.7709241123E7
8.147776819999999E7 1.17636437319E8 1.9254844E7 1188062.7140000002
1.2661828985E8 8.29852571E7 1.3175569E7 6.27417774E7
1.2447423554999998E8 1.239505407E8 1.145333E7 1.0523503588E8
1.2748207649E8 1.21903355E8 1.1315744E7 1.040317458E8
7.223682953899999E7 1.2472214811549E8 2.0929187E7 1.849789836793E7
1.1279143902E8 9.35676377E7 1.3848644E7 1.7242273298E8
1.03501751193E8 1.0347156407E8 1.558504E7 4619113.165
8.28379729E7 1.44418538E8 1.6952006E7 2.18044174E7
7.283854448E7 1.98077875E8 1.7438016E7 5.18815018E7
1.25046883116E8 8.3801087199E7 1.3801407E7 2.77414829839E7
8.975094261000001E7 1.0728567034E8 1.7953972E7 1.3398006148E7
8.80174226E7 1.3599362667E8 1.6186655E7 6.1601140778E7
7.620595207000001E7 1.91429268E8 1.681622E7 5.5245033E7
7.203062188E7 1.89912058E8 1.7729873E7 4.27278563E7
5.6271653598E7 1.6034923747E8 2.4671458E7 8769940.673
7.9316298267E7 1.20049067635E8 1.9728602E7 882856.105
6.047539161E7 1.654161507E8 2.1660728E7 1.7768003509999998E7
1.0238887597E8 1.5866704E8 1.3414175E7 3.926703742E7
5.817619712E7 1.5221913718E8 2.4132727E7 3921532.689
1.2794547604E8 8.35233635E7 1.2407118E7 1.224167543E8
7.851647306E7 1.89508649E8 1.6429574E7 5.05073889E7
6.459605502800001E7 1.3867151205E8 2.2292536E7 2997739.158
8.774163605E7 1.11624210057E8 1.8587394E7 390504.279
6.210421522E7 1.536490043E8 2.1790195E7 1.141221038E7
1.2538551704E8 1.38202958E8 1.1395772E7 4.6442175E7
1.1232703063E8 1.239281442E8 1.3161281E7 2.173931128E7
7.822814174000001E7 1.510840477E8 1.760449E7 2.303564533E7
8.7523283382E7 1.1331995584E8 1.7970702E7 2705400.2985000005
1.1483818503E8 9.0925955702E7 1.5060627E7 367165.265
1.1408527353E8 9.046668822E7 1.3806484E7 1.73077845669E8
