1.265453240400000066e+08 1.036521665499999970e+08 1.242832200000000000e+07 4.467170467000000179e+07
1.382871438100000322e+08 8.209412770000000298e+07 1.137862700000000000e+07 1.844342828600000143e+08
1.199440308799999952e+08 9.516914870000000298e+07 1.381318700000000000e+07 5.458872580000000075e+06
1.183983486400000006e+08 8.724946351999999583e+07 1.438856200000000000e+07 1.412547453999999911e+07
8.935245605000001192e+07 1.099897539179999977e+08 1.805062100000000000e+07 1.030175042999999947e+06
1.180940679479999989e+08 1.085870032999999970e+08 1.316624400000000000e+07 1.389418821399999969e+07
1.262538155000000000e+08 8.038060285999999940e+07 1.301947000000000000e+07 9.078024979000000656e+07
1.159587374200000018e+08 1.553513600000000000e+08 1.181159600000000000e+07 5.834561600000000000e+07
1.240401860000000000e+08 1.411406490000000000e+08 1.142280300000000000e+07 4.529619010000000149e+07
1.063506042000000030e+08 9.675670436800000072e+07 1.595343600000000000e+07 4.445745860000000102e+05
1.346258588826000094e+08 7.292910815221999586e+07 1.213369900000000000e+07 1.819674440124700069e+08
4.939695415000000596e+07 2.680335670999999940e+08 3.734508100000000000e+07 2.124521450000000000e+07
6.642643055900015682e+07 1.327198356937000006e+08 2.223652300000000000e+07 1.566668494920000061e+07
9.321997578000000119e+07 1.067698438159999996e+08 1.748082400000000000e+07 9.928814470000000438e+05
8.231090060999999940e+07 1.165943322210000008e+08 1.912297100000000000e+07 1.258260002000000095e+06
9.990530528000001609e+07 1.012146634520000070e+08 1.675818600000000000e+07 5.228346689999999944e+05
1.238499420300000012e+08 1.109042622999999970e+08 1.265968300000000000e+07 1.648672890000000037e+07
1.201451773100000024e+08 1.529022550000000000e+08 1.145089300000000000e+07 6.109613500000000000e+07
1.053742801079999954e+08 9.240092170250000060e+07 1.530293000000000000e+07 1.434926110864999890e+08
1.163166863229999989e+08 1.037166184000000060e+08 1.362485200000000000e+07 1.015725558300000057e+07
1.038665127730000019e+08 9.589647243899999559e+07 1.523600800000000000e+07 1.434470851590000093e+08
6.684449429999999702e+07 1.353056925199999809e+08 2.250761300000000000e+07 6.528281689999999944e+05
1.200595017199999988e+08 1.187047675999999940e+08 1.252437300000000000e+07 2.089387854000000283e+07
1.159423263799999952e+08 1.130578000999999940e+08 1.317977100000000000e+07 1.612652632399999909e+07
1.021592544749999940e+08 9.504756456389999390e+07 1.569941100000000000e+07 1.411268845422999859e+08
1.332592634340000004e+08 7.640302473600000143e+07 1.194265100000000000e+07 1.928158446470000148e+08
9.152221806000000238e+07 1.703287860000000000e+08 1.467522800000000000e+07 4.233591970000000298e+07
1.226288730999999940e+08 1.502322810000000000e+08 1.133512000000000000e+07 5.794778100000000000e+07
1.177282669599999934e+08 1.205906250000000000e+08 1.264741300000000000e+07 2.161562545699999854e+07
8.547859621999999881e+07 1.134599120230000019e+08 1.878502000000000000e+07 7.102181310000000522e+05
1.018728948700000048e+08 1.131169534000000060e+08 1.518691000000000000e+07 1.029723924400000088e+07
1.121721522000000030e+08 1.405666070000000000e+08 1.259452800000000000e+07 3.347454489999999851e+07
1.239544006700000167e+08 1.001743520000000000e+08 1.324286600000000000e+07 9.564050300000000745e+06
8.113039887000000477e+07 1.176302277440000027e+08 1.942392100000000000e+07 1.010844314000000013e+06
9.878045115999999642e+07 1.534586350000000000e+08 1.401199900000000000e+07 3.446104523000000417e+07
1.167358149500000030e+08 9.444628609000000358e+07 1.420729300000000000e+07 4.069287759999999776e+06
5.427805577000000328e+07 2.359826922209999859e+08 3.825767400000000000e+07 1.258260002000000095e+06
1.100582280499999970e+08 9.402856717499999702e+07 1.548515200000000000e+07 6.221012000000000698e+05
1.209371514899999946e+08 8.390104417399999499e+07 1.376494900000000000e+07 5.246299748700000346e+07
1.236209797199999988e+08 8.088025985999999940e+07 1.326033800000000000e+07 9.507147931000000238e+07
1.209850085699999928e+08 8.741653199600000679e+07 1.444422200000000000e+07 3.832242820000000065e+05
1.091804366800000072e+08 1.543814170000000000e+08 1.266452100000000000e+07 3.948305007999999821e+07
1.081722101800000072e+08 1.613744190000000000e+08 1.256821600000000000e+07 6.133920100000000000e+07
5.722289936999998987e+07 1.969278040000000000e+08 2.187595800000000000e+07 3.410602300000000000e+07
1.053876666790000051e+08 1.087087002999999970e+08 1.489477200000000000e+07 9.014650002000000328e+06
1.249851259399999976e+08 1.245347825000000000e+08 1.140914600000000000e+07 1.064082430999999940e+08
1.265213244900000244e+08 1.344769440000000000e+08 1.141422900000000000e+07 4.738429520000000298e+07
9.585447620999999344e+07 1.045716087020000070e+08 1.738147300000000000e+07 3.671652650000000140e+05
6.832602060999999940e+07 1.319465599420000017e+08 2.193003500000000000e+07 3.788440623999999836e+06
1.128195551180000007e+08 8.742115575300000608e+07 1.424117900000000000e+07 1.640249795340000093e+08
1.307948206400000155e+08 8.266564359999999404e+07 1.255433500000000000e+07 9.348069209999999404e+07
1.219290939200000018e+08 1.130899809000000060e+08 1.265311600000000000e+07 1.761748083680000156e+07
7.490380828799998760e+07 1.210825369581100047e+08 2.030348300000000000e+07 3.832507541837999970e+07
1.225942287900000066e+08 9.249821951999999583e+07 1.381627000000000000e+07 4.257239120000000112e+06
1.275707366700000167e+08 1.221523310999999940e+08 1.135566300000000000e+07 9.020744340000000596e+07
5.799104109000000358e+07 1.542993953000000119e+08 2.337057500000000000e+07 7.327423370000000112e+06
5.733570184000000358e+07 1.641344661999999881e+08 2.289240400000000000e+07 1.355829924000000022e+07
1.165319144099999964e+08 8.983562696700000763e+07 1.485246700000000000e+07 4.372888649999999907e+05
9.806618168000000715e+07 1.029917795810000002e+08 1.680468100000000000e+07 1.044367760000000009e+06
1.034329735400000066e+08 9.859890649899999797e+07 1.625414600000000000e+07 6.694729029999999329e+05
6.021809342000000179e+07 2.086333770000000000e+08 2.040498400000000000e+07 4.490496710000000149e+07
6.366526777000000328e+07 1.799851268000000119e+08 2.009161600000000000e+07 2.987010951000000164e+07
1.294260232699999809e+08 8.154234629999999702e+07 1.308919500000000000e+07 6.527914028999999911e+07
6.794085157899998128e+07 1.336586324899999946e+08 2.167700300000000000e+07 2.088765340799999889e+06
8.434490912599998713e+07 1.164807000999999940e+08 1.843748200000000000e+07 2.869941774500000291e+06
5.189521421000000089e+07 2.412287537199999988e+08 3.819291800000000000e+07 4.116153282000000123e+06
9.590562464000000060e+07 1.017171054599999934e+08 1.686280700000000000e+07 2.843126979399999976e+07
7.459510595999999344e+07 1.702603690000000000e+08 1.768112100000000000e+07 3.203014639000000060e+07
1.206034780000000000e+08 1.310148520000000000e+08 1.201658400000000000e+07 2.885304105600000173e+07
9.223120381000000238e+07 1.276627942999999970e+08 1.601141800000000000e+07 1.522625536999999918e+07
6.250441025100000948e+07 1.420931174100000262e+08 2.278439500000000000e+07 3.114820563000000082e+06
8.232259482999999821e+07 1.146661017999999970e+08 1.923425500000000000e+07 8.634752653999999166e+06
7.851391765399998426e+07 1.208027213009999990e+08 1.982194000000000000e+07 1.035555511000000057e+06
1.335255571700000167e+08 7.664394819400000572e+07 1.255623200000000000e+07 1.131743910530000031e+08
5.853863190999999642e+07 1.508146940499999821e+08 2.350953100000000000e+07 5.238949663999999873e+06
5.891352985100000352e+07 1.915584880000000000e+08 2.117157600000000000e+07 3.282046075000000000e+07
6.059611857000000030e+07 1.448693356699999869e+08 2.361821200000000000e+07 1.881312972999999998e+06
7.066832556000000238e+07 1.297444897360000014e+08 2.161326000000000000e+07 7.011255920000000624e+05
1.225979583869999945e+08 8.012697555200000107e+07 1.320218400000000000e+07 1.803259025516999960e+08
9.288638004000000656e+07 1.044259251299999952e+08 1.744780200000000000e+07 1.679885464400000125e+07
9.663255235999998450e+07 1.161331435999999940e+08 1.589425100000000000e+07 9.667837560000000522e+06
6.211763015399999917e+07 1.393466772000000179e+08 2.315732000000000000e+07 3.338734964299999923e+07
1.059099592170999944e+08 9.953661640999999642e+07 1.552618600000000000e+07 2.843856092459999956e+06
6.663390399300000072e+07 1.371632070600000024e+08 2.160047100000000000e+07 4.024187611000000034e+06
7.183735834000000358e+07 1.285533191400000006e+08 2.099897200000000000e+07 1.442714800999999978e+06
7.904499067000000179e+07 1.173008143499999940e+08 1.969881400000000000e+07 1.486800724499999918e+07
9.180595681340000033e+07 1.087996038499999940e+08 1.746260900000000000e+07 2.043722733400000026e+06
7.648409911600001156e+07 1.409677170000000000e+08 1.847827200000000000e+07 1.472791601999999955e+07
8.723128756999999285e+07 1.673789650000000000e+08 1.541025900000000000e+07 3.754162489999999851e+07
7.041793458999998868e+07 2.012850620000000000e+08 1.792020400000000000e+07 5.323670439999999851e+07
1.262231284099999964e+08 1.131636730900000036e+08 1.179547900000000000e+07 7.111182940000000596e+07
1.245838868819999993e+08 1.244979120000000000e+08 1.201691300000000000e+07 2.556565546000000089e+07
7.693673897999998927e+07 1.588015835999999940e+08 1.750532000000000000e+07 6.146567039999999851e+07
7.123484994999998808e+07 1.446434671999999881e+08 1.950851800000000000e+07 2.766569326000000164e+07
7.710709267239998281e+07 1.224306799800000042e+08 1.985897800000000000e+07 1.939259002400000114e+06
5.516430006000000238e+07 2.010067649000000060e+08 2.320746600000000000e+07 3.180616410000000149e+07
9.603110746099999547e+07 1.060778461200000048e+08 1.679833800000000000e+07 2.567991716599999927e+06
1.060405233100000024e+08 1.439497050000000000e+08 1.329241400000000000e+07 3.166051410000000149e+07
8.668188225999999046e+07 1.228264792999999970e+08 1.734162700000000000e+07 8.996766337999999523e+06
1.139670539500000030e+08 9.157009615000000596e+07 1.503317400000000000e+07 6.460940500000000466e+05
1.255195394870000184e+08 8.370190454279999435e+07 1.378084500000000000e+07 2.779145706450000033e+07
1.094826134500000030e+08 1.307105980999999940e+08 1.297380200000000000e+07 9.537903770999999344e+07
7.469056465999999642e+07 1.219948046200000048e+08 2.050933600000000000e+07 1.522206204099999927e+07
1.348195393919999897e+08 7.326319238989999890e+07 1.205446000000000000e+07 1.870761622019999921e+08
8.655551178000001609e+07 1.124163802769999951e+08 1.858513900000000000e+07 7.949750829999999842e+05
7.255171977000001073e+07 1.309570448700000048e+08 2.021850600000000000e+07 4.910707364000000060e+06
8.353188343299999833e+07 1.855913310000000000e+08 1.561760700000000000e+07 6.043642100000000000e+07
8.946229532999999821e+07 1.143513855100000054e+08 1.741606900000000000e+07 4.564506461000000127e+06
1.190410197600000054e+08 9.820983929999999702e+07 1.368492000000000000e+07 7.245473000000000000e+06
1.162218423860000074e+08 8.500305749899999797e+07 1.384361000000000000e+07 1.699162695807999969e+08
1.080400229599999934e+08 9.124612654000000656e+07 1.504961800000000000e+07 8.013081695900000632e+07
1.183178847699999958e+08 8.985517832999999821e+07 1.443644300000000000e+07 1.402988144000000088e+06
6.454326358999998868e+07 1.381707661800000072e+08 2.272065800000000000e+07 1.414469202000000048e+06
1.026184185110000074e+08 1.046275706500000060e+08 1.564417500000000000e+07 5.026241725000000559e+06
1.042796753599999994e+08 1.644776310000000000e+08 1.298500900000000000e+07 6.156205400000000000e+07
1.277095704230000228e+08 7.997382786900000274e+07 1.311422600000000000e+07 7.741665087800000608e+07
9.780366253000001609e+07 1.701074730000000000e+08 1.377069000000000000e+07 5.080142539999999851e+07
1.184035095499999970e+08 1.333445190000000000e+08 1.204552000000000000e+07 3.679491800000000000e+07
1.219113897399999946e+08 1.270000240000000000e+08 1.203328100000000000e+07 2.856800730000000075e+07
5.628518169000000507e+07 1.603209377399999797e+08 2.512937700000000000e+07 4.721110216000000015e+06
5.014287149000000209e+07 2.516958130999999940e+08 3.796822400000000000e+07 1.021961615999999829e+07
5.922320152000000328e+07 2.027606340000000000e+08 2.079107800000000000e+07 4.066440340000000596e+07
9.182290690999999642e+07 1.080096700719999969e+08 1.783826800000000000e+07 5.262339899999999907e+05
5.840784140999999642e+07 1.973172070000000000e+08 2.118351300000000000e+07 3.656808389999999851e+07
1.078591804749999940e+08 9.049980316009999812e+07 1.495265500000000000e+07 1.546605890367999971e+08
9.182249605400000513e+07 1.040702901339000016e+08 1.717907900000000000e+07 1.089947863955000043e+08
5.957041968999999762e+07 1.591312159000000060e+08 2.233288400000000000e+07 1.267845784999999963e+07
1.283558031340000033e+08 7.626663311190000176e+07 1.265696700000000000e+07 1.863789753569000065e+08
6.984892468999999762e+07 1.349193267400000095e+08 2.069023700000000000e+07 5.428426591000000015e+06
1.190740972160000056e+08 8.227391211710000038e+07 1.367499700000000000e+07 1.914389780776000023e+08
1.200256137290000170e+08 1.040642834000000060e+08 1.324018800000000000e+07 1.149695919810000062e+07
9.278124809000000358e+07 1.154316959000000060e+08 1.663382300000000000e+07 7.492014269999999553e+06
1.364233737800000012e+08 7.514096950000000000e+07 1.199458500000000000e+07 1.569919266999999881e+08
9.988420298999999464e+07 1.634905280000000000e+08 1.364935100000000000e+07 4.143574129999999702e+07
1.236688598400000036e+08 8.838440685999999940e+07 1.253592100000000000e+07 1.919671218700000048e+08
7.475336431200000644e+07 1.247027826400000006e+08 2.037339600000000000e+07 1.730804041999999899e+06
8.477585573999999464e+07 1.595414570000000000e+08 1.604501400000000000e+07 3.132893707000000030e+07
1.377438536900000274e+08 7.283909631000000238e+07 1.203381000000000000e+07 1.645851353510000110e+08
1.372423651299999952e+08 8.201712350000000000e+07 1.139852200000000000e+07 1.899165064300000072e+08
7.469247178999999166e+07 1.963068000000000000e+08 1.707993900000000000e+07 5.599980660000000149e+07
1.138915389000000060e+08 1.344535323000000119e+08 1.233913800000000000e+07 1.022746660000000000e+08
8.515816644000001252e+07 1.217072190999999940e+08 1.776031900000000000e+07 7.119128315000000410e+06
8.261601251299999654e+07 1.200504068499999940e+08 1.849094700000000000e+07 4.414887283999999985e+06
1.033799994300000072e+08 9.711660637000000477e+07 1.620175300000000000e+07 7.550247930000000633e+06
5.846858884000000358e+07 1.547687616299999952e+08 2.521833900000000000e+07 1.607560709000000032e+06
1.239463386299999952e+08 1.396863400000000000e+08 1.139812800000000000e+07 5.197247000000000000e+07
9.400317043000000715e+07 1.668475290000000000e+08 1.430177400000000000e+07 5.613312500000000000e+07
5.426909050999999791e+07 1.885544374000000060e+08 2.407660100000000000e+07 2.265578630000000075e+07
8.522439612999999523e+07 1.750253490000000000e+08 1.556779200000000000e+07 4.130348810000000149e+07
6.870207328000000119e+07 1.548752293400000036e+08 1.965704700000000000e+07 3.368267285000000149e+07
