1.235445002900000066e+08 1.118727172999999970e+08 1.262145400000000000e+07 1.715108400000000000e+07
1.273295506899999976e+08 1.049827678400000036e+08 1.215590800000000000e+07 5.925717556000000238e+07
1.230921183100000024e+08 1.269242170000000000e+08 1.200087600000000000e+07 2.672675406399999931e+07
7.442976482999999821e+07 1.250697042689999938e+08 2.061967500000000000e+07 1.021077476000000024e+06
1.243815390690000057e+08 1.244670980000000000e+08 1.202747200000000000e+07 2.544186944000000134e+07
1.185325557800000012e+08 8.949343865699999034e+07 1.445960000000000000e+07 1.133012983000000007e+06
1.181844572020000070e+08 1.081096365999999940e+08 1.317648100000000000e+07 1.373980043899999931e+07
1.164317980849999934e+08 8.999390789699999988e+07 1.492565300000000000e+07 2.969684859000000288e+05
7.301646405200000107e+07 1.277104832800000012e+08 2.055083000000000000e+07 2.282261255200000014e+06
1.224925464399999976e+08 9.234761034000000358e+07 1.383273300000000000e+07 4.171961790000000037e+06
1.182402365900000036e+08 1.415925650000000000e+08 1.192198100000000000e+07 3.474607524000000209e+07
1.205218802099999934e+08 1.528426300000000000e+08 1.142554600000000000e+07 6.116277400000000000e+07
1.037577959599999934e+08 1.169999295000000000e+08 1.467566700000000000e+07 1.372890030900000036e+07
1.239690746440000236e+08 1.001071860000000000e+08 1.324507600000000000e+07 9.588957305999999866e+06
7.207250484999999404e+07 1.338724966599999964e+08 2.011357500000000000e+07 6.409372855999999680e+06
1.202402773400000185e+08 1.181964405000000000e+08 1.252713000000000000e+07 2.079503557000000030e+07
1.277251288930000216e+08 8.114579359000000358e+07 1.326218600000000000e+07 6.099743223200000077e+07
1.188527494800000042e+08 9.765706800000000000e+07 1.374216600000000000e+07 6.796821129999999888e+06
1.200552500300000012e+08 1.363909670000000000e+08 1.187702000000000000e+07 3.304132919999999925e+07
1.169107649889999926e+08 1.010232040000000000e+08 1.372218600000000000e+07 8.507395082799999043e+06
1.209919414889999926e+08 8.744114713700000942e+07 1.445122500000000000e+07 3.349531258999999845e+05
1.112220001599999964e+08 1.447231070000000000e+08 1.262287900000000000e+07 3.421549700999999791e+07
1.147131345699999928e+08 1.351828870000000000e+08 1.247475500000000000e+07 2.962687146999999881e+07
1.135721083599999845e+08 1.569970970000000000e+08 1.203039000000000000e+07 6.066112300000000000e+07
1.382250199699999988e+08 8.088008450000000000e+07 1.142801900000000000e+07 1.833556357700000107e+08
1.265099945799999833e+08 1.356709450000000000e+08 1.137454300000000000e+07 4.935710000000000000e+07
1.246747347300000042e+08 1.394400500000000000e+08 1.139340800000000000e+07 4.777176500000000000e+07
6.913048429000000656e+07 1.409751240000000000e+08 2.041545800000000000e+07 9.028386587999999523e+06
1.249596112600000054e+08 9.617995600000000000e+07 1.320490500000000000e+07 2.040316530000000075e+07
1.142133890279999971e+08 9.655541728000000119e+07 1.441113600000000000e+07 4.446270552000000142e+06
1.108344410699999928e+08 1.373214280000000000e+08 1.287895500000000000e+07 2.946768677000000328e+07
8.727375226000000536e+07 1.673735160000000000e+08 1.538121100000000000e+07 3.897324579999999702e+07
1.220164912559999973e+08 8.132232604599998891e+07 1.317475400000000000e+07 1.786951914144999981e+08
6.055991825230000168e+07 1.449332102199999988e+08 2.361736000000000000e+07 1.916185530640000012e+06
1.352268951200000048e+08 8.398962800000000000e+07 1.142021800000000000e+07 2.103445719300000072e+08
7.726801499899999797e+07 1.220549564019999951e+08 2.038512500000000000e+07 4.701002210000000196e+05
1.376643822300000191e+08 7.236164668000000715e+07 1.198484100000000000e+07 1.745893397899999917e+08
1.122749406800000072e+08 9.321484498000000417e+07 1.506555700000000000e+07 1.329065504999999888e+06
5.434242551000000536e+07 2.359024036620000005e+08 3.825771900000000000e+07 1.218018324000000022e+06
1.229525740000000000e+08 1.089962205999999940e+08 1.257737900000000000e+07 3.049259060000000149e+07
9.680778229999999702e+07 1.611256130000000000e+08 1.410352300000000000e+07 3.847846381000000238e+07
8.421972554899999499e+07 1.846313540000000000e+08 1.551654900000000000e+07 6.080355600000000000e+07
1.240089452699999958e+08 1.287963457000000030e+08 1.142065800000000000e+07 1.078889350999999940e+08
1.268384226099999994e+08 8.343561800000000000e+07 1.372345800000000000e+07 2.884120100000000000e+07
8.936551239000000060e+07 1.100550326060000062e+08 1.803626300000000000e+07 1.036404087000000058e+06
1.083689737179999948e+08 9.025704854999999702e+07 1.484866900000000000e+07 1.533593337741999924e+08
1.002467960799999982e+08 1.010122484229999930e+08 1.667568100000000000e+07 5.694213139999998966e+05
8.062421889399999380e+07 1.866094910000000000e+08 1.613832500000000000e+07 4.620193120000000298e+07
6.204861157599999756e+07 1.423612110099999905e+08 2.305831200000000000e+07 2.432751041999999899e+06
9.456886981000000238e+07 1.734527410000000000e+08 1.412295000000000000e+07 6.195851300000000000e+07
1.140712947099999934e+08 8.816745610999999940e+07 1.439598200000000000e+07 5.819010802000000328e+07
7.639547820000000298e+07 1.941916440000000000e+08 1.676659600000000000e+07 5.726292900000000000e+07
4.939695415000000596e+07 2.680335670999999940e+08 3.734508100000000000e+07 2.124521450000000000e+07
6.663824741000001878e+07 1.356917742689999938e+08 2.233880200000000000e+07 1.021077476000000024e+06
9.140994871999999881e+07 1.083576616940000057e+08 1.803670700000000000e+07 3.606902079999999842e+05
8.052763782900001109e+07 1.151843425773999989e+08 1.906844500000000000e+07 7.034870558159999549e+07
5.824036600000000000e+07 1.551261918800000548e+08 2.521434700000000000e+07 1.799952924999999814e+06
7.103614722999998927e+07 2.007513970000000000e+08 1.779356800000000000e+07 5.412151220000000298e+07
1.034364750199999958e+08 1.651491840000000000e+08 1.307811900000000000e+07 6.156639100000000000e+07
1.162454337000000179e+08 1.242227125000000000e+08 1.266362000000000000e+07 2.354616198000000045e+07
5.815651449000000209e+07 1.534425192800000012e+08 2.337986000000000000e+07 6.841787952999999747e+06
1.379274871900000274e+08 8.261607790000000596e+07 1.134401500000000000e+07 1.915944714399999976e+08
1.232981810999999940e+08 1.429454390000000000e+08 1.144380500000000000e+07 4.493105650000000000e+07
1.045704795600000024e+08 1.571850330000000000e+08 1.309179200000000000e+07 4.643860070000000298e+07
9.775984738799999654e+07 1.031184129640000015e+08 1.715143300000000000e+07 3.213461640000000480e+05
1.285412570900000036e+08 1.127936294000000060e+08 1.161453400000000000e+07 8.012176028999999166e+07
1.236144751899999976e+08 1.182371835999999940e+08 1.191688200000000000e+07 5.736978850000000000e+07
1.110660117900000215e+08 1.133150485000000000e+08 1.381130000000000000e+07 1.434316085300000012e+07
6.478836653999999911e+07 2.085095220000000000e+08 1.919226500000000000e+07 5.025480110000000149e+07
8.482231191999998689e+07 1.336588115999999940e+08 1.709606500000000000e+07 1.485203722000000067e+07
1.325379186300000399e+08 7.770232464000000060e+07 1.264922000000000000e+07 1.035130198799999952e+08
8.845013081000000238e+07 1.576996400000000000e+08 1.546884300000000000e+07 3.227841489999999851e+07
9.311343145000000298e+07 1.122176344300000072e+08 1.683816500000000000e+07 5.112384310999999754e+06
5.515173307000006735e+07 2.008965320999999940e+08 2.321614300000000000e+07 3.172439860000000149e+07
7.917019806999999285e+07 1.903329000000000000e+08 1.629432100000000000e+07 5.875996100000000000e+07
1.204592216229999959e+08 1.047159245000000000e+08 1.317271300000000000e+07 1.199258043769999966e+07
7.597937854199999571e+07 1.290396652199999988e+08 1.941465600000000000e+07 6.060846825999999419e+06
6.410328088180000335e+07 1.356172623617509902e+08 2.271424700000000000e+07 3.295763684793499857e+07
1.169571618299999982e+08 9.134271884000000358e+07 1.446028900000000000e+07 2.032490976000000024e+06
8.665932356999999285e+07 1.224802242000000030e+08 1.736962800000000000e+07 8.760698798000000417e+06
6.741959260999998450e+07 1.342090440770000070e+08 2.229532300000000000e+07 7.813372169999999460e+05
7.418631062999999523e+07 1.931971800000000000e+08 1.721346900000000000e+07 4.747820500000000000e+07
1.385618860640000105e+08 7.244150559000000358e+07 1.199727300000000000e+07 1.685342699219999909e+08
1.357518443550000191e+08 7.259241002320000529e+07 1.205280700000000000e+07 1.853401072420000136e+08
6.006180479999999702e+07 2.078393150000000000e+08 2.045919100000000000e+07 4.427247320000000298e+07
8.527652726999998093e+07 1.136542873879999965e+08 1.882904900000000000e+07 6.861931770000000251e+05
1.375317608599999845e+08 7.442959459999999404e+07 1.194745400000000000e+07 1.620439326999999881e+08
1.308078231309999973e+08 7.523957331940001249e+07 1.237541500000000000e+07 1.695248096028000116e+08
1.017593339200000018e+08 1.073469744000000060e+08 1.559626300000000000e+07 6.281880506000000052e+06
5.759325178000000119e+07 1.904867090000000000e+08 2.168114400000000000e+07 3.148455130000000075e+07
1.315066409399999976e+08 8.467255990000000596e+07 1.172801000000000000e+07 1.999252587299999893e+08
1.054274173400000185e+08 1.109144795999999940e+08 1.476346400000000000e+07 1.037259466999999993e+07
1.254428795569999963e+08 7.807183775730000436e+07 1.297619300000000000e+07 1.848644912351000011e+08
1.044205364476000220e+08 1.008399869899999946e+08 1.568200300000000000e+07 2.963056258880000096e+06
1.334585952909999937e+08 7.684735928100000322e+07 1.257139400000000000e+07 1.111496648610000014e+08
7.065100204999999702e+07 1.435890879000000060e+08 1.979633600000000000e+07 1.215106331000000052e+07
5.104877134000000358e+07 2.450555745000000000e+08 3.812788200000000000e+07 6.273640399999999441e+06
1.021352948860000074e+08 1.023663464099999964e+08 1.596299800000000000e+07 2.905870692890000064e+06
9.545587631700000167e+07 1.096776513599999994e+08 1.657536300000000000e+07 4.689969807000000030e+06
1.336169044839999974e+08 7.337266691570000350e+07 1.217718100000000000e+07 1.857751923968999982e+08
1.011632980100000054e+08 1.613669390000000000e+08 1.352344700000000000e+07 4.045317824000000209e+07
6.870880462999999523e+07 1.904355830000000000e+08 1.847121000000000000e+07 4.063700670000000298e+07
1.003139670810000002e+08 9.667261137909999490e+07 1.592216700000000000e+07 1.338468252264000028e+08
6.979121340899999440e+07 1.277566787210000008e+08 2.128844100000000000e+07 3.189191695820000023e+07
1.106116858499999940e+08 9.364237136499999464e+07 1.549924200000000000e+07 4.324133080000000191e+05
1.341779895691999942e+08 7.317790338324999809e+07 1.215530600000000000e+07 1.792411727285900116e+08
8.025816115000000596e+07 1.558998441999999881e+08 1.701163000000000000e+07 2.656544714999999851e+07
1.284716639919999838e+08 8.024579894400000572e+07 1.314725600000000000e+07 7.023677397200000286e+07
7.451214526999999583e+07 1.656848220000000000e+08 1.785645300000000000e+07 2.901469303999999911e+07
7.296051945999999344e+07 1.983497390000000000e+08 1.741090300000000000e+07 5.474849010000000149e+07
5.602130474000000209e+07 1.614855494699999988e+08 2.510891900000000000e+07 5.383939152000000700e+06
1.375702611930000186e+08 7.325011924899999797e+07 1.210054100000000000e+07 1.566121290049999952e+08
7.256390133999998868e+07 1.925832600000000000e+08 1.753749200000000000e+07 5.130543710000000149e+07
8.133155277130000293e+07 1.186030023299999982e+08 1.906001900000000000e+07 2.116553751130000222e+06
7.050816574699999392e+07 1.315140128900000006e+08 2.084079400000000000e+07 3.534258499000000302e+06
1.061125640400000215e+08 9.686746507299999893e+07 1.592807500000000000e+07 5.918266360000000568e+05
6.446490544300000370e+07 1.386336361200000048e+08 2.239525200000000000e+07 2.649655783100000117e+06
9.442312787999999523e+07 1.057019349849999994e+08 1.731662700000000000e+07 1.025839849000000046e+06
1.190727370799999982e+08 8.713624928000000119e+07 1.445553800000000000e+07 7.971914883999999613e+06
9.680051553000000119e+07 1.007309873599999994e+08 1.662448400000000000e+07 4.183368709200000018e+07
6.871591697300000489e+07 1.288252215922300071e+08 2.156701300000000000e+07 3.971436868347000331e+07
1.330701217600000054e+08 8.061555909999999404e+07 1.195916900000000000e+07 1.478910968000000119e+08
5.007124188000000268e+07 2.524272324000000060e+08 3.794729500000000000e+07 1.066990313000000082e+07
9.129474570999999344e+07 1.698616060000000000e+08 1.464409500000000000e+07 5.619736800000000000e+07
1.061993295499999970e+08 9.862826290000000596e+07 1.556210800000000000e+07 2.391747598000000231e+06
8.698365770999999344e+07 1.122245442189999968e+08 1.863488800000000000e+07 4.882102029999999795e+05
1.039664318799999952e+08 9.394788020530000329e+07 1.540782700000000000e+07 1.197047416389999986e+08
1.293502648599999845e+08 1.147892827000000030e+08 1.144486900000000000e+07 8.988718231999999285e+07
