1.334519134220000207e+08 7.626904326000000536e+07 1.246623000000000000e+07 1.215326427999999970e+08
1.366779550499999821e+08 7.251184950000000000e+07 1.202450700000000000e+07 1.756683453889999986e+08
9.171530170999999344e+07 1.079538353009999990e+08 1.793078400000000000e+07 4.518472619999999879e+05
1.349810441500000060e+08 7.298301628000000119e+07 1.215358700000000000e+07 1.724814429790000021e+08
1.323867114800000042e+08 7.825042770000000298e+07 1.260138400000000000e+07 1.042936311700000018e+08
9.876064671999999881e+07 1.306997999000000060e+08 1.479277500000000000e+07 2.028063512000000104e+07
1.351020187789999843e+08 8.001452396999999881e+07 1.193057100000000000e+07 1.424385556489999890e+08
1.212174027300000042e+08 1.030025137000000030e+08 1.321677800000000000e+07 1.107504330000000075e+07
9.142642696600000560e+07 1.110668200000000000e+08 1.730689000000000000e+07 3.294464974100000225e+06
1.000967637000000030e+08 1.011242925569999963e+08 1.674626400000000000e+07 4.716638240000000224e+05
1.210727654769999981e+08 8.734744933900000155e+07 1.446418300000000000e+07 3.086081971999999951e+05
1.371854126199999452e+08 7.363651479999999702e+07 1.197113700000000000e+07 1.665349844399999976e+08
1.110604876099999994e+08 1.122960662000000030e+08 1.385930200000000000e+07 1.375257707799999975e+07
7.083647456999999285e+07 2.009614430000000000e+08 1.783408400000000000e+07 5.386907389999999851e+07
1.217489269000000060e+08 1.478812940000000000e+08 1.142267600000000000e+07 5.252486000000000000e+07
1.232631043100000173e+08 1.121289335999999940e+08 1.262364100000000000e+07 1.721660639999999851e+07
1.380921890740000010e+08 7.250472738500000536e+07 1.203546800000000000e+07 1.662859591130000055e+08
4.939695415000000596e+07 2.680335670999999940e+08 3.734508100000000000e+07 2.124521450000000000e+07
1.098346518199999928e+08 1.599896240000000000e+08 1.239676100000000000e+07 6.123807700000000000e+07
7.257205051999999583e+07 1.278543861200000048e+08 2.075283500000000000e+07 1.787320683999999892e+06
6.120405706999999285e+07 1.475388743499999940e+08 2.264562200000000000e+07 5.974593091000000015e+06
1.224200008199999928e+08 1.254452984000000060e+08 1.159207400000000000e+07 1.048275555499999970e+08
1.231421783400000185e+08 9.191246490000000596e+07 1.383218800000000000e+07 3.892901959999999963e+06
9.161229538199999928e+07 1.069687471430000067e+08 1.695557400000000000e+07 1.113842822789999992e+08
1.190881079009999931e+08 1.057548180000000000e+08 1.322256300000000000e+07 1.238122257619999908e+07
1.382974225699999928e+08 8.196917729999999702e+07 1.138868700000000000e+07 1.832669689699999988e+08
1.372667089799999893e+08 8.098699176000000536e+07 1.141949700000000000e+07 1.932524317100000083e+08
7.455543013199998438e+07 1.411867491999999881e+08 1.894348800000000000e+07 1.324815509999999963e+07
1.053642049599999934e+08 9.318118048499999940e+07 1.516352000000000000e+07 1.449700521872000098e+08
1.336575040929999948e+08 7.332330085160000622e+07 1.218667600000000000e+07 1.840311983312000036e+08
7.036582986000001431e+07 1.343546444699999988e+08 2.059670000000000000e+07 5.314407718999999575e+06
7.602184669099999964e+07 1.244694793400000036e+08 1.988245300000000000e+07 2.846460669000000227e+06
5.944247449000000209e+07 2.044049900000000000e+08 2.069677500000000000e+07 4.168809100000000000e+07
1.292121576800000072e+08 1.165054992000000030e+08 1.137894100000000000e+07 9.401940937000000477e+07
1.137790275999999940e+08 9.932311759999999404e+07 1.426130000000000000e+07 6.176851190099999309e+06
9.512608106000000238e+07 1.059044871400000006e+08 1.705288900000000000e+07 1.729416793000000063e+06
9.396660543999999762e+07 1.191495197000000030e+08 1.617178600000000000e+07 1.048655288599999994e+07
1.214888888799999952e+08 1.320064280000000000e+08 1.192771100000000000e+07 2.955622207499999925e+07
8.206775734999997914e+07 1.873445800000000000e+08 1.583861700000000000e+07 5.840564800000000000e+07
1.036709320300000012e+08 9.864755907199999690e+07 1.624288900000000000e+07 5.262339899999999907e+05
1.239455533599999994e+08 9.924381559999999404e+07 1.321752700000000000e+07 1.338426332000000030e+07
9.369108206000000238e+07 1.744163420000000000e+08 1.423308700000000000e+07 6.197077000000000000e+07
8.469201257999999821e+07 1.515196239000000060e+08 1.633503300000000000e+07 2.623532082000000030e+07
1.253007282090000063e+08 8.362471739300000668e+07 1.377106000000000000e+07 2.925100211129999906e+07
1.182178940300000012e+08 8.742062631999999285e+07 1.454970300000000000e+07 8.084210781999999657e+06
5.595713820300000161e+07 1.754099972700000107e+08 2.816446500000000000e+07 2.943457780000000261e+06
6.669472915000000596e+07 1.370370834600000083e+08 2.161148800000000000e+07 3.847201299999999814e+06
1.058035751030000001e+08 9.708076867200000584e+07 1.612651100000000000e+07 3.019019170000000158e+05
5.811703038000000268e+07 1.527418454699999988e+08 2.346478500000000000e+07 9.002873573000000790e+06
8.487747457000000775e+07 1.828857790000000000e+08 1.542581400000000000e+07 6.010487400000000000e+07
7.937356830000001192e+07 1.255712618900000006e+08 1.882635300000000000e+07 5.983428398999999277e+06
1.168788885209999979e+08 1.036304575999999940e+08 1.356838600000000000e+07 1.022333594299999997e+07
5.199864169000000507e+07 2.408630846899999976e+08 3.819848400000000000e+07 3.912285479999999981e+06
8.266851351000000536e+07 1.131896215799999982e+08 1.898114300000000000e+07 2.429843418200000003e+07
1.101993978869999945e+08 9.405780237999999523e+07 1.561642000000000000e+07 2.911408801000000094e+05
8.697159732000000775e+07 1.506098530000000000e+08 1.595981900000000000e+07 2.691241119000000134e+07
1.337476204609999955e+08 7.519485402199999988e+07 1.198369800000000000e+07 1.905011334050000012e+08
1.272582824800000042e+08 1.050548814699999988e+08 1.222747000000000000e+07 5.347117903999999911e+07
1.189471716099999994e+08 9.781529950000000000e+07 1.370826000000000000e+07 7.132566770000000484e+06
9.708451312000000477e+07 1.040780972699999958e+08 1.683784800000000000e+07 1.500469568999999901e+06
6.878723766000001132e+07 2.008072550000000000e+08 1.827616900000000000e+07 5.066653010000000149e+07
1.177839261700000018e+08 1.442082000000000000e+08 1.191053800000000000e+07 3.627855047999999672e+07
8.830963841999998689e+07 1.747282460000000000e+08 1.509257600000000000e+07 4.273463450000000000e+07
9.878085904999999702e+07 1.693154260000000000e+08 1.361104500000000000e+07 6.180519300000000000e+07
6.449765760130000114e+07 1.388910704620000124e+08 2.303698800000000000e+07 7.546363659999999218e+05
1.260747363699999601e+08 7.918219653000000119e+07 1.298003900000000000e+07 1.083765924379999936e+08
5.806376356099999696e+07 1.538566289900000095e+08 2.475486300000000000e+07 2.681706721400000155e+06
1.169349666299999952e+08 8.676339420999999344e+07 1.421886300000000000e+07 4.285657527000000328e+07
5.960196174500000477e+07 1.638476950000000000e+08 2.205268000000000000e+07 1.571387951999999955e+07
6.360404507999999821e+07 1.370400802380000055e+08 2.272506000000000000e+07 3.534241013599999994e+07
1.027639495499999970e+08 1.657685520000000000e+08 1.315306000000000000e+07 6.160950200000000000e+07
8.933023537999999523e+07 1.100748631819999963e+08 1.800535200000000000e+07 1.244585966000000015e+06
1.358208289350000024e+08 7.258594611320000887e+07 1.204694800000000000e+07 1.853656025020000041e+08
1.283065452099999934e+08 8.044606248999999464e+07 1.306624300000000000e+07 7.470500043999999762e+07
6.236089446400000155e+07 1.419952973190000057e+08 2.338655900000000000e+07 1.188062714000000153e+06
1.191085187199999988e+08 8.903335685000000894e+07 1.444062600000000000e+07 9.837787539999999572e+05
5.773803264999999851e+07 1.917660840000000000e+08 2.158269200000000000e+07 3.245269880000000075e+07
1.171319510600000024e+08 1.385131110000000000e+08 1.210804400000000000e+07 3.253859273999999836e+07
1.086251144099999964e+08 9.528677962000000477e+07 1.557899400000000000e+07 7.809060629999999655e+05
7.417009662600000203e+07 1.255287179300000072e+08 2.042729000000000000e+07 1.948626744059999939e+06
6.057311205680000037e+07 1.449098546999999881e+08 2.361766900000000000e+07 1.903443513130000094e+06
1.203300010900000185e+08 1.364072030000000000e+08 1.187124000000000000e+07 3.226603116000000015e+07
1.191147596299999952e+08 1.415679230000000000e+08 1.171589200000000000e+07 4.904691150000000000e+07
1.252972100100000054e+08 1.248013112000000030e+08 1.138619400000000000e+07 1.076135657999999970e+08
7.035726806999999285e+07 1.305688234229999930e+08 2.161182500000000000e+07 7.095432959999999730e+05
8.389140785999999940e+07 1.329861730999999940e+08 1.730981100000000000e+07 1.400909203999999911e+07
1.128430063700000048e+08 9.259894479700000584e+07 1.505419500000000000e+07 1.063202783999999985e+06
5.391469610000000149e+07 2.364880388199999928e+08 3.825519000000000000e+07 1.518247289000000106e+06
1.002775178889999986e+08 9.679814348090000451e+07 1.590796500000000000e+07 1.342708760622000098e+08
8.143064925000000000e+07 1.176834430949999988e+08 1.946530100000000000e+07 6.326681270000000950e+05
1.169447713599999994e+08 1.094057904000000060e+08 1.324595600000000000e+07 1.402991358599999920e+07
1.168121854699999839e+08 9.190475554000000656e+07 1.443056600000000000e+07 2.291996610000000335e+06
1.023896811099999994e+08 1.379899505999999940e+08 1.372857500000000000e+07 9.496928432999999821e+07
6.309026570400000364e+07 1.409090397699999809e+08 2.273485100000000000e+07 2.630457633800000418e+06
1.217777477750000060e+08 8.053506137300001085e+07 1.331908800000000000e+07 1.834012965805000067e+08
8.351103582199999690e+07 1.120274871150999963e+08 1.859323400000000000e+07 6.794161901813000441e+07
1.253482332900000215e+08 1.386779390000000000e+08 1.134793600000000000e+07 5.180389600000000000e+07
1.073347325700000226e+08 1.405024610000000000e+08 1.322542100000000000e+07 3.007638212999999896e+07
9.850646529999999702e+07 1.428158510000000000e+08 1.436749700000000000e+07 2.786062269999999925e+07
1.313173360400000215e+08 8.219628496999999881e+07 1.183675300000000000e+07 1.954948129000000060e+08
7.690519656899999082e+07 1.221151040770000070e+08 2.029285900000000000e+07 7.813372169999999460e+05
5.359341460200000554e+07 1.850706689000000060e+08 2.661580400000000000e+07 1.291020143999999948e+07
1.142089987199999988e+08 1.565667690000000000e+08 1.197299800000000000e+07 5.882515200000000000e+07
1.301425037999999821e+08 7.739957895999999344e+07 1.261901000000000000e+07 1.188896690000000000e+08
1.164579279599999934e+08 8.996753007199999690e+07 1.480849600000000000e+07 5.262339899999999907e+05
1.237944127099999785e+08 1.425103420000000000e+08 1.138543900000000000e+07 4.907262900000000000e+07
5.582694078999999911e+07 1.624417606999999881e+08 2.508901400000000000e+07 5.931303031000000425e+06
1.235920240110000372e+08 1.259137890000000000e+08 1.201130900000000000e+07 2.615568336400000006e+07
5.562443241199999303e+07 2.005513934000000060e+08 2.289614200000000000e+07 3.259627639999999851e+07
5.003931088999999315e+07 2.527655778000000119e+08 3.793740800000000000e+07 1.087933885999999940e+07
5.729671919000000507e+07 1.646930745000000000e+08 2.287570400000000000e+07 1.389366043999999948e+07
1.277965338750000000e+08 7.659839285279999673e+07 1.272073400000000000e+07 1.858322121967999935e+08
1.293703559500000030e+08 1.149405252000000030e+08 1.147070100000000000e+07 8.597977114000000060e+07
8.677173798000000417e+07 1.274624840000000000e+08 1.704176800000000000e+07 1.202115046099999920e+07
1.197105352999999970e+08 1.169421442000000030e+08 1.262161300000000000e+07 1.992541550000000000e+07
8.496025982999999821e+07 1.146018280100000054e+08 1.856705100000000000e+07 1.635924736000000034e+06
1.085932611700000167e+08 1.610376700000000000e+08 1.256024900000000000e+07 5.221083289999999851e+07
9.828040012999999523e+07 1.138950545000000000e+08 1.573385000000000000e+07 9.175624206000000238e+06
7.981646876000000536e+07 1.894978530000000000e+08 1.619036400000000000e+07 5.894567500000000000e+07
6.667043309800000489e+07 1.350896670350000262e+08 2.235349900000000000e+07 1.019149557999999961e+06
6.848465426999999583e+07 1.500630300999999940e+08 2.001230100000000000e+07 1.474685825999999978e+07
1.142544315300000012e+08 1.160624382000000030e+08 1.325801100000000000e+07 1.735313319599999860e+07
6.344724597999999672e+07 2.072756720000000000e+08 1.953629100000000000e+07 4.667357950000000000e+07
6.879609237999999523e+07 1.321128645069999993e+08 2.193952400000000000e+07 8.608923090000000084e+05
1.203997095100000054e+08 1.524033850000000000e+08 1.143912600000000000e+07 5.967254400000000000e+07
5.434336493999999762e+07 1.931156178000000119e+08 2.388473100000000000e+07 2.591539910000000149e+07
8.194662209999999404e+07 1.331425562000000030e+08 1.771375200000000000e+07 1.285364376999999955e+07
