1.055758745259999931e+08 1.000381359599999934e+08 1.552555200000000000e+07 3.182010979299999774e+06
5.705849637000000477e+07 1.755202689000000060e+08 2.242306900000000000e+07 2.096194717999999970e+07
1.257189065780000389e+08 1.050558531200000048e+08 1.227961900000000000e+07 5.456829409899999946e+07
9.914529390000000596e+07 1.020255411800000072e+08 1.682625100000000000e+07 5.130571439999999711e+05
1.117571100300000012e+08 9.430218631999999285e+07 1.502349300000000000e+07 1.854982304000000004e+06
1.378749654599999785e+08 8.306401479999999702e+07 1.135618100000000000e+07 1.865078860099999905e+08
1.170081378400000036e+08 9.121450773999999464e+07 1.446496800000000000e+07 1.990520621000000043e+06
1.226824844300000072e+08 9.190917798999999464e+07 1.385516400000000000e+07 3.892495720000000205e+06
1.242921855000000447e+08 1.105456292999999970e+08 1.262999600000000000e+07 1.801623530000000075e+07
9.291480895999999344e+07 1.071399147939999998e+08 1.763205500000000000e+07 6.247326350000000093e+05
1.198875540100000054e+08 1.324685660000000000e+08 1.202812600000000000e+07 2.950593037000000104e+07
1.159098834909999818e+08 1.015199785000000000e+08 1.379996100000000000e+07 8.713973180999999866e+06
1.211693212759999931e+08 8.728774759700000286e+07 1.446308000000000000e+07 3.027711599000000278e+05
1.159122963799999952e+08 1.254747560000000000e+08 1.266296000000000000e+07 2.398561662000000104e+07
1.353362870720000267e+08 7.266737425883999467e+07 1.209076700000000000e+07 1.828141562120600045e+08
1.347658785340000093e+08 7.983482816699999571e+07 1.197474000000000000e+07 1.402619786829999983e+08
1.183533935100000054e+08 8.965612259000000358e+07 1.445565200000000000e+07 1.268175736000000034e+06
8.650813622299998999e+07 1.153133436299999952e+08 1.799309200000000000e+07 3.625774583999999799e+06
1.177248331099999994e+08 1.525729960000000000e+08 1.173507800000000000e+07 4.705387370000000298e+07
4.939695415000000596e+07 2.680335670999999940e+08 3.734508100000000000e+07 2.124521450000000000e+07
1.186678521400000155e+08 9.739399729999999702e+07 1.376279800000000000e+07 6.770941459999999963e+06
1.259366645699999779e+08 1.242665132000000030e+08 1.135744800000000000e+07 1.071832800000000000e+08
1.141475455300000012e+08 1.566487980000000000e+08 1.197585500000000000e+07 6.062456800000000000e+07
1.065110994399999976e+08 9.649899136800000072e+07 1.594998000000000000e+07 4.445745860000000102e+05
9.559033409000000358e+07 1.047043185520000011e+08 1.733910900000000000e+07 4.860469500000000116e+05
1.292513337300000191e+08 7.709405598000000417e+07 1.264827400000000000e+07 1.274060849599999934e+08
7.806968659600000083e+07 1.722601300000000000e+08 1.690987400000000000e+07 3.548245111999999732e+07
9.066944179999998212e+07 1.067135043499999940e+08 1.784938300000000000e+07 1.091176224499999918e+07
1.234254827800000012e+08 8.297546929999999702e+07 1.320681400000000000e+07 8.308645810999999940e+07
1.372168122400000095e+08 7.292329278000000119e+07 1.205069100000000000e+07 1.644365603400000036e+08
8.106748468000000715e+07 1.860634720000000000e+08 1.607086100000000000e+07 4.612411520000000298e+07
7.080251691000001132e+07 1.984220180000000000e+08 1.784968300000000000e+07 5.244676389999999851e+07
1.279418646210000068e+08 8.024866687899999321e+07 1.323081400000000000e+07 6.864774058799999952e+07
5.799150482000000030e+07 1.956770940000000000e+08 2.141898500000000000e+07 3.496484939999999851e+07
9.636673530699999630e+07 1.040475460639999956e+08 1.615875900000000000e+07 1.276630101940000057e+08
5.418006437000000477e+07 2.361103422599999905e+08 3.825735300000000000e+07 1.322952602999999886e+06
1.083585544699999988e+08 9.388565237000000477e+07 1.565675100000000000e+07 5.750234830000000075e+06
1.105604435409999937e+08 9.006591880799999833e+07 1.442785600000000000e+07 1.591681259424000084e+08
8.176673793999999762e+07 1.293942512000000030e+08 1.796637400000000000e+07 1.053313626999999955e+07
1.211638037500000000e+08 1.526590840000000000e+08 1.138691500000000000e+07 6.130458300000000000e+07
1.147570143100000024e+08 1.284781760000000000e+08 1.266400200000000000e+07 2.716690920000000298e+07
1.347921184499999881e+08 8.431835700000000000e+07 1.144246900000000000e+07 2.113992154900000095e+08
1.262511449301999956e+08 8.368157097257000208e+07 1.379383900000000000e+07 2.575096335393999889e+07
6.882205827199998498e+07 1.324644891700000018e+08 2.139493100000000000e+07 2.804794573000000324e+06
1.200006548299999982e+08 8.296675595000000298e+07 1.362511500000000000e+07 9.683859559299999475e+07
8.485639448999999464e+07 1.140375416959999949e+08 1.877825400000000000e+07 1.022934263000000035e+06
7.692942904299999774e+07 1.221598823710000068e+08 2.026871500000000000e+07 7.495628969999999972e+05
5.739353782600000501e+07 1.568192421200000048e+08 2.518917700000000000e+07 2.738061354000000283e+06
1.225857927999999970e+08 8.251410593000000715e+07 1.339495800000000000e+07 7.744374220999999344e+07
7.138289320000000298e+07 1.705822000000000000e+08 1.840071400000000000e+07 3.001228919999999925e+07
6.445398557000000030e+07 1.387293361800000072e+08 2.272993800000000000e+07 1.414469202000000048e+06
7.816553324500000477e+07 1.212935997999999970e+08 1.973568400000000000e+07 1.563387723999999929e+06
1.157113514500000030e+08 1.357360930000000000e+08 1.234143100000000000e+07 3.038060250000000000e+07
5.220137253999999911e+07 2.402066520699999928e+08 3.820836300000000000e+07 3.546330177000000607e+06
1.250966870499999970e+08 8.410146541200000048e+07 1.383518900000000000e+07 2.461372139299999923e+07
1.251672622099999934e+08 1.255432070000000000e+08 1.189242500000000000e+07 3.020489619999999925e+07
1.292824431000000238e+08 8.334117490000000596e+07 1.299578200000000000e+07 6.474318250000000000e+07
6.424812682000000030e+07 1.478078453000000119e+08 2.147303700000000000e+07 9.359656929999999702e+06
1.332498697600000054e+08 7.689142834000000358e+07 1.246910800000000000e+07 1.183099929500000030e+08
1.180445725590000004e+08 1.075623512000000030e+08 1.323136500000000000e+07 1.311607184999999963e+07
1.212062590300000012e+08 8.633863629999999702e+07 1.361506700000000000e+07 4.771759110000000149e+07
7.561914789999999106e+07 1.361399454000000060e+08 1.898796800000000000e+07 1.066262404299999960e+07
7.939198382999999821e+07 1.878172680000000000e+08 1.627484800000000000e+07 5.760021800000000000e+07
5.743312842000000179e+07 1.610184201999999881e+08 2.305955400000000000e+07 1.152628739000000060e+07
1.080224176800000072e+08 1.591597280000000000e+08 1.260918100000000000e+07 5.968230200000000000e+07
1.240569691300000399e+08 1.269819240000000000e+08 1.194156800000000000e+07 2.720992844999999925e+07
6.383290221429999918e+07 1.360759467921099961e+08 2.276972800000000000e+07 3.498223392685999721e+07
5.635334371999999881e+07 1.711208444000000060e+08 2.313644600000000000e+07 1.663166768000000156e+07
9.322008414000001550e+07 1.749321410000000000e+08 1.429301200000000000e+07 6.202963200000000000e+07
8.556522337200000882e+07 1.181018723700000048e+08 1.795764800000000000e+07 4.897505707999999635e+06
9.277692139000000060e+07 1.192629960999999940e+08 1.638979200000000000e+07 9.825266541999999434e+06
1.204843490230000019e+08 1.149120132000000030e+08 1.265585300000000000e+07 1.872779534800000116e+07
7.358760762000000477e+07 1.252712130799999982e+08 2.050508300000000000e+07 8.134161178000000305e+06
1.336151888069999963e+08 7.456286155099999905e+07 1.204901900000000000e+07 1.893147961396000087e+08
1.277623633799999952e+08 1.074912212900000066e+08 1.202494700000000000e+07 6.091575753999999911e+07
1.027965759169999957e+08 1.056431681899999976e+08 1.553170400000000000e+07 5.813517352999999188e+06
1.110429806899999976e+08 1.140673417000000030e+08 1.377101600000000000e+07 1.491646227300000004e+07
9.160846136380000412e+07 1.094060853400000036e+08 1.744850900000000000e+07 2.218769925139999483e+06
1.256454685600000024e+08 1.089493465699999928e+08 1.204537300000000000e+07 6.307620064000000060e+07
1.293634751229999959e+08 7.591616276100000739e+07 1.250663000000000000e+07 1.844333911198000014e+08
9.526050942100000381e+07 1.008197264459999949e+08 1.679754200000000000e+07 1.289403839437000006e+08
1.261845450300000012e+08 1.353662150000000000e+08 1.142510100000000000e+07 4.547261839999999851e+07
9.456635603000000119e+07 1.696895590000000000e+08 1.426655500000000000e+07 4.281211810000000149e+07
1.382243325000000000e+08 8.212229009999999404e+07 1.140282500000000000e+07 1.805431726200000048e+08
9.119236926000000536e+07 1.764688380000000000e+08 1.459522800000000000e+07 5.075212050000000000e+07
7.239943896999999881e+07 1.310396064200000018e+08 2.025730400000000000e+07 4.850543615999999456e+06
9.364823009999999404e+07 1.225827767999999970e+08 1.603371600000000000e+07 1.253960547900000028e+07
9.067973423999999464e+07 1.739196690000000000e+08 1.466346500000000000e+07 5.924711400000000000e+07
5.423097343999999762e+07 1.918352221999999881e+08 2.401128100000000000e+07 2.495694930000000075e+07
1.242452822000000179e+08 9.087126053000000119e+07 1.386026500000000000e+07 3.383283709999999963e+06
1.020676318800000399e+08 1.003774933499999940e+08 1.619970800000000000e+07 1.520027779000000097e+06
1.228207237700000405e+08 1.477871270000000000e+08 1.135449300000000000e+07 5.470940400000000000e+07
5.911451153000000119e+07 1.997166010000000000e+08 2.089514500000000000e+07 3.820105900000000000e+07
8.938559692999999225e+07 1.101628667360000014e+08 1.802268400000000000e+07 1.038161131000000052e+06
1.232043209300000072e+08 1.007368435000000000e+08 1.325418200000000000e+07 9.605723800000000745e+06
5.564643850700000674e+07 1.708982238299999833e+08 2.703890400000000000e+07 4.201927991999999620e+06
1.077793976019999981e+08 9.054771898770000041e+07 1.496893400000000000e+07 1.548089696653000116e+08
5.572498142999999970e+07 1.981256816999999881e+08 2.283273900000000000e+07 3.158908369999999925e+07
1.286270194300000072e+08 1.170950035999999940e+08 1.138901200000000000e+07 9.413482678000000119e+07
1.247306155999999791e+08 1.396388660000000000e+08 1.137903100000000000e+07 4.891156000000000000e+07
1.102914583900000006e+08 9.438488376199999452e+07 1.532835100000000000e+07 1.049565473999999929e+06
1.254533272099999934e+08 8.003854638300000131e+07 1.321670500000000000e+07 8.741679828499999642e+07
8.696621640999998152e+07 1.485143185999999940e+08 1.600222600000000000e+07 2.889375900000000000e+07
6.088316328000000119e+07 2.116941260000000000e+08 2.019607100000000000e+07 4.764456389999999851e+07
8.270085686999998987e+07 1.227677782800000012e+08 1.823135100000000000e+07 6.410394620000000112e+06
7.411007237000001967e+07 1.831044610000000000e+08 1.740203900000000000e+07 4.273488010000000149e+07
8.402876877999998629e+07 1.339740655000000000e+08 1.723880400000000000e+07 1.459250408999999985e+07
6.204223632199999690e+07 1.422634550900000036e+08 2.323091800000000000e+07 1.826807654000000097e+06
1.155928049599999934e+08 9.050020228700000048e+07 1.489750100000000000e+07 5.284375679999999702e+05
8.598241609999999404e+07 1.737770360000000000e+08 1.539841100000000000e+07 5.418164639999999851e+07
5.554768428000000119e+07 1.638806444699999988e+08 2.503847500000000000e+07 9.908035372999999672e+06
1.250564082380000055e+08 8.363417635400000215e+07 1.374136500000000000e+07 3.135761039200000092e+07
1.217215380300000459e+08 8.397121576000000536e+07 1.376779100000000000e+07 4.461391529500000179e+07
7.283422707999999821e+07 1.272927880799999982e+08 2.071513600000000000e+07 1.739456558999999892e+06
6.052514606000000238e+07 1.453295533399999738e+08 2.333472500000000000e+07 3.017735763000000268e+06
8.150119040000000596e+07 1.562418439000000060e+08 1.675455000000000000e+07 2.757375971999999881e+07
9.993901948999999464e+07 1.682344840000000000e+08 1.347503800000000000e+07 6.180578000000000000e+07
6.593638594020999223e+07 1.363582473849999905e+08 2.260303100000000000e+07 8.789439259999999776e+05
1.131640534000000060e+08 1.528011540000000000e+08 1.219918300000000000e+07 4.387975729999999702e+07
8.337577565000000596e+07 1.155745485699999928e+08 1.921795300000000000e+07 5.413850010000000475e+05
9.536309015000000596e+07 1.151313767999999970e+08 1.617144000000000000e+07 8.538859197999998927e+06
1.083214576500000060e+08 1.586267890000000000e+08 1.268941000000000000e+07 4.285089029999999702e+07
1.075807994669999927e+08 1.021665935400000066e+08 1.499871000000000000e+07 5.615876140000000596e+06
4.996890249000000209e+07 2.535464495999999940e+08 3.791400500000000000e+07 1.136740332000000030e+07
1.241257343559999764e+08 8.005502478620000184e+07 1.304318900000000000e+07 1.321384621573099941e+08
1.136359740000000000e+08 1.073767227999999970e+08 1.376349700000000000e+07 1.166275059400000051e+07
1.313727085670000017e+08 8.267580539599999785e+07 1.250320200000000000e+07 9.564900293600000441e+07
1.048726127600000054e+08 1.612230210000000000e+08 1.295278200000000000e+07 5.956349300000000000e+07
9.765405322400000691e+07 1.012848107537000030e+08 1.685518700000000000e+07 9.770620267300000414e+06
1.343967292140000165e+08 7.409373002040000260e+07 1.201834100000000000e+07 1.850207889420000017e+08
6.472532322000001371e+07 1.855998310000000000e+08 1.962016000000000000e+07 3.433907777000000328e+07
1.173148724539999962e+08 8.350086273739999533e+07 1.386662300000000000e+07 1.913389789167000055e+08
6.728499550999997556e+07 1.660010760000000000e+08 1.958742400000000000e+07 2.418984387000000104e+07
1.188288768900000006e+08 1.279061790000000000e+08 1.227046900000000000e+07 2.638073936899999902e+07
8.251907882430000603e+07 1.138186667921099961e+08 1.902857400000000000e+07 1.614478492685999908e+07
8.117310126999999583e+07 1.178524166739999950e+08 1.937732400000000000e+07 9.707845870000000577e+05
