1.064659807399999946e+08 9.655291900800000131e+07 1.602350000000000000e+07 3.417003769999999786e+05
1.330771311700000018e+08 7.701745525900000334e+07 1.260031800000000000e+07 1.091842426700000018e+08
1.206443820180000067e+08 1.055995272999999970e+08 1.311131700000000000e+07 1.260856337839999981e+07
1.243562590190000236e+08 1.273201670000000000e+08 1.192781800000000000e+07 2.706081659099999815e+07
8.265657075999999046e+07 1.279461899000000060e+08 1.786758300000000000e+07 9.963627194000000134e+06
1.363432403100000024e+08 7.777119279999999702e+07 1.181186000000000000e+07 1.604353170000000000e+08
1.182601496500000060e+08 8.740426437000000477e+07 1.451847300000000000e+07 8.825098429999999702e+06
1.210651064399999976e+08 1.527487300000000000e+08 1.139236000000000000e+07 6.125792900000000000e+07
1.351205447700000107e+08 8.376838029999999702e+07 1.143321200000000000e+07 2.073646388400000036e+08
8.649916907600000501e+07 1.099789463654000014e+08 1.791525100000000000e+07 9.429746243299999833e+07
1.370780300300000012e+08 7.228320034199999273e+07 1.203074500000000000e+07 1.751192047919999957e+08
5.185303967999999970e+07 2.413834665399999917e+08 3.819046200000000000e+07 4.202688899000000209e+06
9.535254926000000536e+07 1.049267268750000000e+08 1.742950900000000000e+07 4.049020740000000224e+05
6.675744213000000268e+07 1.349585042400000095e+08 2.214183100000000000e+07 1.473908892999999924e+06
8.886192045999997854e+07 1.106898467900000066e+08 1.803721300000000000e+07 1.308620101999999955e+06
4.939695415000000596e+07 2.680335670999999940e+08 3.734508100000000000e+07 2.124521450000000000e+07
5.775732468000000715e+07 1.557993380999999940e+08 2.333955500000000000e+07 8.206344049999999814e+06
1.320684604699999988e+08 8.089893320000000298e+07 1.201581600000000000e+07 1.473066480000000000e+08
1.228565008519999832e+08 1.124695847000000030e+08 1.262584800000000000e+07 1.744191295040000230e+07
7.723457838999998569e+07 1.187732960586999953e+08 1.968080000000000000e+07 6.469565411069999635e+07
7.086658189599999785e+07 1.301606233400000036e+08 2.099829300000000000e+07 2.246574476499999873e+06
1.191351844752999991e+08 1.064211941069999933e+08 1.277144100000000000e+07 5.169688895790000260e+07
1.318221408100000173e+08 8.085691529999999702e+07 1.250181100000000000e+07 1.014714847000000030e+08
9.477929173899999261e+07 1.033524177010000050e+08 1.652570000000000000e+07 1.186082859776999950e+08
6.129889892999999225e+07 1.451041276699999869e+08 2.284622000000000000e+07 5.546159072999999858e+06
1.169242209599999934e+08 1.378280260000000000e+08 1.213116600000000000e+07 3.298351900000000000e+07
1.290045023400000185e+08 7.926628248000000417e+07 1.284966400000000000e+07 9.377522134999999404e+07
7.225912595999999344e+07 1.274811043139999956e+08 2.114018200000000000e+07 9.849943930000000400e+05
7.426435662999999523e+07 1.253867752979999930e+08 2.083958400000000000e+07 6.326692550000000047e+05
7.691076510700000823e+07 1.236965634599999934e+08 1.973266800000000000e+07 2.654205196399999782e+06
1.209888693690000176e+08 8.738910113700000942e+07 1.446014000000000000e+07 3.349531258999999845e+05
1.375173716200000048e+08 8.107417759999999404e+07 1.145238600000000000e+07 1.826658950099999905e+08
1.264969539590000063e+08 1.039359587000000030e+08 1.225149800000000000e+07 5.768461432000000030e+07
1.253305515499999821e+08 9.727593000000000000e+07 1.294868000000000000e+07 3.164361430000000075e+07
1.190737652500000447e+08 9.012832401000000536e+07 1.431210300000000000e+07 1.839349977999999886e+06
7.359358006999999285e+07 1.447875355999999940e+08 1.897662700000000000e+07 1.495262765000000037e+07
1.086797899200000018e+08 1.609526090000000000e+08 1.251530600000000000e+07 6.127208300000000000e+07
1.185007316920000017e+08 1.038480802999999970e+08 1.338349600000000000e+07 1.092973937710000202e+07
9.795728560999998450e+07 1.028724932530000061e+08 1.686441000000000000e+07 9.127859050000000279e+05
6.382002568828999996e+07 1.360792206132600009e+08 2.278640900000000000e+07 3.289428613089099899e+07
1.314453197800000012e+08 8.441586250000000000e+07 1.174217800000000000e+07 1.987519604499999881e+08
6.039191379000000656e+07 2.095104340000000000e+08 2.034689500000000000e+07 4.566383600000000000e+07
1.332745430999999940e+08 7.551215944399999082e+07 1.200651700000000000e+07 1.904555960970000029e+08
6.039920768100000173e+07 1.452286357300000191e+08 2.361346200000000000e+07 2.077832436100000050e+06
5.762160515000005811e+07 1.835581135000000000e+08 2.186983500000000000e+07 2.687699330000000075e+07
1.120364248400000036e+08 9.514291070000000298e+07 1.487667800000000000e+07 2.626671709999999963e+06
1.104132209200000018e+08 9.375051003700000048e+07 1.546855600000000000e+07 5.796686700000000419e+05
1.205867502469999939e+08 8.286803811200000346e+07 1.327869200000000000e+07 1.759556289171999991e+08
8.532791107000000775e+07 1.137052099590000063e+08 1.886563900000000000e+07 5.635167789999999804e+05
1.024023963700000048e+08 9.945882609800000489e+07 1.649308400000000000e+07 3.811947110000000102e+05
1.206271035799999833e+08 9.371330507999999821e+07 1.386014700000000000e+07 4.716283009999999776e+06
1.206042807000000179e+08 1.329190430000000000e+08 1.195814200000000000e+07 2.998477164400000125e+07
1.356835423300000131e+08 8.052727145000000298e+07 1.185948400000000000e+07 1.450740899499999881e+08
8.251807357000000775e+07 1.362331427209999859e+08 1.728190700000000000e+07 4.770924112300000340e+07
1.161083351200000048e+08 1.153534749000000060e+08 1.304914700000000000e+07 1.777224469700000063e+07
8.147776819999998808e+07 1.176364373190000057e+08 1.925484400000000000e+07 1.188062714000000153e+06
1.232193419300000072e+08 8.227534604799999297e+07 1.355559700000000000e+07 6.069315284200000018e+07
6.788458184999999404e+07 2.020988440000000000e+08 1.848678200000000000e+07 4.717164979999999702e+07
1.266182898499999940e+08 8.298525709999999404e+07 1.317556900000000000e+07 6.274177739999999851e+07
1.157295347900000066e+08 1.054371415000000000e+08 1.359175100000000000e+07 1.124769549599999934e+07
1.224316393400000036e+08 1.024919825000000000e+08 1.317198800000000000e+07 1.094350740000000037e+07
1.249200388499999940e+08 1.208169294000000060e+08 1.150542700000000000e+07 9.600590876999999583e+07
1.244742355499999821e+08 1.239505407000000030e+08 1.145333000000000000e+07 1.052350358799999952e+08
1.038656967999999970e+08 9.840941093199999630e+07 1.619586400000000000e+07 6.113965779999999795e+05
6.807705270499998331e+07 1.335279848900000006e+08 2.157219300000000000e+07 2.448842415699999779e+06
6.236797831700000167e+07 1.419552679300000072e+08 2.306162300000000000e+07 2.085316083099999931e+06
1.274820764899999946e+08 1.219033550000000000e+08 1.131574400000000000e+07 1.040317457999999970e+08
5.854713672999999672e+07 1.505719519699999988e+08 2.350836700000000000e+07 6.712838273000000045e+06
5.420896689999999851e+07 2.360719452700000107e+08 3.825748100000000000e+07 1.303395023000000045e+06
1.195846856700000018e+08 1.176880637999999970e+08 1.260634600000000000e+07 2.012479496499999985e+07
7.223682953899998963e+07 1.247221481154900044e+08 2.092918700000000000e+07 1.849789836792999879e+07
6.404332995999999344e+07 1.915481170000000000e+08 1.963168900000000000e+07 3.983352250000000000e+07
9.366299776000000536e+07 1.062006494399999976e+08 1.760160900000000000e+07 5.440231589999999851e+05
1.302779222680000067e+08 7.967176532999999821e+07 1.303475900000000000e+07 7.504913501800000668e+07
1.127914390199999958e+08 9.356763770000000298e+07 1.384864400000000000e+07 1.724227329799999893e+08
5.471023984000000358e+07 1.968218330999999940e+08 2.354639600000000000e+07 2.867461830000000075e+07
1.035017511930000037e+08 1.034715640699999928e+08 1.558504000000000000e+07 4.619113165000000037e+06
1.182765120400000066e+08 1.260844700000000000e+08 1.238234600000000000e+07 2.518825935900000110e+07
1.111757997000000030e+08 1.530800700000000000e+08 1.239587900000000000e+07 4.472056210000000149e+07
6.884356137999999523e+07 1.321666804619999975e+08 2.198119000000000000e+07 7.546363659999999218e+05
8.283797290000000596e+07 1.444185380000000000e+08 1.695200600000000000e+07 2.180441739999999851e+07
7.283854448000000417e+07 1.980778750000000000e+08 1.743801600000000000e+07 5.188150179999999702e+07
1.250468831159999967e+08 8.380108719900000095e+07 1.380140700000000000e+07 2.774148298389999941e+07
1.139288030900000036e+08 1.568150760000000000e+08 1.199646300000000000e+07 6.066596900000000000e+07
9.071237543999999762e+07 1.686705710000000000e+08 1.475681000000000000e+07 5.471269479999999702e+07
5.731724474000000209e+07 1.677162078000000119e+08 2.268887500000000000e+07 1.594149575999999978e+07
8.975094261000001431e+07 1.072856703400000036e+08 1.795397200000000000e+07 1.339800614800000004e+07
1.064958222730000019e+08 9.157433799029999971e+07 1.512230400000000000e+07 1.516851707597000003e+08
8.801742259999999404e+07 1.359936266699999869e+08 1.618665500000000000e+07 6.160114077799999714e+07
1.340870146599999964e+08 7.335301131999999285e+07 1.218142300000000000e+07 1.731173832509999871e+08
4.992650532999999821e+07 2.540530660000000000e+08 3.789830000000000000e+07 1.168488200999999978e+07
7.620595207000000775e+07 1.914292680000000000e+08 1.681622000000000000e+07 5.524503300000000000e+07
7.203062187999999523e+07 1.899120580000000000e+08 1.772987300000000000e+07 4.272785629999999702e+07
9.161791668000000715e+07 1.094719661200000048e+08 1.741478800000000000e+07 2.511911983800000045e+06
5.627165359799999744e+07 1.603492374699999988e+08 2.467145800000000000e+07 8.769940673000000417e+06
7.931629826700000465e+07 1.200490676350000054e+08 1.972860200000000000e+07 8.828561049999999814e+05
6.873636218299999833e+07 1.287987395377999991e+08 2.156192200000000000e+07 3.981538768381000310e+07
1.181558762099999934e+08 1.503309870000000000e+08 1.174523500000000000e+07 4.332205089999999851e+07
7.812264581999999285e+07 1.294844420000000000e+08 1.882389900000000000e+07 7.906528239000000060e+06
6.047539160999999940e+07 1.654161506999999881e+08 2.166072800000000000e+07 1.776800350999999791e+07
9.767212990199999511e+07 1.013626585476599932e+08 1.691744100000000000e+07 7.827074468879999593e+06
8.980119094999998808e+07 1.200292494000000060e+08 1.690188500000000000e+07 8.817910487000001594e+06
5.417901239999999851e+07 1.867091978000000119e+08 2.421858300000000000e+07 2.132397310000000149e+07
1.023888759699999988e+08 1.586670400000000000e+08 1.341417500000000000e+07 3.926703742000000179e+07
8.097147153799998760e+07 1.866974580000000000e+08 1.601797300000000000e+07 5.831068000000000000e+07
5.817619711999999732e+07 1.522191371800000072e+08 2.413272700000000000e+07 3.921532688999999780e+06
1.250229632179999948e+08 7.833990043840000033e+07 1.300018900000000000e+07 1.885521199693000019e+08
1.381193821299999952e+08 7.284960537999999523e+07 1.203883900000000000e+07 1.629279152840000093e+08
5.850243189000000060e+07 1.976742430000000000e+08 2.113879200000000000e+07 3.674231700000000000e+07
1.279454760400000066e+08 8.352336350000000000e+07 1.240711800000000000e+07 1.224167542999999970e+08
7.851647306000000238e+07 1.895086490000000000e+08 1.642957400000000000e+07 5.050738889999999851e+07
5.894334181000000238e+07 2.011398100000000000e+08 2.091566500000000000e+07 3.933117870000000298e+07
1.044914959953999966e+08 9.579834172753000259e+07 1.587847500000000000e+07 1.755442697287499905e+07
6.459605502800001204e+07 1.386715120500000119e+08 2.229253600000000000e+07 2.997739157999999821e+06
8.774163604999999702e+07 1.116242100569999963e+08 1.858739400000000000e+07 3.905042789999999804e+05
5.315184769400000572e+07 1.921268160999999940e+08 2.749276600000000000e+07 1.377543082000000030e+07
1.332772308330000192e+08 7.661113475300000608e+07 1.254163200000000000e+07 1.148507905489999950e+08
5.802085981999999285e+07 1.537763234699999988e+08 2.338188800000000000e+07 1.011484717300000042e+07
6.210421521999999881e+07 1.536490043000000119e+08 2.179019500000000000e+07 1.141221038000000082e+07
1.160997573700000048e+08 9.275403148000000417e+07 1.444618100000000000e+07 2.702104629999999888e+06
1.253855170400000066e+08 1.382029580000000000e+08 1.139577200000000000e+07 4.644217500000000000e+07
1.123270306299999952e+08 1.239281442000000030e+08 1.316128100000000000e+07 2.173931128000000119e+07
7.822814174000000954e+07 1.510840476999999881e+08 1.760449000000000000e+07 2.303564532999999821e+07
5.636742828999999166e+07 1.989748129000000060e+08 2.241052400000000000e+07 3.338952319999999925e+07
8.922858994000001252e+07 1.601081550000000000e+08 1.527548800000000000e+07 3.407538889000000060e+07
1.229699783700000048e+08 1.450733620000000000e+08 1.141143900000000000e+07 4.844711200000000000e+07
1.130031239590000063e+08 1.003228977500000000e+08 1.428897700000000000e+07 6.719319566999999806e+06
8.752328338199999928e+07 1.133199558400000036e+08 1.797070200000000000e+07 2.705400298500000499e+06
1.357427073000000119e+08 7.288662463590000570e+07 1.201536800000000000e+07 1.865476382935999930e+08
1.148381850300000012e+08 9.092595570200000703e+07 1.506062700000000000e+07 3.671652650000000140e+05
8.408320179999999702e+07 1.158291765999999940e+08 1.859271600000000000e+07 2.283313741900000256e+06
1.140852735300000012e+08 9.046668821999999881e+07 1.380648400000000000e+07 1.730778456689999998e+08
