9.5266418491E7 9.76689628E7 1.6177096E7 7864664.279
1.0722486382E8 8.042207632E7 1.6084961E7 4362289.155
9.118229191E7 9.141753649E7 1.7472786E7 1984456.629
9.058069443E7 1.124243389E8 1.5980231E7 1.5322516957E7
1.12651859342E8 1.021284623E8 1.3846154E7 1.588618072E7
1.2292139325E8 6.9802969013E7 1.3797941E7 9.26791925499E7
8.9809272898E7 9.533428307E7 1.7392752E7 3495457.6619
1.1698050221E8 1.124775931E8 1.2554974E7 8.593526078E7
1.065063117E8 1.33921616E8 1.3127276E7 4.28466911E7
8.139087687E7 9.8605186243E7 1.9286354E7 1270964.755
7.035721819E7 1.336592958E8 1.9467354E7 3.125822655E7
9.500130052E7 1.232318903E8 1.4796731E7 2.3829384637E7
1.2717841776000002E8 7.343542210000001E7 1.2632933E7 1.5442776404E8
6.266205578E7 1.2093169137E8 2.450568E7 3.124919223E7
1.183256536E8 1.17391669E8 1.2614773E7 3.91203325E7
1.2456170062E8 6.726814719E7 1.3246317E7 1.4828140615E8
1.1269480148E8 8.592132378999999E7 1.4911648E7 5270406.399999999
1.2717387209E8 6.6216570418E7 1.3230085E7 1.38562938882E8
7.8890232859E7 9.76901444406E7 1.9550146E7 4.81197568198E7
9.380029766E7 8.8467851183E7 1.7431425E7 711552.0009999999
1.17416677708E8 7.56947152937E7 1.5042092E7 1.894504639051E7
7.262016879E7 1.373959769E8 1.8633647E7 2.1777571270000003E7
1.031067299E8 1.4610004E8 1.3247932E7 5.4139972E7
8.649705801E7 1.34076573E8 1.5596144E7 2.743363125E7
7.782984871E7 1.1006486388E8 1.8896217E7 7625774.885000001
1.1430612541E8 9.96189812E7 1.3841993E7 1.46773971031E7
8.540710259E7 1.60031153E8 1.5002971E7 5.10206787E7
7.312570711999999E7 1.07766979966E8 2.1532924E7 810559.776
9.346894701E7 1.102985764E8 1.5622246E7 1.5492222627E7
6.3509059510000005E7 1.293971688E8 2.2662309E7 8209729.51
7.08887538092E7 1.0720524333325E8 2.1692998E7 3.473008031759E7
1.1153426092E8 7.815104214E7 1.383727E7 1.8363703547E8
6.790749583E7 1.2643316557E8 2.0849476E7 1.7865766975E7
1.0848387339E8 8.509095207000001E7 1.5459673E7 3570500.9
9.533509184E7 1.251168429E8 1.4284109E7 9.331397614E7
1.1797332651E8 7.656915452E7 1.3226167E7 1.8313887677E8
9.145225370700002E7 9.86645438E7 1.6716216E7 7036884.766
1.0783866737E8 8.12378702E7 1.4148086E7 1.7589691957E8
1.19906214094E8 7.3197810859E7 1.4447727E7 4.96255921187E7
9.132107299E7 1.139595891E8 1.5569575E7 3.198414708E7
9.6111583844E7 1.037957918E8 1.5628078E7 1.2366240683999998E7
1.1905019895999998E8 1.062608524E8 1.2557156E7 7.890447277E7
9.961500086E7 1.38423284E8 1.3797432E7 3.465639331E7
1.18815936103E8 7.2980158073E7 1.445991E7 5.3748853458E7
6.872207864000005E7 1.1398645283E8 2.2271451E7 1867057.781
1.0291458053E8 1.1288157555E8 1.3833865E7 7.30414333E7
6.813910758999999E7 1.1123952212E8 2.2558672E7 3.1507130074E7
1.21122956E8 1.018576549E8 1.262253E7 7.249889658E7
1.0265883777E8 7.9427333572E7 1.5886459E7 5.8967412209E7
9.058548193999998E7 1.53979245E8 1.4430396E7 4.77320847E7
9.9561996282E7 7.913850178899999E7 1.5656077E7 1.648425449758E8
7.3904213473E7 1.0819433472E8 2.047306E7 3217523.5900000003
9.866505506E7 1.1236145871E8 1.4376025E7 6.745585001E7
9.817897805E7 1.093298392E8 1.5040357E7 1.6446843598E7
9.860867025E7 8.3591667029E7 1.6654988E7 1.7422729858E7
1.127581177678E8 9.25179765E7 1.4420812E7 9637752.60299
1.1785753294590002E8 6.906592560537E7 1.3802271E7 1.6213537882625E8
7.726891219999999E7 1.02704861672E8 2.0340471E7 1001343.234
1.1065356060999998E8 8.94522153E7 1.4846964E7 7179934.43
6.462965863000004E7 1.20579452243E8 2.4005484E7 1270964.755
8.460744524900001E7 9.97870081E7 1.8029385E7 4534282.531
1.0161618418E8 1.31430119E8 1.3734878E7 3.131908678E7
1.1840390249099998E8 7.3419275175E7 1.4552128E7 4.82510917539E7
8.827267288999999E7 1.158910685E8 1.6165657E7 1.6617783295E7
1.0461730476E8 8.97632399E7 1.5591109E7 5079825.69
8.389757838E7 1.53820786E8 1.5430217E7 3.845385244E7
1.0318022877E8 8.430520892E7 1.6265951E7 1383506.402
1.0990262782E8 8.23385291E7 1.5573543E7 1967950.87
1.0970002153E8 1.15412951E8 1.3059483E7 8.72103447E7
7.426073801499999E7 1.353863567E8 1.8233573E7 2.209738788E7
1.1651365457E8 7.054100749E7 1.3973577E7 1.3370777152E8
7.469350526E7 1.024075945019E8 2.0580661E7 4.327629947107E7
7.167274505000001E7 1.66120432E8 1.7782235E7 3.93369749E7
1.2551967415E8 6.90054564E7 1.3206945E7 1.278967806E8
1.0155169245E8 7.926555315E7 1.5631778E7 8.8743755445E7
7.103880414999999E7 1.381255827E8 1.9039102E7 2.161521971E7
5.838056004E7 1.3637661247E8 2.4817085E7 1.0534176973E7
1.05801872506E8 7.6869975869E7 1.4704837E7 1.70907294727E8
8.589204855000001E7 1.031927539E8 1.74765E7 7125203.503
7.471236592E7 1.49692952E8 1.7471276E7 3.147179916E7
8.546393148E7 1.073645488E8 1.7184159E7 1.0311629392E7
8.2276541148E7 9.42133366068E7 1.8723064E7 7.61223960883E7
1.10704236568E8 7.7483209932E7 1.5365192E7 2.7836219605E7
6.6184620120000005E7 1.309633851E8 2.1241149E7 1.26316259E7
6.625781495E7 1.14439419506E8 2.3145271E7 2.71135442644E7
1.0749181645E8 7.619600598E7 1.5028601E7 8.9638309004E7
7.254236902199998E7 1.1353765923E8 2.0398885E7 5527628.215000001
1.03715277019E8 7.903245267199999E7 1.4873982E7 1.66665122262E8
8.716310080999999E7 9.020476868E7 1.7991708E7 3.2864576162E7
1.0174515463E8 7.9723627919E7 1.5746212E7 7.0119654009E7
6.474688238E7 1.79210209E8 1.9653896E7 4.19515387E7
1.2107891333E8 7.1136365E7 1.372712E7 9.936806945E7
8.711356381E7 9.064618137E7 1.8095633E7 2.162628523E7
1.1689790015E8 9.6501772E7 1.3622982E7 2.7839114E7
1.0959461212700002E8 1.077070643E8 1.3848457E7 1.8696284513E7
1.0779589197E8 1.15269789E8 1.3676766E7 2.3015999449E7
1.02145868403E8 8.3764689762E7 1.6658627E7 316217.81980000006
1.0429199623E8 7.576661052440001E7 1.5129363E7 1.70899623847E8
1.076851334E8 1.170558185E8 1.3200157E7 8.853579176E7
8.972831651E7 1.5591415E8 1.4443694E7 5.8424109E7
9.768830199E7 1.27995449E8 1.4280486E7 2.763040306E7
1.1191734964000002E8 7.9582153852E7 1.5666761E7 650343.723
9.2362919085E7 8.46276711254E7 1.6877632E7 1.22405691372E8
1.2097806311E8 6.99366426E7 1.344524E7 1.408240579E8
1.0577198056E8 8.2030861935E7 1.6274732E7 389192.384
8.97020935E7 8.985437675E7 1.7998944E7 6016631.033
7.409869172E7 1.1469365502E8 1.9722363E7 7641004.073000001
1.06049192641E8 7.8500620611E7 1.5563523E7 4.6290731458E7
9.996848995E7 8.942447219E7 1.6177539E7 3943039.52
5.729097041E7 1.621076144E8 2.3485363E7 2.339800777E7
1.2033091547E8 7.45810292E7 1.3802458E7 8.03861505E7
1.0369742173999998E8 1.165891229E8 1.4037009E7 2.2854291578E7
1.14481297519E8 7.3243331448E7 1.3836949E7 1.5909838425E8
9.838704252E7 1.21401344E8 1.4432164E7 2.4150649827E7
8.056346955E7 1.220066306E8 1.7344426E7 1.742774485E7
7.533007340699999E7 1.3017638077E8 1.8142119E7 3.355533072E7
9.7950996259E7 9.191716109E7 1.6244644E7 4941851.6148
8.910638775E7 1.264814277E8 1.5489648E7 2.3746816130000003E7
9.400817293E7 1.38552767E8 1.4385745E7 3.291392633E7
8.3484079241E7 1.56976795E8 1.543654E7 4.02659619E7
5.81100348E7 1.387223908E8 2.4716377E7 8523211.14
9.756589944E7 1.48180329E8 1.3730204E7 5.110546E7
1.0575808678E8 1.28665378E8 1.3431027E7 3.026656493E7
6.672601758999999E7 1.17099401301E8 2.3404342E7 1035555.511
9.07936807E7 1.49690237E8 1.4383697E7 5.4829263E7
5.821286061E7 1.787340173E8 2.2296314E7 3.57480257E7
5.917621015E7 1.86248977E8 2.1696212E7 4.07095758E7
8.0738707013E7 1.63629733E8 1.5801889E7 4.32623118E7
9.35862194E7 9.327783643E7 1.6811362E7 4271925.6395
7.586357087900001E7 1.0101545811549E8 2.0331194E7 3.837645536793E7
1.16663785111E8 6.95568476375E7 1.390071E7 1.6454708212668E8
7.969144271000001E7 1.0829812823E8 1.8586589E7 7059962.114
8.312946972E7 1.0308542761E8 1.8080918E7 6029004.156
8.596624985E7 1.247480306E8 1.60673E7 2.18217645E7
1.0882390402E8 8.034828628E7 1.4053493E7 1.8656691927E8
6.628090892999999E7 1.81513873E8 1.9117827E7 4.58241779E7
8.3315779453E7 9.787899712E7 1.8645211E7 2242944.5027000005
8.600097511000001E7 1.102047381E8 1.6876694E7 1.2510681658E7
7.045965397999999E7 1.77833558E8 1.7921869E7 4.89835379E7
1.16905011104E8 7.694784032E7 1.5355205E7 4525724.067
6.217782614E7 1.88736813E8 2.049402E7 4.52362095E7
1.0993540139E8 1.0394697536E8 1.3651134E7 4.615512329E7
7.391711610800001E7 1.253860772E8 1.8914027E7 1.527020611E7
5.776858918E7 1.723493077E8 2.275273E7 3.07291618E7
1.2528051102750002E8 6.623808935991E7 1.324706E7 1.5831436302187E8
1.162185579E8 1.20047903E8 1.2659055E7 3.80611793E7
1.04031574914E8 1.000723003E8 1.4917657E7 1.1766852315E7
7.87559087E7 1.0129783526E8 1.9829835E7 1322952.603
1.0657730346E8 1.100511481E8 1.4030136E7 1.965819564E7
6.2631292381E7 1.2499503704E8 2.4166254E7 2505985.2246000003
6.602994337999998E7 1.2269170194E8 2.2059539E7 6712260.722999999
7.850463249000001E7 1.244788409E8 1.7747496E7 1.7203506830000002E7
9.280841092E7 1.104838666E8 1.5749572E7 1.4911308717E7
1.1029128859E8 1.21938555E8 1.3144663E7 3.08971156E7
8.952273275E7 1.39653974E8 1.4931216E7 3.205314283E7
8.706668126E7 1.51011878E8 1.4997699E7 3.806136398E7
9.104918702E7 1.228484154E8 1.5329167E7 2.262544349E7
9.468581299E7 8.492759603E7 1.6780627E7 4.139392163E7
5.630918729000001E7 1.502874898E8 2.6691296E7 9107380.11
1.1199406357000002E8 1.37486358E8 1.2658538E7 4.91264022E7
1.1872015352E8 9.501350655E7 1.3252616E7 5.071140303E7
8.814637663000001E7 1.054657006E8 1.6783676E7 1.053279271E7
5.995400913999999E7 1.501667205E8 2.2754431E7 1.884498455E7
6.027185253E7 1.41938539E8 2.3152367E7 1.379421111E7
1.01564917268E8 9.33187948E7 1.5630757E7 7151453.0143
1.2787007602E8 7.44274939E7 1.2608831E7 1.4820134074E8
6.133404481E7 1.331171154E8 2.3448579E7 8221372.329999999
8.911040986999997E7 1.1185112724E8 1.6036208E7 3.099971242E7
8.489921566E7 1.2625976566E8 1.5978572E7 6.919874216E7
5.8455892562E7 1.3940248198000002E8 2.6934346E7 3139509.127
1.22877233199E8 7.045724859E7 1.3861515E7 8.5463842881E7
1.1941819947E8 9.277293645E7 1.3369592E7 4.803647578E7
1.0111855788E8 8.332755875E7 1.5011364E7 1.779992734E8
1.148529803E8 1.25383463E8 1.2630493E7 4.02708329E7
9.4338186936E7 8.5725054923E7 1.6186723E7 1.39320238303E8
5.5231597212E7 1.717404861E8 2.5857755E7 2.33101797E7
1.00868235762E8 1.044820712E8 1.4978241E7 1.424703253E7
1.1352909070000002E8 7.694391104E7 1.5256831E7 1.9240935327E7
9.288848103E7 1.27348047E8 1.4865385E7 2.649933483E7
8.733919206E7 9.429693207E7 1.7999227E7 2040131.962
1.0367637796E8 8.150487849E7 1.6172121E7 1.415911977E7
1.00305078371E8 9.50862553E7 1.5665284E7 7860642.550600001
1.159181559E8 8.6393491E7 1.4412541E7 1.65332509E7
7.031320137E7 1.59766372E8 1.8356587E7 3.441878834E7
7.2397661278E7 1.1021856238E8 2.1011855E7 2534237.8297
1.147928504E8 1.10993607E8 1.3262507E7 2.1501359397E7
9.353421636E7 8.7248641932E7 1.7468948E7 6089918.659
1.24280116776E8 7.3267564E7 1.3169083E7 1.15433982819E8
1.11691952824E8 7.17896489286E7 1.4340854E7 1.6873008998941E8
9.158265927E7 8.9858468265E7 1.7823134E7 504917.204
1.166293349E8 1.08392686E8 1.3252656E7 2.05085831E7
1.09310239385E8 9.79350901E7 1.446619E7 1.1834014339699998E7
7.09077932258E7 1.1074602714E8 2.1612702E7 1931638.95986
7.6416524859E7 1.0655487957E8 1.9822396E7 3433911.139
6.3831834940000005E7 1.1864605137E8 2.4059311E7 3.185728523E7
8.115669475000001E7 9.552328437E7 1.9098021E7 3.438170723E7
9.5730998949E7 8.196478096110001E7 1.6234282E7 1.431292415413E8
1.09733342737E8 7.27674192355E7 1.4512479E7 1.718876925624E8
8.106047074000001E7 1.160299822E8 1.7591952E7 1.380357624E7
1.1462285584E8 8.224344958E7 1.5055696E7 3171980.81
8.3511620548E7 9.2984210831E7 1.8455617E7 8.20863847504E7
6.764883319000001E7 1.75880773E8 1.8749778E7 4.24502548E7
1.1435571699E8 9.00261407E7 1.4459945E7 8268574.6
1.0862193198E8 1.26917653E8 1.3222291E7 2.991504206E7
8.363407882000001E7 9.359906161E7 1.877383E7 1.9180191759E7
9.1280831306E7 8.9643078362E7 1.6612258E7 1.26992146384E8
9.804077791E7 8.6424560692E7 1.6836431E7 1078918.383
5.708256465E7 1.572164199E8 2.3911581E7 1.989193717E7
5.554322776E7 1.775688104E8 2.5228708E7 2.72955294E7
6.0566798514E7 1.2819317787E8 2.5036712E7 2433082.5673
9.586655218E7 8.713100570199999E7 1.7289943E7 437289.237
1.162586971E8 7.81248624E7 1.4964725E7 1.61704305E7
6.292537245E7 1.2583624819E8 2.3370576E7 5266821.0600000005
8.252568845E7 1.37629613E8 1.6165819E7 2.830360422E7
8.946375269000001E7 1.291519369E8 1.5001836E7 8.98179164E7
1.1703678185000002E8 7.55599611891E7 1.499592E7 2.2016322738E7
7.240592962E7 1.73807363E8 1.7429008E7 4.98460142E7
1.08103132692E8 9.958688E7 1.4444868E7 1.312780649E7
1.01649366664E8 8.3818473518E7 1.6144999E7 1.848579579E7
5.562944761E7 1.573805262E8 2.6451679E7 1.373068554E7
7.807441692999999E7 1.65727038E8 1.6234867E7 4.64615248E7
6.876934197E7 1.79914994E8 1.838095E7 4.79821988E7
7.63434736E7 1.62327854E8 1.6695038E7 4.05608636E7
1.04013561585E8 8.0497549695E7 1.4822394E7 1.38443136717E8
6.794272969E7 1.1972649541E8 2.1501519E7 6606101.204
8.927464313599999E7 8.73308435933E7 1.7456727E7 1.143276330963E8
