9.789265062000000477e+07 8.712590715000000596e+07 1.676821900000000000e+07 1.441819047999999952e+06
1.054129290300000012e+08 8.225234551199999452e+07 1.626826600000000000e+07 4.822183080000000191e+05
9.526641849099999666e+07 9.766896279999999702e+07 1.617709600000000000e+07 7.864664279000000097e+06
1.125973825900000036e+08 7.945741016500000656e+07 1.561365400000000000e+07 5.795491259999999311e+05
8.874067559999999404e+07 9.024862334000000358e+07 1.808509500000000000e+07 8.331345548000000417e+06
1.163725719969999939e+08 7.693219054299999774e+07 1.534807600000000000e+07 5.652945457999999635e+06
7.722339404399999976e+07 1.034449553299999982e+08 1.993019500000000000e+07 2.142224804900000338e+06
1.072248638199999928e+08 8.042207631999999285e+07 1.608496100000000000e+07 4.362289155000000261e+06
9.118229190999999642e+07 9.141753648999999464e+07 1.747278600000000000e+07 1.984456628999999957e+06
1.099540207399999946e+08 1.095106957000000030e+08 1.370975500000000000e+07 2.061352394000000134e+07
8.351120640999999642e+07 9.659439355699999630e+07 1.925622800000000000e+07 4.716638240000000224e+05
9.058069443000000715e+07 1.124243389000000060e+08 1.598023100000000000e+07 1.532251695700000040e+07
1.032447795799999982e+08 8.639567424000000954e+07 1.602690700000000000e+07 2.771082979999999981e+06
1.145966767789999992e+08 1.129096560000000000e+08 1.319241000000000000e+07 2.268245891899999976e+07
1.126518593419999927e+08 1.021284622999999970e+08 1.384615400000000000e+07 1.588618072000000067e+07
1.229213932500000000e+08 6.980296901299999654e+07 1.379794100000000000e+07 9.267919254989999533e+07
7.014810145000000298e+07 1.115825625760000050e+08 2.214708300000000000e+07 1.273656304000000004e+06
1.238238814699999988e+08 7.411194239000000060e+07 1.314055400000000000e+07 1.168487917399999946e+08
9.967998779899999499e+07 7.889049242800000310e+07 1.571443400000000000e+07 1.736899616353000104e+08
6.262084002000000328e+07 1.252508388599999994e+08 2.508107200000000000e+07 8.548798299999999581e+05
1.064632384979999959e+08 7.446986296240000427e+07 1.486271300000000000e+07 1.743024331051000059e+08
8.640132514699999988e+07 1.005807156899999976e+08 1.759258900000000000e+07 5.581438961000000127e+06
9.483354157899999619e+07 9.248821865999999642e+07 1.668929800000000000e+07 4.085424620279999916e+06
8.980927289800000191e+07 9.533428306999999285e+07 1.739275200000000000e+07 3.495457661900000181e+06
1.235843817500000000e+08 7.144412079999999702e+07 1.368828600000000000e+07 8.925383043999999762e+07
1.169805022099999934e+08 1.124775930999999940e+08 1.255497400000000000e+07 8.593526078000000119e+07
9.142015681999999285e+07 8.996293143799999356e+07 1.783314000000000000e+07 5.317756729999999516e+05
1.065063117000000030e+08 1.339216160000000000e+08 1.312727600000000000e+07 4.284669110000000149e+07
1.054418347900000066e+08 1.201771502999999970e+08 1.334170800000000000e+07 9.233471359999999404e+07
8.977112753999999166e+07 1.055623690999999940e+08 1.654726500000000000e+07 1.049564261600000039e+07
1.147308722999999970e+08 1.267350660000000000e+08 1.258459000000000000e+07 4.453230000000000000e+07
8.139087687000000477e+07 9.860518624300000072e+07 1.928635400000000000e+07 1.270964754999999888e+06
7.035721818999999762e+07 1.336592957999999970e+08 1.946735400000000000e+07 3.125822655000000075e+07
9.500130051999999583e+07 1.232318902999999970e+08 1.479673100000000000e+07 2.382938463699999824e+07
9.735151600000000000e+07 1.498180910000000000e+08 1.371267500000000000e+07 5.669146400000000000e+07
6.615292346999999881e+07 1.178590701920000017e+08 2.346313200000000000e+07 1.271329307000000030e+06
1.271784177600000203e+08 7.343542210000000894e+07 1.263293300000000000e+07 1.544277640399999917e+08
8.034940738299998641e+07 9.615020692880000174e+07 1.919539100000000000e+07 5.738707195184999704e+07
6.266205578000000119e+07 1.209316913700000048e+08 2.450568000000000000e+07 3.124919223000000045e+07
1.259869841299999952e+08 7.285412020999999344e+07 1.299799600000000000e+07 1.245400756899999976e+08
8.349507207000000775e+07 1.625775590000000000e+08 1.524906600000000000e+07 5.833549900000000000e+07
1.111443370000000000e+08 1.274255660000000000e+08 1.300482000000000000e+07 3.083161960999999940e+07
1.183256535999999940e+08 1.173916690000000000e+08 1.261477300000000000e+07 3.912033250000000000e+07
1.245617006200000048e+08 6.726814718999999762e+07 1.324631700000000000e+07 1.482814061500000060e+08
8.917649745000000298e+07 9.173779351399999857e+07 1.798245700000000000e+07 1.013942939000000013e+06
1.120961085000000000e+08 1.416876170000000000e+08 1.261394300000000000e+07 5.418342200000000000e+07
1.275684017740000039e+08 6.678024988000000268e+07 1.325257700000000000e+07 1.312491172300000042e+08
1.147140912699999958e+08 7.659114528000000119e+07 1.357363400000000000e+07 1.709836429099999964e+08
1.188096189210000187e+08 7.268365556700000167e+07 1.439330900000000000e+07 5.899215642499999702e+07
7.051449791300000250e+07 1.125252528199999928e+08 2.154477900000000000e+07 2.487087656400000211e+06
1.174779449000000060e+08 8.651343300000000000e+07 1.417002200000000000e+07 2.512413660000000149e+07
1.126948014800000042e+08 8.592132378999999166e+07 1.491164800000000000e+07 5.270406399999999441e+06
1.014850059800000042e+08 8.301198418199999630e+07 1.661949200000000000e+07 4.865875231999999844e+06
7.479300275599999726e+07 1.057108776350000054e+08 2.100180700000000000e+07 8.828561049999999814e+05
1.105519987960000038e+08 9.981813100000000000e+07 1.417936600000000000e+07 1.389977844129999913e+07
1.271738720900000036e+08 6.621657041799999774e+07 1.323008500000000000e+07 1.385629388819999993e+08
6.799356601809999347e+07 1.114597972062000036e+08 2.260250400000000000e+07 3.352855147235200182e+07
7.889023285899999738e+07 9.769014444059999287e+07 1.955014600000000000e+07 4.811975681979999691e+07
9.380029765999999642e+07 8.846785118299999833e+07 1.743142500000000000e+07 7.115520009999999311e+05
7.765031765799999237e+07 1.027924997699999958e+08 1.987382400000000000e+07 2.056194054699999979e+06
1.174166777080000043e+08 7.569471529369999468e+07 1.504209200000000000e+07 1.894504639051000029e+07
1.143890589699999839e+08 9.147829059999999404e+07 1.435348800000000000e+07 9.272823800000000745e+06
7.262016879000000656e+07 1.373959769000000060e+08 1.863364700000000000e+07 2.177757127000000328e+07
1.178174600790000409e+08 6.907176511549000442e+07 1.380509000000000000e+07 1.636775583679299951e+08
1.031067299000000060e+08 1.461000400000000000e+08 1.324793200000000000e+07 5.413997200000000000e+07
5.526037389000000060e+07 1.669036210000000000e+08 2.609468800000000000e+07 1.993003689999999851e+07
6.054250273399999738e+07 1.282446965199999958e+08 2.503565800000000000e+07 2.461629211400000378e+06
6.869572841999998689e+07 1.142577951030000001e+08 2.285709600000000000e+07 8.002862339999999385e+05
8.649705801000000536e+07 1.340765730000000000e+08 1.559614400000000000e+07 2.743363125000000000e+07
1.162297702839999795e+08 7.460722250200000405e+07 1.481251500000000000e+07 3.894194411800000072e+07
8.972442075000000000e+07 1.559190250000000000e+08 1.444411700000000000e+07 5.842621500000000000e+07
9.603093079000000656e+07 8.719448544000001252e+07 1.719997000000000000e+07 5.440231589999999851e+05
1.149764328599999994e+08 8.976593529999999702e+07 1.443359100000000000e+07 8.297061000000000000e+06
7.782984870999999344e+07 1.100648638799999952e+08 1.889621700000000000e+07 7.625774885000000708e+06
8.640344689499998093e+07 9.031160694539999962e+07 1.783664300000000000e+07 9.881807112199999392e+07
5.799473814999999851e+07 1.412828429000000060e+08 2.690517000000000000e+07 3.918916243999999948e+06
1.143061254099999964e+08 9.961898120000000298e+07 1.384199300000000000e+07 1.467739710309999995e+07
8.540710259000000358e+07 1.600311530000000000e+08 1.500297100000000000e+07 5.102067870000000298e+07
5.532469496000000089e+07 1.744664129000000060e+08 2.558567600000000000e+07 2.496938060000000149e+07
1.168370058000000417e+08 1.211721510000000000e+08 1.256278400000000000e+07 4.327343600000000000e+07
8.457426298599998653e+07 9.684630251000000536e+07 1.841555000000000000e+07 2.252637989500000142e+06
1.167507630000000447e+08 1.084254660000000000e+08 1.324439100000000000e+07 2.060066639999999851e+07
8.186694246999999881e+07 1.222898162999999970e+08 1.703292300000000000e+07 1.823121694999999925e+07
7.312570711999998987e+07 1.077669799660000056e+08 2.153292400000000000e+07 8.105597759999999544e+05
9.346894701000000536e+07 1.102985764000000060e+08 1.562224600000000000e+07 1.549222262700000033e+07
6.350905951000000536e+07 1.293971687999999970e+08 2.266230900000000000e+07 8.209729509999999776e+06
1.204466399899999946e+08 1.004593079000000060e+08 1.276164900000000000e+07 6.601096190999999642e+07
9.072390351700000465e+07 8.602728331580001116e+07 1.718295300000000000e+07 1.179916814356999993e+08
7.603468200999999046e+07 1.492166240000000000e+08 1.715980500000000000e+07 3.193290603000000119e+07
9.193799132000002265e+07 1.537201020000000000e+08 1.421455200000000000e+07 5.778511200000000000e+07
7.088875380920000374e+07 1.072052433332500011e+08 2.169299800000000000e+07 3.473008031758999825e+07
5.789618935000000149e+07 1.395751026100000143e+08 2.605823700000000000e+07 5.544817656000000425e+06
1.115342609200000018e+08 7.815104214000000060e+07 1.383727000000000000e+07 1.836370354699999988e+08
9.455126046999999881e+07 1.471565410000000000e+08 1.400263000000000000e+07 5.414308900000000000e+07
6.790749582999999821e+07 1.264331655699999928e+08 2.084947600000000000e+07 1.786576697500000149e+07
1.148627759299999774e+08 8.232416200999999046e+07 1.503065300000000000e+07 3.264823459999999963e+06
1.084838733900000006e+08 8.509095207000000775e+07 1.545967300000000000e+07 3.570500899999999907e+06
9.533509184000000358e+07 1.251168429000000060e+08 1.428410900000000000e+07 9.331397614000000060e+07
8.753914953999999166e+07 9.293434245200000703e+07 1.845858500000000000e+07 5.228346689999999944e+05
1.179733265100000054e+08 7.656915451999999583e+07 1.322616700000000000e+07 1.831388767700000107e+08
1.023587320499999970e+08 8.215188481999999285e+07 1.609494600000000000e+07 2.376088153000000119e+07
1.025812466800000072e+08 8.208566046999999881e+07 1.484139700000000000e+07 1.814763494900000095e+08
9.145225370700001717e+07 9.866454379999999702e+07 1.671621600000000000e+07 7.036884765999999829e+06
1.034228470499999970e+08 1.186181700000000000e+08 1.398657900000000000e+07 2.389100280400000140e+07
1.084405040999999940e+08 1.317646020000000000e+08 1.302472600000000000e+07 4.005767160000000149e+07
1.078386673700000048e+08 8.123787020000000298e+07 1.414808600000000000e+07 1.758969195699999928e+08
1.199062140939999968e+08 7.319781085899999738e+07 1.444772700000000000e+07 4.962559211869999766e+07
1.206756836900000423e+08 1.028412999000000060e+08 1.260723700000000000e+07 7.266326753000000119e+07
9.132107298999999464e+07 1.139595890999999940e+08 1.556957500000000000e+07 3.198414707999999821e+07
7.587360774899999797e+07 1.010040181154900044e+08 2.032816500000000000e+07 3.843036736793000251e+07
8.046664021000000834e+07 1.656236960000000000e+08 1.575051900000000000e+07 5.717386100000000000e+07
9.611158384399999678e+07 1.037957917999999970e+08 1.562807800000000000e+07 1.236624068399999849e+07
1.190501989599999785e+08 1.062608524000000060e+08 1.255715600000000000e+07 7.890447276999999583e+07
8.714629336999997497e+07 1.280081722999999970e+08 1.569927500000000000e+07 2.486533692000000179e+07
1.086905964070000052e+08 9.318648773999999464e+07 1.459411300000000000e+07 2.145996574900000170e+07
1.141713807960000187e+08 7.609250550399999321e+07 1.513365100000000000e+07 2.630425528900000080e+07
9.961500085999999940e+07 1.384232840000000000e+08 1.379743200000000000e+07 3.465639331000000238e+07
7.883154995000000298e+07 1.010517299660000056e+08 2.006394500000000000e+07 8.105597759999999544e+05
