1.158916559000000060e+08 1.233956510000000000e+08 1.256988900000000000e+07 4.368561389999999851e+07
1.188159361030000001e+08 7.298015807299999893e+07 1.445991000000000000e+07 5.374885345799999684e+07
1.226587083299999982e+08 6.875531014200000465e+07 1.363949100000000000e+07 1.133658740699999928e+08
6.872207864000004530e+07 1.139864528299999982e+08 2.227145100000000000e+07 1.867057780999999959e+06
1.145826927600000203e+08 9.087279479999999702e+07 1.438289100000000000e+07 8.893754500000000000e+06
1.029145805300000012e+08 1.128815755499999970e+08 1.383386500000000000e+07 7.304143329999999702e+07
8.598682722099998593e+07 9.639885073000000417e+07 1.804334500000000000e+07 3.041776794100000057e+06
1.147743872999999970e+08 1.000649730999999940e+08 1.378677500000000000e+07 1.495027919999999925e+07
1.165931680999999940e+08 1.084232450000000000e+08 1.325035000000000000e+07 2.058680660000000149e+07
1.021950320000000000e+08 8.375583457400000095e+07 1.665704800000000000e+07 3.029205305999999982e+05
8.558675339999999106e+07 9.467397803100000322e+07 1.852771000000000000e+07 1.175140833999999799e+06
6.813910758999998868e+07 1.112395221200000048e+08 2.255867200000000000e+07 3.150713007400000095e+07
9.166805300000000000e+07 8.980782517499999702e+07 1.782102200000000000e+07 4.846722679999999818e+05
1.211229560000000000e+08 1.018576549000000060e+08 1.262253000000000000e+07 7.249889657999999821e+07
1.026588377699999958e+08 7.942733357199999690e+07 1.588645900000000000e+07 5.896741220899999887e+07
9.058548193999998271e+07 1.539792450000000000e+08 1.443039600000000000e+07 4.773208470000000298e+07
9.956199628200000525e+07 7.913850178899998963e+07 1.565607700000000000e+07 1.648425449758000076e+08
7.390421347300000489e+07 1.081943347199999988e+08 2.047306000000000000e+07 3.217523590000000317e+06
1.166229270799999982e+08 1.142456875999999940e+08 1.255474300000000000e+07 8.865597126000000536e+07
8.729258529000000656e+07 9.308211665399999917e+07 1.844442600000000000e+07 6.359324319999999134e+05
9.866505506000000238e+07 1.123614587099999934e+08 1.437602500000000000e+07 6.745585001000000536e+07
7.790295626099999249e+07 9.875363363750000298e+07 1.980057900000000000e+07 4.408241112668000162e+07
8.873994438999998569e+07 9.227234926000000536e+07 1.796648100000000000e+07 1.322952602999999886e+06
9.746136620600000024e+07 8.140937037399999797e+07 1.586396200000000000e+07 1.554282802608999908e+08
5.873342135999999940e+07 1.834786670000000000e+08 2.194264900000000000e+07 3.882283620000000298e+07
1.148952080799999982e+08 8.220472278000000119e+07 1.504125800000000000e+07 3.148787910000000149e+06
8.662044846000000834e+07 1.422853140000000000e+08 1.526138200000000000e+07 3.310800795000000298e+07
7.277967713499999046e+07 1.090970331299999952e+08 2.123147800000000000e+07 1.503808929000000004e+06
9.330861431000000238e+07 1.423930670000000000e+08 1.438038100000000000e+07 3.501172085000000149e+07
9.542621737999999523e+07 8.738892446500000358e+07 1.729542800000000000e+07 5.459870959999999031e+05
8.245713295000000298e+07 1.195376695999999940e+08 1.705449200000000000e+07 1.682521192000000179e+07
9.817897804999999702e+07 1.093298392000000030e+08 1.504035700000000000e+07 1.644684359799999930e+07
9.860867025000000000e+07 8.359166702899999917e+07 1.665498800000000000e+07 1.742272985799999908e+07
1.156831983819999993e+08 7.690544524199999869e+07 1.536023500000000000e+07 7.046884843000000343e+06
1.127581177678000033e+08 9.251797650000000000e+07 1.442081200000000000e+07 9.637752602989999577e+06
1.054157626500000060e+08 8.239519303800000250e+07 1.621516700000000000e+07 6.508448109999999870e+05
1.178575329459000230e+08 6.906592560537000000e+07 1.380227100000000000e+07 1.621353788262499869e+08
7.726891219999998808e+07 1.027048616720000058e+08 2.034047100000000000e+07 1.001343234000000055e+06
1.106535606099999845e+08 8.945221529999999702e+07 1.484696400000000000e+07 7.179934429999999702e+06
5.842092335000000894e+07 1.364414210000000000e+08 2.480371500000000000e+07 7.162603210000000894e+06
7.038496393999999762e+07 1.112759696400000006e+08 2.201789600000000000e+07 1.329278023000000045e+06
8.350385556999999285e+07 9.639286025300000608e+07 1.902463700000000000e+07 9.127859050000000279e+05
6.462965863000003994e+07 1.205794522430000007e+08 2.400548400000000000e+07 1.270964754999999888e+06
1.072632415629999936e+08 8.035157567100000381e+07 1.608954400000000000e+07 4.633243944000000134e+06
9.535986873999999464e+07 1.258999414000000060e+08 1.426090700000000000e+07 9.464483512000000477e+07
1.135275770000000000e+08 1.297200860000000000e+08 1.261637100000000000e+07 4.712537550000000000e+07
8.460744524900001287e+07 9.978700809999999404e+07 1.802938500000000000e+07 4.534282531000000425e+06
1.272234091650000066e+08 6.605371130499999970e+07 1.320829600000000000e+07 1.416924803650000095e+08
9.810938505300000310e+07 1.015002502999999970e+08 1.550577900000000000e+07 1.152015210600000061e+07
1.016161841800000072e+08 1.314301190000000000e+08 1.373487800000000000e+07 3.131908678000000119e+07
1.184039024909999818e+08 7.341927517499999702e+07 1.455212800000000000e+07 4.825109175389999896e+07
1.230651580330000073e+08 7.004471947599999607e+07 1.381311900000000000e+07 8.984962124099999666e+07
8.827267288999998569e+07 1.158910685000000000e+08 1.616565700000000000e+07 1.661778329499999993e+07
1.046173047600000054e+08 8.976323990000000596e+07 1.559110900000000000e+07 5.079825690000000410e+06
7.960147967999999225e+07 1.049281912199999988e+08 1.886495900000000000e+07 5.133659586000000127e+06
8.389757837999999523e+07 1.538207860000000000e+08 1.543021700000000000e+07 3.845385243999999762e+07
7.042711725720000267e+07 1.078498964666099995e+08 2.182901000000000000e+07 3.463389021473000199e+07
1.178047895800999999e+08 7.567534600415000319e+07 1.502149300000000000e+07 1.903128207003000006e+07
7.631492396999999881e+07 1.702845180000000000e+08 1.654522400000000000e+07 5.433613700000000000e+07
5.735167467999999970e+07 1.630652686999999881e+08 2.337313500000000000e+07 2.445338069999999925e+07
9.321861578100000322e+07 8.401680424889999628e+07 1.664223000000000000e+07 1.287527961163000017e+08
1.278904205760000050e+08 6.640347417999999970e+07 1.319875700000000000e+07 1.367771118059999943e+08
8.263722037599998713e+07 1.372210504000000060e+08 1.602003300000000000e+07 7.621828220000000298e+07
1.031802287699999958e+08 8.430520892000000179e+07 1.626595100000000000e+07 1.383506402000000002e+06
1.278858369300000072e+08 7.327309980000001192e+07 1.262023200000000000e+07 1.527881230200000107e+08
8.841272763000001013e+07 1.271026827999999970e+08 1.554242900000000000e+07 2.428684444000000134e+07
1.099026278199999928e+08 8.233852909999999404e+07 1.557354300000000000e+07 1.967950870000000112e+06
9.917901934000001848e+07 1.420178910000000000e+08 1.375915100000000000e+07 3.831588970000000298e+07
1.097000215300000012e+08 1.154129510000000000e+08 1.305948300000000000e+07 8.721034470000000298e+07
7.426073801499998569e+07 1.353863566999999881e+08 1.823357300000000000e+07 2.209738787999999896e+07
1.251030634570000172e+08 6.660941496169999987e+07 1.320944900000000000e+07 1.621640796405999959e+08
7.787120617999999225e+07 1.684670540000000000e+08 1.623058100000000000e+07 5.554974700000000000e+07
1.165136545699999928e+08 7.054100748999999464e+07 1.397357700000000000e+07 1.337077715199999958e+08
6.242224029500000179e+07 1.214681892485000044e+08 2.456577500000000000e+07 3.111557780020000041e+07
9.328434301000000536e+07 8.957368197999998927e+07 1.730560400000000000e+07 1.402656901000000071e+06
6.047189086300000548e+07 1.284014160499999970e+08 2.503231900000000000e+07 2.549619722599999979e+06
7.469350526000000536e+07 1.024075945019000024e+08 2.058066100000000000e+07 4.327629947106999904e+07
7.942214263000001013e+07 1.004791469159999937e+08 2.000594300000000000e+07 6.878281729999999516e+05
7.167274505000001192e+07 1.661204320000000000e+08 1.778223500000000000e+07 3.933697489999999851e+07
1.125385623199999928e+08 7.941188376300001144e+07 1.560677200000000000e+07 6.679299570000000531e+05
1.255196741500000060e+08 6.900545640000000596e+07 1.320694500000000000e+07 1.278967805999999940e+08
1.015516924500000030e+08 7.926555315000000596e+07 1.563177800000000000e+07 8.874375544499999285e+07
5.838628638899999857e+07 1.395936255600000024e+08 2.693018100000000000e+07 3.247453191000000108e+06
7.103880414999999106e+07 1.381255826999999881e+08 1.903910200000000000e+07 2.161521971000000089e+07
5.838056003999999911e+07 1.363766124699999988e+08 2.481708500000000000e+07 1.053417697299999930e+07
1.249221027461999953e+08 6.636233518862999976e+07 1.327307800000000000e+07 1.578998621776160002e+08
9.320586204000000656e+07 1.305860410000000000e+08 1.464193600000000000e+07 3.328632969999999925e+07
1.005115845540000051e+08 9.826994950000000000e+07 1.540655400000000000e+07 1.024947591999999993e+07
1.058018725059999973e+08 7.686997586900000274e+07 1.470483700000000000e+07 1.709072947269999981e+08
5.935147949000000209e+07 1.868673880000000000e+08 2.160657000000000000e+07 4.160732379999999702e+07
9.792756879000000656e+07 8.654711485099999607e+07 1.683607600000000000e+07 1.143115070000000065e+06
8.589204855000001192e+07 1.031927539000000060e+08 1.747650000000000000e+07 7.125203502999999560e+06
1.198774022900000066e+08 7.540514340000000596e+07 1.431166000000000000e+07 4.814123760000000149e+07
6.990522710999999940e+07 1.785032020000000000e+08 1.806960400000000000e+07 4.857868629999999702e+07
7.471236592000000179e+07 1.496929520000000000e+08 1.747127600000000000e+07 3.147179916000000015e+07
9.756105509499999881e+07 9.601746540000000596e+07 1.596886400000000000e+07 7.558604675699999556e+06
1.124625814099999964e+08 1.326453490000000000e+08 1.276931000000000000e+07 3.790628589999999851e+07
5.545680497999999672e+07 1.610349395999999940e+08 2.632722600000000000e+07 1.573294257000000030e+07
8.037974373000000417e+07 9.950113071600000560e+07 1.978025600000000000e+07 6.790396279999999097e+05
1.270281288499999940e+08 7.279181190000000596e+07 1.264679200000000000e+07 1.588227561500000060e+08
1.139402474399999976e+08 1.130593810000000000e+08 1.317533200000000000e+07 2.478654730000000075e+07
8.546393148000000417e+07 1.073645487999999970e+08 1.718415900000000000e+07 1.031162939200000092e+07
1.094025956529999971e+08 7.294205922779999673e+07 1.454228700000000000e+07 1.725210991286000013e+08
8.227654114800000191e+07 9.421333660680000484e+07 1.872306400000000000e+07 7.612239608830000460e+07
6.131405527000000328e+07 1.269047043100000024e+08 2.446307300000000000e+07 3.273520623000000138e+06
1.107042365680000037e+08 7.748320993199999630e+07 1.536519200000000000e+07 2.783621960500000045e+07
1.152597528990000039e+08 7.569355667200000584e+07 1.505591300000000000e+07 2.629994635300000012e+07
1.225896142600000054e+08 7.590981779999999702e+07 1.283520100000000000e+07 1.820275294900000095e+08
1.059284359699999988e+08 7.853284899199999869e+07 1.556344700000000000e+07 4.705114809000000358e+07
8.321608828999999166e+07 1.628351030000000000e+08 1.529284000000000000e+07 5.821241500000000000e+07
1.188325643299999982e+08 9.758910090000000596e+07 1.305387700000000000e+07 5.688377675000000000e+07
7.139650334999999404e+07 1.067688247399999946e+08 2.161866900000000000e+07 2.207709062500000000e+07
6.252675550999999791e+07 1.253398113170000017e+08 2.508092100000000000e+07 8.995783090000000084e+05
8.635193707000000775e+07 1.549237980000000000e+08 1.502587700000000000e+07 4.050972229999999702e+07
9.076722868000000715e+07 1.516460770000000000e+08 1.435759800000000000e+07 5.632145200000000000e+07
8.953346010899999738e+07 9.766575620999999344e+07 1.714449000000000000e+07 5.592676128999999724e+06
9.132219459999999404e+07 1.465108330000000000e+08 1.450189300000000000e+07 3.830023729999999702e+07
1.136603878896999955e+08 7.149344444289998710e+07 1.410999400000000000e+07 1.554871211843500137e+08
5.618227735000000149e+07 1.508935235000000000e+08 2.666087100000000000e+07 9.768056710000000894e+06
1.107488402999999970e+08 1.423248180000000000e+08 1.270091700000000000e+07 5.434585400000000000e+07
1.143355301550000012e+08 7.326059195600000024e+07 1.381784800000000000e+07 1.745355382660000026e+08
9.736997498000001907e+07 1.337747680000000000e+08 1.411494000000000000e+07 3.145334351000000164e+07
6.618462012000000477e+07 1.309633850999999940e+08 2.124114900000000000e+07 1.263162590000000037e+07
1.182788815499999821e+08 1.081692600999999940e+08 1.255539800000000000e+07 8.054288378999999166e+07
1.237573815799999982e+08 6.981232306999999285e+07 1.368852100000000000e+07 9.628754298999999464e+07
5.554322777000000328e+07 1.775688104000000060e+08 2.522870800000000000e+07 2.729552939999999851e+07
6.984827870699998736e+07 1.134307666899999976e+08 2.148760800000000000e+07 3.600833006000000052e+06
6.625781495000000298e+07 1.144394195059999973e+08 2.314527100000000000e+07 2.711354426440000162e+07
8.565624858999998868e+07 1.605874650000000000e+08 1.493176300000000000e+07 5.964156000000000000e+07
8.249512028499999642e+07 9.935317510999999940e+07 1.864495900000000000e+07 3.106279311999999918e+06
9.304839771999999881e+07 1.161476797000000030e+08 1.535154000000000000e+07 1.957350419999999925e+07
1.074918164500000030e+08 7.619600598000000417e+07 1.502860100000000000e+07 8.963830900399999321e+07
7.254236902199998498e+07 1.135376592300000042e+08 2.039888500000000000e+07 5.527628215000000782e+06
1.037152770189999938e+08 7.903245267199999094e+07 1.487398200000000000e+07 1.666651222619999945e+08
8.910475684000000358e+07 1.515854550000000000e+08 1.471294500000000000e+07 3.966872450000000000e+07
8.716310080999998748e+07 9.020476868000000715e+07 1.799170800000000000e+07 3.286457616200000048e+07
1.017451546299999952e+08 7.972362791899999976e+07 1.574621200000000000e+07 7.011965400900000334e+07
6.474688238000000268e+07 1.792102090000000000e+08 1.965389600000000000e+07 4.195153870000000298e+07
1.210789133299999982e+08 7.113636500000000000e+07 1.372712000000000000e+07 9.936806945000000298e+07
8.782599671999999881e+07 1.497412700000000000e+08 1.478143200000000000e+07 5.042859620000000298e+07
8.048249445300000906e+07 9.601146892880000174e+07 1.916474200000000000e+07 5.841108795184999704e+07
1.171940712999999970e+08 7.792419579999999702e+07 1.324963600000000000e+07 1.851867803100000024e+08
8.711356381000000238e+07 9.064618137000000477e+07 1.809563300000000000e+07 2.162628523000000045e+07
8.923317993000000715e+07 8.968370437000000477e+07 1.794230400000000000e+07 1.047555123000000045e+07
