1.090875349699999988e+08 8.417619805000001192e+07 1.547417100000000000e+07 3.109528029999999795e+06
1.035101465400000066e+08 8.655661392999999225e+07 1.596050200000000000e+07 3.115847620000000112e+06
6.403183711000000685e+07 1.214069575900000036e+08 2.394119100000000000e+07 1.819516067000000039e+06
1.168979001500000060e+08 9.650177200000000000e+07 1.362298200000000000e+07 2.783911400000000000e+07
1.095946121270000190e+08 1.077070642999999970e+08 1.384845700000000000e+07 1.869628451300000027e+07
7.175351800000000000e+07 1.095611786099999994e+08 2.159748200000000000e+07 1.326225834000000032e+06
1.155155777999999821e+08 9.920080109999999404e+07 1.379333400000000000e+07 1.454032550000000000e+07
1.166498155429999977e+08 7.693807351299999654e+07 1.532977100000000000e+07 5.667407824000000022e+06
1.077958919699999988e+08 1.152697890000000000e+08 1.367676600000000000e+07 2.301599944900000095e+07
8.906743806000000238e+07 9.189675542200000584e+07 1.799012000000000000e+07 1.001163940999999992e+06
1.197501196190000027e+08 7.253791668899999559e+07 1.434269000000000000e+07 5.846635787650000304e+07
7.289058334000000358e+07 1.083395767989999950e+08 2.174344000000000000e+07 6.095068510000000242e+05
5.539567712000000477e+07 1.624788869000000060e+08 2.626755100000000000e+07 1.667071284999999963e+07
1.164556152129999995e+08 7.402637343400000036e+07 1.481243900000000000e+07 4.571909401699999720e+07
1.021458684029999971e+08 8.376468976199999452e+07 1.665862700000000000e+07 3.162178198000000557e+05
1.206637951299999952e+08 9.907940579999999702e+07 1.284015300000000000e+07 6.312049172999999672e+07
1.198519372800000161e+08 1.047139140000000000e+08 1.256166000000000000e+07 7.702012300000000000e+07
6.872255041000001132e+07 1.152358581940000057e+08 2.327406800000000000e+07 4.157865069999999832e+05
1.160192921745000035e+08 1.096386650000000000e+08 1.321689400000000000e+07 2.128709887689999864e+07
1.089502610100000054e+08 1.260213940000000000e+08 1.320052600000000000e+07 2.984170558999999985e+07
1.265462562000000030e+08 7.338995810000000894e+07 1.261494900000000000e+07 1.730196480999999940e+08
1.018476044629999995e+08 7.733169972349999845e+07 1.544046700000000000e+07 1.768587730354999900e+08
6.051751334300000221e+07 1.282990172399999946e+08 2.503451600000000000e+07 2.491996304299999960e+06
7.931173479999999702e+07 1.009780585520000011e+08 2.012816100000000000e+07 4.860469500000000116e+05
8.681111467000000179e+07 1.346403193000000119e+08 1.529225800000000000e+07 8.689799120000000298e+07
8.488984570000000298e+07 1.615130100000000000e+08 1.503888000000000000e+07 5.933850200000000000e+07
8.750829043000000715e+07 1.565507050000000000e+08 1.481751200000000000e+07 4.440234460000000149e+07
1.250334506969999969e+08 6.632816160536000133e+07 1.326084700000000000e+07 1.593218525649900138e+08
1.042919962300000042e+08 7.576661052440001070e+07 1.512936300000000000e+07 1.708996238470000029e+08
1.076851334000000060e+08 1.170558185000000000e+08 1.320015700000000000e+07 8.853579176000000536e+07
1.051757191149999946e+08 7.520498749889999628e+07 1.501561300000000000e+07 1.752328637615999877e+08
1.105336829399999976e+08 7.996091906800000370e+07 1.583699500000000000e+07 4.503970289999999804e+05
8.972831651000000536e+07 1.559141500000000000e+08 1.444369400000000000e+07 5.842410900000000000e+07
1.261345175999999940e+08 6.774376859999999404e+07 1.322552700000000000e+07 1.314962518700000048e+08
9.768830198999999464e+07 1.279954490000000000e+08 1.428048600000000000e+07 2.763040305999999866e+07
1.176357233649999946e+08 7.524633798999999464e+07 1.486216000000000000e+07 2.727065781100000069e+07
1.099298735770000070e+08 9.933931550000000000e+07 1.426962200000000000e+07 1.344341522529999912e+07
9.937686115000000596e+07 8.545647173000000417e+07 1.519519300000000000e+07 1.748768119699999988e+08
1.119173496400000155e+08 7.958215385199999809e+07 1.566676100000000000e+07 6.503437229999999981e+05
9.236291908499999344e+07 8.462767112540000677e+07 1.687763200000000000e+07 1.224056913719999939e+08
1.209780631099999994e+08 6.993664259999999404e+07 1.344524000000000000e+07 1.408240579000000060e+08
8.113941104499998689e+07 9.971891776000000536e+07 1.907787300000000000e+07 2.175222042599999812e+06
1.057719805600000024e+08 8.203086193500000238e+07 1.627473200000000000e+07 3.891923840000000200e+05
7.193995726200000942e+07 1.148746975699999928e+08 2.048585200000000000e+07 5.971416555999999866e+06
1.027739129200000018e+08 8.082598645000000298e+07 1.488950500000000000e+07 1.808188532750000060e+08
6.933526898000000417e+07 1.380651098000000119e+08 1.960292400000000000e+07 2.020287753000000119e+07
9.608540829999999702e+07 8.701589003700000048e+07 1.720136300000000000e+07 5.796686700000000419e+05
1.017513512000000030e+08 1.361764520000000000e+08 1.354404400000000000e+07 3.928065410000000149e+07
1.042291552800000012e+08 1.329744330000000000e+08 1.347270300000000000e+07 3.250132307999999821e+07
1.040685109890000224e+08 9.448957329999999702e+07 1.523371300000000000e+07 8.632362993200000376e+06
1.269057817319999933e+08 6.625655211699999869e+07 1.323735800000000000e+07 1.388403559359999895e+08
8.970209350000000000e+07 8.985437675000000000e+07 1.799894400000000000e+07 6.016631032999999821e+06
9.185455159999999404e+07 8.966246852700001001e+07 1.776816300000000000e+07 5.371097449999999953e+05
7.409869171999999881e+07 1.146936550199999958e+08 1.972236300000000000e+07 7.641004073000000790e+06
1.060491926410000026e+08 7.850062061100000143e+07 1.556352300000000000e+07 4.629073145799999684e+07
7.207444475180000067e+07 1.056088069550500065e+08 2.134900000000000000e+07 3.543636131821999699e+07
6.593056366400000453e+07 1.149411739157000035e+08 2.324258400000000000e+07 3.396651339689999819e+07
9.996848995000000298e+07 8.942447218999999762e+07 1.617753900000000000e+07 3.943039520000000019e+06
1.148083364166000187e+08 1.011024962000000030e+08 1.372845600000000000e+07 1.558376847124999948e+07
7.180346006000000238e+07 1.760450970000000000e+08 1.757726200000000000e+07 5.009383760000000149e+07
5.729097040999999642e+07 1.621076144000000060e+08 2.348536300000000000e+07 2.339800776999999955e+07
1.165492747000000030e+08 1.217973460000000000e+08 1.256718900000000000e+07 4.304838720000000298e+07
1.123491574000000060e+08 1.233392550000000000e+08 1.285653400000000000e+07 3.958656389999999851e+07
1.203309154699999988e+08 7.458102920000000298e+07 1.380245800000000000e+07 8.038615050000000000e+07
1.122047740000000000e+08 1.416478040000000000e+08 1.260701300000000000e+07 5.418456400000000000e+07
9.710819382999999821e+07 8.726299332500000298e+07 1.687573800000000000e+07 1.371859732000000076e+06
1.036974217399999797e+08 1.165891229000000060e+08 1.403700900000000000e+07 2.285429157800000161e+07
1.084095148900000006e+08 1.337122520000000000e+08 1.309068600000000000e+07 3.533160329999999702e+07
1.144812975189999938e+08 7.324333144799999893e+07 1.383694900000000000e+07 1.590983842500000000e+08
1.148012399000000060e+08 1.261297110000000000e+08 1.259618500000000000e+07 4.331662450000000000e+07
8.899499200000000000e+07 1.401890950000000000e+08 1.497014600000000000e+07 3.259133737000000104e+07
9.838704251999999583e+07 1.214013440000000000e+08 1.443216400000000000e+07 2.415064982699999958e+07
8.770083171000000834e+07 9.275017994799999893e+07 1.838521800000000000e+07 6.100669139999999898e+05
6.839838422200000286e+07 1.163916205300000012e+08 2.189297800000000000e+07 3.584050075000000186e+06
1.185241646710000038e+08 7.321668700399999321e+07 1.450710800000000000e+07 5.112075003000000119e+07
8.056346954999999702e+07 1.220066305999999940e+08 1.734442600000000000e+07 1.742774485000000149e+07
7.701917530000001192e+07 1.033102531130000055e+08 2.068851100000000000e+07 5.389020330000000540e+05
7.533007340699999034e+07 1.301763807699999958e+08 1.814211900000000000e+07 3.355533071999999881e+07
8.753380913000001013e+07 9.772485365000000596e+07 1.752306200000000000e+07 5.423836829999999143e+06
9.609069479000000656e+07 1.235186700000000000e+08 1.461623100000000000e+07 2.482902142199999839e+07
9.795099625900000334e+07 9.191716109000000358e+07 1.624464400000000000e+07 4.941851614799999632e+06
7.038179965999999642e+07 1.115051950349999964e+08 2.218959800000000000e+07 9.818712380000000121e+05
7.149127754000000656e+07 1.547500320000000000e+08 1.815598700000000000e+07 3.263885392000000179e+07
6.260142014999999851e+07 1.252688890929999948e+08 2.508106400000000000e+07 8.638868049999999348e+05
9.162317398860000074e+07 9.211071337000000477e+07 1.729648200000000000e+07 2.610479673060000408e+06
8.910638775000000000e+07 1.264814277000000030e+08 1.548964800000000000e+07 2.374681613000000268e+07
7.453129496000000834e+07 1.724343490000000000e+08 1.692835500000000000e+07 5.284095679999999702e+07
9.400817293000000715e+07 1.385527670000000000e+08 1.438574500000000000e+07 3.291392632999999821e+07
5.776639452000000328e+07 1.416017320699999928e+08 2.688754800000000000e+07 4.381847747000000440e+06
8.348407924099999666e+07 1.569767950000000000e+08 1.543654000000000000e+07 4.026596189999999851e+07
5.760405864000000805e+07 1.732535696999999881e+08 2.282891000000000000e+07 3.128821060000000149e+07
1.136253029599999934e+08 1.131150970000000000e+08 1.323277300000000000e+07 2.303595922700000182e+07
5.811003479999999702e+07 1.387223908000000119e+08 2.471637700000000000e+07 8.523211140000000596e+06
9.756589943999999762e+07 1.481803290000000000e+08 1.373020400000000000e+07 5.110546000000000000e+07
1.057580867800000012e+08 1.286653780000000000e+08 1.343102700000000000e+07 3.026656492999999970e+07
6.672601758999998868e+07 1.170994013009999990e+08 2.340434200000000000e+07 1.035555511000000057e+06
9.296950189000000060e+07 1.289290150000000000e+08 1.449290500000000000e+07 9.688043368000000715e+07
1.265559579699999988e+08 7.377881860000000894e+07 1.260109200000000000e+07 1.693727942199999988e+08
9.079368070000000298e+07 1.496902370000000000e+08 1.438369700000000000e+07 5.482926300000000000e+07
1.122506460030000061e+08 7.160421708069999516e+07 1.426247900000000000e+07 1.710091293704000115e+08
1.079745511299999952e+08 1.105797055000000000e+08 1.386912600000000000e+07 2.011772500900000334e+07
5.821286060999999940e+07 1.787340173000000119e+08 2.229631400000000000e+07 3.574802570000000298e+07
5.917621014999999851e+07 1.862489770000000000e+08 2.169621200000000000e+07 4.070957579999999702e+07
8.073870701299999654e+07 1.636297330000000000e+08 1.580188900000000000e+07 4.326231179999999702e+07
9.358621940000000596e+07 9.327783643000000715e+07 1.681136200000000000e+07 4.271925639499999583e+06
7.586357087900000811e+07 1.010154581154900044e+08 2.033119400000000000e+07 3.837645536793000251e+07
1.198549960100000054e+08 7.375465790000000596e+07 1.446101100000000000e+07 4.670914727000000328e+07
9.738761515999999642e+07 1.034907654000000060e+08 1.547362600000000000e+07 1.265598711999999918e+07
7.886138415000000596e+07 1.016437571299999952e+08 1.965146000000000000e+07 1.785820137999999803e+06
1.142869529899999946e+08 9.009728290000000596e+07 1.445419100000000000e+07 8.390739500000000000e+06
1.056683685699999928e+08 1.128986209000000060e+08 1.399737600000000000e+07 2.096711134899999946e+07
1.166637851110000014e+08 6.955684763750000298e+07 1.390071000000000000e+07 1.645470821266799867e+08
7.969144271000000834e+07 1.082981282300000042e+08 1.858658900000000000e+07 7.059962114000000060e+06
1.141488231200000048e+08 8.266461735999999940e+07 1.505724700000000000e+07 3.357622500000000000e+06
1.236969151790000051e+08 7.019193206800000370e+07 1.381937700000000000e+07 8.737543297800000012e+07
1.240305710110000074e+08 6.988096737299999595e+07 1.376313900000000000e+07 9.126961255400000513e+07
1.225883949200000167e+08 6.986529570999999344e+07 1.371413700000000000e+07 9.852004309000000358e+07
6.492903438000000268e+07 1.279147464000000060e+08 2.203503500000000000e+07 9.380708349999999627e+06
8.312946971999999881e+07 1.030854276099999994e+08 1.808091800000000000e+07 6.029004156000000425e+06
1.087611257399999946e+08 7.932581979999999702e+07 1.539842500000000000e+07 2.967853669999999925e+07
9.873460562999999523e+07 1.101857186400000006e+08 1.460933900000000000e+07 4.570039868999999762e+07
8.596624984999999404e+07 1.247480305999999940e+08 1.606730000000000000e+07 2.182176450000000000e+07
5.616536635000000149e+07 1.510465778000000119e+08 2.665659900000000000e+07 9.859437119999999180e+06
1.088239040199999958e+08 8.034828628000000119e+07 1.405349300000000000e+07 1.865669192700000107e+08
7.442429293000002205e+07 1.080698569200000018e+08 2.026237000000000000e+07 3.609233436000000220e+06
8.590941703000000119e+07 1.432581680000000000e+08 1.533761900000000000e+07 3.391259589999999851e+07
6.628090892999999225e+07 1.815138730000000000e+08 1.911782700000000000e+07 4.582417789999999851e+07
8.331577945299999416e+07 9.787899712000000477e+07 1.864521100000000000e+07 2.242944502700000536e+06
9.010599929000000656e+07 1.057491732000000030e+08 1.647667400000000000e+07 1.075876706900000013e+07
1.038227265999999940e+08 1.450241930000000000e+08 1.318844800000000000e+07 5.517445600000000000e+07
6.993897442000000179e+07 1.609222900000000000e+08 1.839442800000000000e+07 3.814262870000000298e+07
9.315171976999999583e+07 8.912009346199999750e+07 1.744887100000000000e+07 8.766638410000000149e+05
7.780780615000000596e+07 1.685637710000000000e+08 1.624296200000000000e+07 5.549224200000000000e+07
1.116945506700000018e+08 8.671170592000000179e+07 1.494941900000000000e+07 5.594247830000000075e+06
8.595652736100000143e+07 9.053160780740000308e+07 1.798112100000000000e+07 9.440109057160000503e+07
