1.146384810890000165e+08 1.114655690000000000e+08 1.322095300000000000e+07 2.223921680700000003e+07
9.161820354999999702e+07 8.986419506800000370e+07 1.784461300000000000e+07 4.503970289999999804e+05
8.600097511000001431e+07 1.102047380999999940e+08 1.687669400000000000e+07 1.251068165799999982e+07
6.926326845999999344e+07 1.392900519000000060e+08 1.954955000000000000e+07 2.125747246999999881e+07
9.711611764000001550e+07 8.760332790000000596e+07 1.684259900000000000e+07 1.482876887000000104e+06
1.104752193700000048e+08 7.996021608699999750e+07 1.587099200000000000e+07 3.634399810000000289e+05
1.255194021500000060e+08 6.912841179999999702e+07 1.319912200000000000e+07 1.278234219000000060e+08
7.045965397999998927e+07 1.778335580000000000e+08 1.792186900000000000e+07 4.898353789999999851e+07
1.163688602000000179e+08 8.180942098999999464e+07 1.500307000000000000e+07 3.066676900000000373e+06
1.169050111040000021e+08 7.694784031999999285e+07 1.535520500000000000e+07 4.525724066999999806e+06
1.193153259689999968e+08 7.341648952799999714e+07 1.449228300000000000e+07 4.782909778599999845e+07
1.007696116299999952e+08 8.966362473000000417e+07 1.611668100000000000e+07 3.778654529999999795e+06
7.408374172499999404e+07 1.088757393400000036e+08 2.041514500000000000e+07 3.227962981000000145e+06
7.719711564000000060e+07 1.030635310030000061e+08 2.032743400000000000e+07 9.678913839999999618e+05
1.031480409300000072e+08 8.519009265999999642e+07 1.626127000000000000e+07 1.370855694999999832e+06
9.568725337000000477e+07 8.724227058999998868e+07 1.728100200000000000e+07 4.947862160000000149e+05
1.059021506800000072e+08 8.200318470700000226e+07 1.622538100000000000e+07 4.946378319999999949e+05
1.274437210600000024e+08 7.444080339999999106e+07 1.257789700000000000e+07 1.556056810000000000e+08
8.316156452000001073e+07 9.674636648999999464e+07 1.920642200000000000e+07 6.666363969999999972e+05
1.279229751850000024e+08 6.640834397999999672e+07 1.318724500000000000e+07 1.375014681800000072e+08
6.217782614000000060e+07 1.887368130000000000e+08 2.049402000000000000e+07 4.523620950000000000e+07
1.099354013900000006e+08 1.039469753599999994e+08 1.365113400000000000e+07 4.615512328999999911e+07
7.391711610800001025e+07 1.253860772000000030e+08 1.891402700000000000e+07 1.527020610999999940e+07
5.776858917999999970e+07 1.723493076999999881e+08 2.275273000000000000e+07 3.072916180000000075e+07
6.466222492000000179e+07 1.208165140000000000e+08 2.414961300000000000e+07 1.023260337999999989e+06
1.127477150049999952e+08 9.590336100000000000e+07 1.420303500000000000e+07 1.185295090579999983e+07
1.252805110275000185e+08 6.623808935990999639e+07 1.324706000000000000e+07 1.583143630218699872e+08
1.125835008799999952e+08 8.790872090000000596e+07 1.476759100000000000e+07 6.550276549999999814e+06
1.167519707130000442e+08 7.545462947529999912e+07 1.499381900000000000e+07 2.356262611470000073e+07
1.023817505160000026e+08 8.365488959700000286e+07 1.664200200000000000e+07 3.027711599000000278e+05
1.162185579000000060e+08 1.200479030000000000e+08 1.265905500000000000e+07 3.806117929999999702e+07
1.040315749140000045e+08 1.000723002999999970e+08 1.491765700000000000e+07 1.176685231499999948e+07
7.875590870000000298e+07 1.012978352600000054e+08 1.982983500000000000e+07 1.322952602999999886e+06
1.065773034599999934e+08 1.100511480999999940e+08 1.403013600000000000e+07 1.965819564000000060e+07
6.263129238099999726e+07 1.249950370400000066e+08 2.416625400000000000e+07 2.505985224600000307e+06
6.602994337999998033e+07 1.226917019399999976e+08 2.205953900000000000e+07 6.712260722999999300e+06
5.946051220000000298e+07 1.864252090000000000e+08 2.157261600000000000e+07 4.101419740000000596e+07
1.115526802900000066e+08 8.001827249199999869e+07 1.565353200000000000e+07 7.806443619999999646e+05
1.143394828700000048e+08 8.426621373999999464e+07 1.489732500000000000e+07 4.524557240000000224e+06
1.229984189699999988e+08 6.705884636999999732e+07 1.341170600000000000e+07 1.581944662299999893e+08
1.080895772000000030e+08 1.366930410000000000e+08 1.302660500000000000e+07 4.061872010000000149e+07
6.602341261999999732e+07 1.193202513429999948e+08 2.403280600000000000e+07 5.748936529999999329e+05
1.270090486130000055e+08 6.612590022100000083e+07 1.323119900000000000e+07 1.404307276279999912e+08
7.850463249000000954e+07 1.244788409000000060e+08 1.774749600000000000e+07 1.720350683000000194e+07
9.280841092000000179e+07 1.104838665999999940e+08 1.574957200000000000e+07 1.491130871700000018e+07
7.444385826600000262e+07 1.060136914740000069e+08 2.097474700000000000e+07 1.135653395000000019e+06
7.274109191499996185e+07 1.068245218969999999e+08 2.154781300000000000e+07 6.353733285899999551e+06
1.163897301000000238e+08 8.683125600000000000e+07 1.436822100000000000e+07 1.639546019999999925e+07
9.176766506599999964e+07 1.024501605999999940e+08 1.637158100000000000e+07 9.821968825999999419e+06
9.466382328000001609e+07 1.155931535000000000e+08 1.515958800000000000e+07 1.950796353999999911e+07
1.102912885900000036e+08 1.219385550000000000e+08 1.314466300000000000e+07 3.089711560000000149e+07
8.952273275000000000e+07 1.396539740000000000e+08 1.493121600000000000e+07 3.205314282999999821e+07
7.383881269999998808e+07 1.156335169000000060e+08 1.965958700000000000e+07 8.639822872999999672e+06
8.706668126000000536e+07 1.510118780000000000e+08 1.499769900000000000e+07 3.806136397999999672e+07
5.561928377781999856e+07 1.785001544000000060e+08 2.512724600000000000e+07 2.799284780000000075e+07
7.210093227400000393e+07 1.706287220000000000e+08 1.756756100000000000e+07 4.251052979999999702e+07
9.104918701999999583e+07 1.228484154000000060e+08 1.532916700000000000e+07 2.262544348999999836e+07
1.128099654609999955e+08 1.036415659000000060e+08 1.374781800000000000e+07 1.694390168099999800e+07
8.100821486300000548e+07 9.960214973999999464e+07 1.912507600000000000e+07 2.162810577899999917e+06
9.468581298999999464e+07 8.492759603000000119e+07 1.678062700000000000e+07 4.139392163000000268e+07
9.960387700000000000e+07 1.393528350000000000e+08 1.362093700000000000e+07 4.913187729999999702e+07
8.898172881000000238e+07 9.065497062299999595e+07 1.790979500000000000e+07 8.344821483999999240e+06
8.474792311000001431e+07 1.087391919000000060e+08 1.723810000000000000e+07 1.090332996199999936e+07
5.630918729000000656e+07 1.502874898000000119e+08 2.669129600000000000e+07 9.107380109999999404e+06
8.551552015000000596e+07 9.497543251000000536e+07 1.845957800000000000e+07 1.399335389999999898e+06
1.177293501239999831e+08 6.911246992859999835e+07 1.380757900000000000e+07 1.650777999894100130e+08
1.264731736500000060e+08 7.316512879999999702e+07 1.262878900000000000e+07 1.725116890699999928e+08
1.119940635700000226e+08 1.374863580000000000e+08 1.265853800000000000e+07 4.912640220000000298e+07
1.187201535199999958e+08 9.501350654999999702e+07 1.325261600000000000e+07 5.071140303000000119e+07
8.814637663000001013e+07 1.054657005999999940e+08 1.678367600000000000e+07 1.053279271000000089e+07
1.066759983700000048e+08 8.225847106000000238e+07 1.423926200000000000e+07 1.890699383000000119e+08
9.961603682999999821e+07 8.509988676899999380e+07 1.681227700000000000e+07 5.469854279999999562e+05
5.995400913999999315e+07 1.501667205000000000e+08 2.275443100000000000e+07 1.884498455000000075e+07
9.312736835999999940e+07 1.442944820000000000e+08 1.436482100000000000e+07 3.616260884000000358e+07
1.234906235450000018e+08 6.965191664000000060e+07 1.371445700000000000e+07 9.636411146799999475e+07
1.171703699100000411e+08 1.117334372999999970e+08 1.255448000000000000e+07 8.518604278000000119e+07
1.034653724899999946e+08 1.322986500000000000e+08 1.354011900000000000e+07 3.235488858999999985e+07
5.805836409000000358e+07 1.381000704699999988e+08 2.538096100000000000e+07 9.387722173000000417e+06
6.027185253000000119e+07 1.419385390000000000e+08 2.315236700000000000e+07 1.379421110999999940e+07
7.216384160199999809e+07 1.089045901920000017e+08 2.151943400000000000e+07 1.271329307000000030e+06
1.087193470320000052e+08 1.034684385000000000e+08 1.416144800000000000e+07 1.572375917500000075e+07
1.015649172680000067e+08 9.331879479999999702e+07 1.563075700000000000e+07 7.151453014299999923e+06
1.218473645300000012e+08 7.594359270000000298e+07 1.289662100000000000e+07 1.820804452299999893e+08
5.697029814000000060e+07 1.606528645000000000e+08 2.383081800000000000e+07 2.213571600000000000e+07
1.278700760199999958e+08 7.442749390000000596e+07 1.260883100000000000e+07 1.482013407400000095e+08
9.499686740999999642e+07 1.376898870000000000e+08 1.427770900000000000e+07 3.310199276000000164e+07
8.502597843000000715e+07 1.601248220000000000e+08 1.511095700000000000e+07 4.563206370000000298e+07
1.087100771299999952e+08 1.222288050000000000e+08 1.332944900000000000e+07 2.752642472800000012e+07
1.207559300100000054e+08 1.026869442999999970e+08 1.260113700000000000e+07 7.352223968999999762e+07
7.275319699899999797e+07 1.158396930600000024e+08 2.008023300000000000e+07 7.391871424999999814e+06
1.171843058400000036e+08 1.072846799000000060e+08 1.318835300000000000e+07 2.506808850000000000e+07
8.388189812299999595e+07 1.610686600000000000e+08 1.529356500000000000e+07 4.411657329999999702e+07
1.105203925729999840e+08 9.295230729999999702e+07 1.461694900000000000e+07 9.370479862900000066e+06
8.011674982999998331e+07 1.193378185100000054e+08 1.751301900000000000e+07 2.737828619000000134e+07
1.085269259899999946e+08 8.758097270000000298e+07 1.523245800000000000e+07 5.319891530000000261e+06
6.429923743000000715e+07 1.857039650000000000e+08 1.975418900000000000e+07 4.573389179999999702e+07
6.133404481000000238e+07 1.331171154000000060e+08 2.344857900000000000e+07 8.221372329999999143e+06
9.059615712000000477e+07 1.548092110000000000e+08 1.435187600000000000e+07 5.759062500000000000e+07
1.077995941439999938e+08 7.381439275980000198e+07 1.469566900000000000e+07 1.742488586565999985e+08
7.540176164999999106e+07 1.514928290000000000e+08 1.725725600000000000e+07 3.255662039000000060e+07
1.170374718900000006e+08 1.122869687999999970e+08 1.255446000000000000e+07 8.594930909999999404e+07
8.911040986999997497e+07 1.118511272399999946e+08 1.603620800000000000e+07 3.099971242000000179e+07
6.770485821999999881e+07 1.779455470000000000e+08 1.869538700000000000e+07 4.601377950000000000e+07
8.489921565999999642e+07 1.262597656599999964e+08 1.597857200000000000e+07 6.919874215999999642e+07
9.084505684000000358e+07 9.425898765999999642e+07 1.721247100000000000e+07 3.822495941600000020e+06
5.845589256199999899e+07 1.394024819800000191e+08 2.693434600000000000e+07 3.139509126999999862e+06
9.735208590000000596e+07 1.498179360000000000e+08 1.371262600000000000e+07 5.669154800000000000e+07
1.228772331990000010e+08 7.045724859000000358e+07 1.386151500000000000e+07 8.546384288099999726e+07
9.654104170999999344e+07 1.296797050000000000e+08 1.433143800000000000e+07 2.871885222000000253e+07
6.877632454999999702e+07 1.137832377440000027e+08 2.272609200000000000e+07 1.010844314000000013e+06
1.194181994699999988e+08 9.277293645000000298e+07 1.336959200000000000e+07 4.803647578000000119e+07
1.147968625000000000e+08 9.982306929999999702e+07 1.379818300000000000e+07 1.481880940000000037e+07
1.011185578799999952e+08 8.332755875000000000e+07 1.501136400000000000e+07 1.779992734000000060e+08
1.093482922779999971e+08 7.307309125349999964e+07 1.452882300000000000e+07 1.728383928571000099e+08
1.148529802999999970e+08 1.253834630000000000e+08 1.263049300000000000e+07 4.027083289999999851e+07
9.433818693600000441e+07 8.572505492299999297e+07 1.618672300000000000e+07 1.393202383030000031e+08
5.523159721199999750e+07 1.717404860999999940e+08 2.585775500000000000e+07 2.331017969999999925e+07
5.822677131000000238e+07 1.793696479000000060e+08 2.228590400000000000e+07 3.583935460000000149e+07
8.284388709699998796e+07 9.902373468999999762e+07 1.858524900000000000e+07 3.068114797000000253e+06
1.008682357619999945e+08 1.044820712000000030e+08 1.497824100000000000e+07 1.424703252999999933e+07
6.041161023300000280e+07 1.285404868199999928e+08 2.502928900000000000e+07 2.628019283100000117e+06
7.083592126999999583e+07 1.107513245090000033e+08 2.205786200000000000e+07 1.006192577999999980e+06
1.135290907000000179e+08 7.694391104000000656e+07 1.525683100000000000e+07 1.924093532699999958e+07
9.288848103000000119e+07 1.273480470000000000e+08 1.486538500000000000e+07 2.649933482999999821e+07
8.547908064399999380e+07 1.603264250000000000e+08 1.496421100000000000e+07 5.573230600000000000e+07
1.145653757900000066e+08 8.989357579999999702e+07 1.444869100000000000e+07 8.335601180000000633e+06
9.256493595999999344e+07 1.188500712000000030e+08 1.529689600000000000e+07 2.068889393499999866e+07
1.187931366000000238e+08 7.327984445999999344e+07 1.434971700000000000e+07 5.757501779999999702e+07
8.733919206000000238e+07 9.429693206999999285e+07 1.799922700000000000e+07 2.040131962000000058e+06
1.036763779599999934e+08 8.150487848999999464e+07 1.617212100000000000e+07 1.415911976999999955e+07
