1.100869752370000035e+08 8.011995088399998844e+07 1.593556500000000000e+07 2.968231916000000201e+05
1.163733035999999940e+08 1.207130540000000000e+08 1.262950200000000000e+07 3.887323060000000149e+07
1.146486668936000019e+08 9.974630279999999702e+07 1.381506600000000000e+07 1.470365532145999931e+07
9.416233208300000429e+07 9.950638490000000596e+07 1.620815600000000000e+07 8.700561346000000834e+06
1.232501964899999946e+08 6.938393143000000715e+07 1.353908800000000000e+07 1.107773913799999952e+08
1.125858179800000191e+08 7.929299060500000417e+07 1.563843200000000000e+07 5.049270360000000219e+05
1.003050783710000068e+08 9.508625529999999702e+07 1.566528400000000000e+07 7.860642550600000657e+06
1.159181559000000060e+08 8.639349100000000000e+07 1.441254100000000000e+07 1.653325090000000037e+07
1.194107019899999946e+08 7.299921566599999368e+07 1.443933100000000000e+07 5.234147765600000322e+07
9.087565646899999678e+07 1.032651319000000060e+08 1.646795300000000000e+07 9.916605016000000760e+06
1.250450620209999979e+08 6.645893195450000465e+07 1.323532300000000000e+07 1.618273466972999871e+08
7.031320137000000477e+07 1.597663720000000000e+08 1.835658700000000000e+07 3.441878834000000358e+07
7.485247371999998391e+07 1.097194840600000024e+08 1.997542200000000000e+07 4.631719712000000291e+06
7.239766127799999714e+07 1.102185623799999952e+08 2.101185500000000000e+07 2.534237829700000118e+06
1.147928504000000060e+08 1.109936070000000000e+08 1.326250700000000000e+07 2.150135939699999988e+07
6.195146522259999812e+07 1.261908257399999946e+08 2.464396300000000000e+07 1.991646454459999921e+06
9.353421635999999940e+07 8.724864193199999630e+07 1.746894800000000000e+07 6.089918658999999985e+06
6.261844753900000453e+07 1.248838585259999931e+08 2.494620900000000000e+07 1.016962111000000034e+06
1.044015730859999955e+08 7.567244745180000365e+07 1.510616200000000000e+07 1.768447658693000078e+08
1.242801167759999931e+08 7.326756400000000000e+07 1.316908300000000000e+07 1.154339828190000057e+08
1.116919528240000010e+08 7.178964892859999835e+07 1.434085400000000000e+07 1.687300899894100130e+08
6.535723646000000834e+07 1.161883513700000048e+08 2.358782700000000000e+07 2.019609023000000045e+07
1.163766866330000460e+08 9.682390469300000370e+07 1.340645600000000000e+07 4.334605040100000054e+07
9.158265926999999583e+07 8.985846826500000060e+07 1.782313400000000000e+07 5.049172040000000270e+05
1.166293349000000060e+08 1.083926860000000000e+08 1.325265600000000000e+07 2.050858310000000149e+07
1.167813584169999808e+08 7.687256113400000334e+07 1.531088100000000000e+07 6.264796552999999374e+06
8.116212022599999607e+07 1.006040105799999982e+08 1.890106800000000000e+07 3.026447538000000175e+06
1.018795740370000005e+08 8.391165009299999475e+07 1.669750000000000000e+07 2.940820476999999955e+05
1.280026773800000399e+08 7.357506390000000596e+07 1.261585900000000000e+07 1.508373524900000095e+08
8.596495423999999464e+07 1.042402600000000000e+08 1.737427100000000000e+07 7.883273468000000343e+06
1.093102393850000054e+08 9.793509009999999404e+07 1.446619000000000000e+07 1.183401433969999850e+07
5.812457767999999970e+07 1.784474676999999881e+08 2.236381800000000000e+07 3.515795520000000298e+07
8.719440702000001073e+07 9.319612768600000441e+07 1.833222000000000000e+07 9.522712619999999879e+05
6.426301963000001013e+07 1.221654140770000070e+08 2.447578900000000000e+07 7.813372169999999460e+05
7.090779322579999268e+07 1.107460271400000006e+08 2.161270200000000000e+07 1.931638959860000061e+06
7.649385051000000536e+07 1.046309399089999944e+08 2.036087800000000000e+07 1.273258773999999976e+06
7.641652485899999738e+07 1.065548795699999928e+08 1.982239600000000000e+07 3.433911138999999966e+06
1.182601993599999994e+08 1.000463817900000066e+08 1.291931600000000000e+07 6.331149739999999851e+07
6.383183494000000507e+07 1.186460513700000048e+08 2.405931100000000000e+07 3.185728523000000045e+07
1.187948565020000041e+08 6.867219542587000132e+07 1.372641600000000000e+07 1.626695454382900000e+08
9.052645498000000417e+07 1.394840540000000000e+08 1.479759500000000000e+07 3.231553460000000149e+07
9.164235314000000060e+07 1.238440119000000060e+08 1.522823400000000000e+07 2.304364483999999985e+07
9.767814276999999583e+07 1.366021130000000000e+08 1.394453700000000000e+07 3.752364189999999851e+07
7.275612489000000060e+07 1.082493581840000004e+08 2.163715100000000000e+07 8.146530130000000354e+05
1.142362062000000030e+08 1.274809170000000000e+08 1.264189800000000000e+07 4.066241929999999702e+07
8.115669475000001490e+07 9.552328437000000477e+07 1.909802100000000000e+07 3.438170722999999672e+07
8.892726029000000656e+07 8.944349496400000155e+07 1.791265700000000000e+07 1.656428960799999908e+07
1.264019523299999982e+08 7.320922839999999106e+07 1.263635500000000000e+07 1.681764580399999917e+08
9.573099894900000095e+07 8.196478096110001206e+07 1.623428200000000000e+07 1.431292415412999988e+08
7.937216456399999559e+07 9.719977967779999971e+07 1.939258400000000000e+07 5.840047731366000324e+07
9.627682314000001550e+07 9.723921140000000596e+07 1.602819900000000000e+07 9.402980609999999404e+06
1.270896678400000036e+08 6.636643039999999851e+07 1.316922900000000000e+07 1.423534865399999917e+08
1.097333427370000035e+08 7.276741923549999297e+07 1.451247900000000000e+07 1.718876925624000132e+08
8.106047074000000954e+07 1.160299822000000030e+08 1.759195200000000000e+07 1.380357624000000022e+07
6.776159638000001013e+07 1.151231426299999952e+08 2.282581500000000000e+07 1.445551962999999989e+06
1.223716273900000006e+08 7.060087293000000715e+07 1.379516600000000000e+07 8.998751484999999404e+07
6.540446275999999791e+07 1.189805549500000030e+08 2.340942800000000000e+07 1.873376331000000006e+06
8.929719246999999881e+07 1.450382230000000000e+08 1.481882600000000000e+07 3.523459072999999672e+07
7.027370799430000782e+07 1.080666267921099961e+08 2.187462600000000000e+07 3.455508992685999721e+07
1.146228558400000036e+08 8.224344957999999821e+07 1.505569600000000000e+07 3.171980810000000056e+06
8.351162054799999297e+07 9.298421083100000024e+07 1.845561700000000000e+07 8.208638475040000677e+07
6.764883319000001252e+07 1.758807730000000000e+08 1.874977800000000000e+07 4.245025479999999702e+07
1.143557169899999946e+08 9.002614070000000298e+07 1.445994500000000000e+07 8.268574599999999627e+06
1.086219319800000042e+08 1.269176530000000000e+08 1.322229100000000000e+07 2.991504205999999866e+07
9.433970906999999285e+07 1.291442434000000060e+08 1.431579100000000000e+07 9.615890300000000000e+07
1.271775858799999952e+08 6.945152920000000298e+07 1.303645500000000000e+07 1.332122689000000060e+08
8.363407882000000775e+07 9.359906160999999940e+07 1.877383000000000000e+07 1.918019175899999961e+07
1.015307976800000072e+08 1.112373684000000060e+08 1.456953400000000000e+07 1.826946470600000024e+07
8.543480139999999106e+07 9.512043884999999404e+07 1.843045200000000000e+07 1.631241581000000006e+06
7.886109187999999523e+07 1.009994235069999993e+08 2.003257900000000000e+07 8.608923090000000084e+05
5.808553845000000298e+07 1.385664860999999940e+08 2.476906000000000000e+07 8.380828479999998584e+06
1.062594902000000030e+08 1.446333210000000000e+08 1.300827800000000000e+07 5.488499900000000000e+07
9.128083130599999428e+07 8.964307836200000346e+07 1.661225800000000000e+07 1.269921463840000033e+08
8.439103638000002503e+07 1.038253398900000006e+08 1.769720100000000000e+07 7.357287763000000268e+06
9.804077790999999642e+07 8.642456069200000167e+07 1.683643100000000000e+07 1.078918382999999914e+06
1.058375118299999982e+08 8.201286583799999952e+07 1.624089200000000000e+07 4.786831550000000279e+05
8.350297615299999714e+07 9.871009754999999702e+07 1.845795900000000000e+07 3.034572646499999799e+06
1.170942076599999964e+08 7.085205743000000715e+07 1.400592200000000000e+07 1.178424280960000008e+08
5.708256464999999851e+07 1.572164199000000060e+08 2.391158100000000000e+07 1.989193717000000179e+07
7.720506416499999166e+07 9.951683752534000576e+07 1.998267900000000000e+07 4.160229711000999808e+07
5.814077656000000238e+07 1.399169790000000000e+08 2.461128200000000000e+07 9.022619910000000149e+06
5.554322775999999791e+07 1.775688104000000060e+08 2.522870800000000000e+07 2.729552939999999851e+07
1.019673472000000030e+08 1.315689920000000000e+08 1.359284300000000000e+07 3.926031529999999702e+07
5.783796026000000536e+07 1.413332485500000119e+08 2.689344600000000000e+07 4.229589868999999948e+06
6.056679851399999857e+07 1.281931778700000048e+08 2.503671200000000000e+07 2.433082567300000228e+06
5.964868049000000209e+07 1.890935420000000000e+08 2.146776300000000000e+07 4.276815710000000149e+07
9.586655218000000715e+07 8.713100570199999213e+07 1.728994300000000000e+07 4.372892370000000228e+05
1.162586970999999940e+08 7.812486240000000596e+07 1.496472500000000000e+07 1.617043050000000000e+07
1.190383030100000054e+08 7.493868750000000000e+07 1.424058700000000000e+07 5.590885689999999851e+07
6.292537245000000298e+07 1.258362481899999976e+08 2.337057600000000000e+07 5.266821060000000522e+06
1.157508835300000012e+08 7.164793182400000095e+07 1.379649700000000000e+07 1.618778107168000042e+08
1.001059435610000044e+08 7.887541686699999869e+07 1.556445400000000000e+07 1.663932039268000126e+08
1.031588750999999940e+08 8.480187893999999762e+07 1.621315100000000000e+07 1.652150473999999929e+06
1.128277075390000045e+08 9.325670779999999702e+07 1.436235200000000000e+07 1.018829813027999923e+07
8.252568845000000298e+07 1.376296130000000000e+08 1.616581900000000000e+07 2.830360421999999881e+07
8.946375269000001252e+07 1.291519369000000060e+08 1.500183600000000000e+07 8.981791640000000596e+07
1.081886287699999958e+08 8.240727929999999702e+07 1.404688700000000000e+07 1.911369771100000143e+08
8.444429555000001192e+07 1.616639960000000000e+08 1.510416700000000000e+07 5.896436000000000000e+07
1.165532632300000042e+08 1.146449567999999970e+08 1.255467600000000000e+07 8.932381418999999762e+07
1.170367818500000238e+08 7.555996118909999728e+07 1.499592000000000000e+07 2.201632273800000176e+07
8.948243572999998927e+07 9.144866391599999368e+07 1.803731500000000000e+07 6.878281729999999516e+05
7.240592962000000477e+07 1.738073630000000000e+08 1.742900800000000000e+07 4.984601420000000298e+07
1.081031326920000017e+08 9.958688000000000000e+07 1.444486800000000000e+07 1.312780649000000022e+07
1.016493666640000045e+08 8.381847351800000668e+07 1.614499900000000000e+07 1.848579578999999911e+07
5.562944760999999940e+07 1.573805261999999881e+08 2.645167900000000000e+07 1.373068553999999911e+07
1.052902663110000193e+08 7.513931330619999766e+07 1.499715600000000000e+07 1.757191395845000148e+08
1.082075639940000027e+08 7.354000961490000784e+07 1.466781100000000000e+07 1.733294752278000116e+08
1.059093941299999952e+08 7.736682093999999762e+07 1.526903800000000000e+07 7.779134734100000560e+07
7.807441692999999225e+07 1.657270380000000000e+08 1.623486700000000000e+07 4.646152479999999702e+07
5.606795577000000328e+07 1.519757355000000000e+08 2.663018400000000000e+07 1.041509700999999978e+07
6.876934196999999881e+07 1.799149940000000000e+08 1.838095000000000000e+07 4.798219879999999702e+07
7.634347359999999404e+07 1.623278540000000000e+08 1.669503800000000000e+07 4.056086360000000149e+07
1.040135615849999934e+08 8.049754969499999285e+07 1.482239400000000000e+07 1.384431367170000076e+08
1.274940848700000048e+08 7.437323460000000894e+07 1.256593400000000000e+07 1.582774168199999928e+08
9.029513253000000119e+07 1.553263190000000000e+08 1.438295500000000000e+07 5.827626000000000000e+07
9.234798718999999762e+07 8.994898912000000477e+07 1.744305500000000000e+07 1.386321156999999890e+06
8.756479896000000834e+07 1.421337220000000000e+08 1.511148700000000000e+07 3.378648348000000417e+07
6.794272968999999762e+07 1.197264954099999964e+08 2.150151900000000000e+07 6.606101203999999911e+06
7.862851476199999452e+07 1.022510656099999994e+08 1.956332000000000000e+07 2.352578925900000148e+06
8.316387303999999166e+07 9.717441024899999797e+07 1.944384700000000000e+07 3.461743150000000023e+05
9.801392864000000060e+07 1.083810477999999970e+08 1.510523200000000000e+07 1.594622741400000080e+07
8.927464313599999249e+07 8.733084359329999983e+07 1.745672700000000000e+07 1.143276330963000059e+08
8.609022646000000834e+07 1.589131890000000000e+08 1.493358700000000000e+07 4.888849170000000298e+07
7.385626292999999225e+07 1.068650331819999963e+08 2.105723400000000000e+07 1.244585966000000015e+06
1.014907538799999952e+08 1.263216420000000000e+08 1.392131400000000000e+07 2.771704025000000000e+07
