1.19087044466E8 1.125866709E8 1.1340894E7 2.072246393E7
1.2822895386E8 7.8885019E7 1.0830825E7 1.9018170759E8
7.355611974E7 1.364014872E8 1.5751056E7 1.8902054200000003E7
9.995680157E7 9.0480105167E7 1.4554613E7 410322.697
7.728091878999999E7 1.07032774794E8 1.7245693E7 624732.635
1.0087775633E8 9.60635383E7 1.3798997E7 4863703.7
8.5526585E7 1.3326677903E8 1.3667433E7 7.831458453E7
1.31287360085E8 7.34196697E7 1.0850441E7 1.6955189475E8
7.212911260999998E7 1.1410964562E8 1.7447016E7 3283311.733
5.575508134E7 1.3634591247E8 2.0446886E7 7465216.873
1.1607164212E8 7.997170352E7 1.2737374E7 4.4037632774E7
1.0996420129500002E8 9.98810797E7 1.262024E7 1.064388411E7
5.821948343E7 1.8523069E8 1.7468145E7 3.93258867E7
1.2041197466E8 7.344592587E7 1.1841448E7 1.60920869465E8
1.1104691170600002E8 8.1735468162E7 1.3057957E7 4.8502384034E7
1.1991686124E8 1.27593734E8 1.0849877E7 2.9995275772E7
5.4257544663E7 1.3969482267E8 2.1603047E7 4193890.413
1.09696546472E8 8.3739696443E7 1.349998E7 1.8965723386E7
9.3285694888E7 1.010909296E8 1.4409432E7 5564953.624299999
1.26944203674E8 7.3144691646E7 1.1678303E7 1.01342060736E8
1.1588998048E8 8.23564835E7 1.2531722E7 4.95126091E7
7.239212313E7 1.476458587E8 1.5521685E7 2.545220419E7
9.925645257999998E7 1.232763117E8 1.261125E7 2.2050045661E7
1.2751426844E8 7.770315467999999E7 1.1433503E7 9.604218395E7
1.139153233E8 8.35760668E7 1.2770899E7 3.84613992E7
1.01765475756E8 1.031367884E8 1.3248339E7 1.02547054E7
6.6584271039E7 1.152538445019E8 1.8619795E7 4.804129147107E7
7.274012494E7 1.0834366513E8 1.7600752E7 3.0399979428E7
7.625278465E7 1.445454725E8 1.4929903E7 2.583017579E7
7.896047491E7 1.0569826365E8 1.6814083E7 1022559.551
1.2276004056E8 1.081154898E8 1.082628E7 6.882189168E7
6.842456862E7 1.74869232E8 1.5482406E7 4.0219915E7
9.605034531E7 1.58216528E8 1.1983778E7 5.9319362E7
9.9128433483E7 8.95599003443E7 1.4441333E7 9678085.33996
1.18633204405E8 8.0108374712E7 1.2903591E7 1.9526077525E7
1.2811065711E8 7.3323534986E7 1.1671443E7 9.6514971912E7
1.06565235249E8 9.56471588E7 1.3196705E7 6584210.919
6.03085291723E7 1.2334697318771E8 2.0076633E7 2.366984448834E7
1.2154042159E8 8.008555571E7 1.2614683E7 2.354153572E7
1.1565775661E8 1.1164769984E8 1.1247146E7 6.291016114E7
7.930001597399998E7 1.1126921818E8 1.6035225E7 5838875.899
1.0026497022E8 1.47213407E8 1.1877524E7 3.77313223E7
9.702326615E7 8.9619064987E7 1.4412204E7 2.8291074477E7
1.1991650525E8 8.58371516E7 1.262177E7 8199941.5
9.971457885E7 1.122934935E8 1.3019208E7 1.5138304399E7
5.9826594656E7 1.3431519204E8 1.9149528E7 1.062747988E7
1.18612431898E8 7.8926313863E7 1.2608098E7 4.224712668E7
1.197060089127E8 1.110453962E8 1.1372811E7 1.9738719821E7
6.79952953282E7 1.66980059E8 1.5758665E7 3.494760321E7
1.0760527644E8 1.221911948E8 1.1858432E7 2.4917576E7
6.0828436754E7 1.88032227E8 1.6800633E7 4.32253677E7
9.87945633E7 9.1823981968E7 1.4459353E7 1262582.429
6.254099807E7 1.23529401121E8 1.9874876E7 944962.686
7.4820827425E7 1.75025685E8 1.4387082E7 4.40328184E7
9.905872832E7 8.681000433E7 1.3843902E7 7.8018055378E7
1.3117165018299998E8 6.9947520931E7 1.1267975E7 1.40866673115E8
1.159985282E8 7.835336929E7 1.2514716E7 7.5907822669E7
7.513201950700001E7 1.145860912E8 1.6668511E7 5464036.062
8.371263837999998E7 1.69375514E8 1.3210701E7 4.86320579E7
7.742178810000001E7 1.3431496877E8 1.4969424E7 5.983991328E7
1.12428423904E8 7.69193320607E7 1.2417237E7 1.782845701208E8
8.524170007E7 1.124764858E8 1.4893425E7 9708554.721
1.30042731228E8 7.156529717E7 1.1429024E7 1.19319716717E8
1.3261793482999998E8 7.599002464999999E7 1.0748593E7 1.5603025808E8
9.178623006E7 9.164953161E7 1.4646608E7 7.4456928104E7
7.713277013000001E7 1.1450514382E8 1.623198E7 6794796.189
5.015475627000001E7 2.360484847E8 3.678601E7 4918725.773
6.0498495284E7 1.471884981E8 1.8225615E7 1.685108509E7
7.6992408855E7 1.0859916272E8 1.6820764E7 2371251.4348
1.2493971717000002E8 7.585114636E7 1.2036153E7 6.6924613208E7
1.1836972366E8 8.781639639999999E7 1.2655849E7 4307062.68
9.179738405E7 9.3803854756E7 1.5225365E7 8832322.537999999
5.6253986231E7 1.32095750093E8 2.1412235E7 2.74757540477E7
8.164184069000001E7 1.352080621E8 1.4394586E7 2.262768287E7
4.806661491E7 2.567555367E8 3.6170619E7 1.786894424E7
7.263648185999998E7 1.213709664E8 1.6726373E7 8566093.16
7.081384261E7 1.79853695E8 1.4923988E7 4.81939667E7
9.6103555995E7 1.052196222E8 1.3782417E7 9330273.501
9.7070741249E7 1.039506263E8 1.3736027E7 8895825.447
5.378490922999999E7 1.578556348E8 1.9851061E7 1.833557655E7
1.1675040496E8 8.291916379699999E7 1.3248963E7 545343.486
1.0780916513E8 9.39847683E7 1.31881E7 5635387.43
1.0621254947E8 8.7310107002E7 1.4024296E7 430968.806
1.15545945599E8 1.0449672552E8 1.1592449E7 4.7374814238E7
1.1356481729E8 1.47751296E8 1.0845109E7 5.6038594E7
1.2122525912E8 1.21717664E8 1.083332E7 3.40684718E7
1.27002702962E8 7.063729368366E7 1.1406205E7 1.6808538409187E8
9.163615942E7 1.38355626E8 1.2925122E7 2.91829819E7
1.0436405924000002E8 1.30358769E8 1.1901212E7 2.800441108E7
5.152127381E7 1.543838558E8 2.1660125E7 1.07407418E7
8.878327526E7 1.47687061E8 1.3022762E7 3.347856496E7
1.1661967509E8 1.38749344E8 1.0803586E7 4.08133851E7
1.1301045704E8 1.23701647E8 1.1401269E7 2.6152150053E7
8.228892876999998E7 1.54852669E8 1.3683741E7 3.540129833E7
9.459243732E7 1.37591707E8 1.2626334E7 2.939657732E7
1.14926643239E8 7.7497865654E7 1.204066E7 1.84308354347E8
6.432051079E7 1.2473114041E8 1.8628884E7 4811410.178
7.8739514695E7 1.74456503E8 1.3804739E7 4.77927053E7
6.664179046999999E7 1.1831698731E8 1.885731E7 1295301.864
8.6891210843E7 1.075294444E8 1.4951877E7 6972524.106000001
5.0160945425E7 1.832188602E8 2.463171E7 1.677595083E7
9.711459708E7 9.094404934E7 1.4748044E7 5150152.848
1.109845042E8 1.30556553E8 1.1365607E7 2.990128406E7
7.598030986199999E7 1.050142860974E8 1.6870918E7 7.07311129496E7
1.2183734929E8 9.961902648E7 1.1349848E7 4.577712613E7
7.657250358999999E7 1.30090501E8 1.5460685E7 1.6741928739999998E7
9.337911977E7 1.45868546E8 1.2542214E7 3.407905487E7
7.511746696100001E7 1.492878429E8 1.4856582E7 7.067049635E7
8.746882337E7 1.154099285E8 1.43947E7 1.2598440146E7
8.632120035E7 1.58914975E8 1.3087679E7 3.937174773E7
9.964042864E7 1.310629927E8 1.2008012E7 9.970168403E7
6.11914871319E7 1.2193630881814E8 1.9865888E7 3.3760591306469E7
8.500443657999998E7 1.38799989E8 1.3778826E7 2.63184579E7
1.1989309152E8 1.17658596E8 1.0728529E7 9.009660655E7
6.674717503200001E7 1.403077867E8 1.7017459E7 1.701371254E7
9.99828075732E7 9.71517907E7 1.3833862E7 5227481.82409
1.086666526E8 1.38397767E8 1.1380209E7 3.410985077E7
1.1890191592E8 9.7491386E7 1.2048168E7 1.06902285E7
1.04638023444E8 8.19591437386E7 1.3119849E7 1.4186213453941E8
9.308376824E7 1.240042257E8 1.3254108E7 2.051199463E7
1.0965167027E8 8.46040701E7 1.2602542E7 9.27914148E7
9.431917463E7 9.10281583E7 1.427674E7 7.124678176E7
8.36272011E7 1.314346948E8 1.4238658E7 2.118853635E7
4.994936551E7 2.3698900151E8 3.6771161E7 5446518.384
8.4239481764E7 9.77713047807E7 1.5498882E7 1.093001167989E8
1.114772548E8 8.816991497E7 1.3251004E7 2866226.75
8.271469418400002E7 1.095429997E8 1.5526297E7 6299954.914
5.390499258E7 1.88303729E8 1.9014692E7 3.68468388E7
1.28996353247E8 7.161583358E7 1.14488E7 1.2130892838E8
7.754288517E7 1.396765194E8 1.4895121E7 2.326868428E7
9.3602111058E7 8.95567816937E7 1.4336747E7 1.221466379351E8
8.567567411999999E7 1.257522358E8 1.4048911E7 3.41114335E7
1.06258187083E8 8.03310099815E7 1.2974585E7 1.85921852276E8
1.32157666081E8 6.995532237E7 1.1236642E7 1.39556387356E8
6.779754996000001E7 1.303094939E8 1.7285275E7 1.133773132E7
6.6482134264000006E7 1.1944541647E8 1.8562476E7 2638650.0338000003
7.978560408999999E7 1.441229438E8 1.4366249E7 2.736053648E7
1.13793203877E8 7.68734601861E7 1.2273452E7 1.6247028273356E8
1.2150584678000002E8 7.981135873E7 1.1310864E7 1.7857848567E8
1.057977546243E8 8.632869288211E7 1.3846149E7 1.111604795586E7
7.127244854999998E7 1.76005205E8 1.4884139E7 5.28342705E7
5.781677169E7 1.79753573E8 1.7703989E7 3.551492825E7
6.115508868E7 1.66736656E8 1.72726E7 2.989968821E7
6.618283410999999E7 1.89850432E8 1.5668187E7 5.54711259E7
7.5702839033E7 1.65301305E8 1.4428962E7 3.834982343E7
8.526412721E7 1.00247861527E8 1.6139428E7 537109.755
6.010225345E7 1.96728736E8 1.6852231E7 5.10199643E7
1.1981605142E8 8.29038702E7 1.1338212E7 1.9734690326E8
7.276044051099999E7 1.08269315993E8 1.7471316E7 5.251235626979E7
9.391011906E7 9.4218206277E7 1.501949E7 794975.083
1.03313040428E8 8.2900742818E7 1.3168496E7 1.763232777272E8
1.1246388484E8 8.380338712740001E7 1.3542086E7 3274930.96901
1.2261121432999998E8 7.63469158E7 1.1977199E7 8.064811043E7
6.858326038000001E7 1.1842294234E8 1.7998328E7 3642862.1
1.1165425953E8 8.04022725E7 1.2753261E7 8.018413094E7
6.561194617999999E7 1.72599283E8 1.6074878E7 3.87294012E7
6.6599368087E7 1.452836516E8 1.6815496E7 2.035052834E7
8.966043111999999E7 1.63742594E8 1.2546496E7 5.4705078E7
1.043754169E8 8.3809939087E7 1.352608E7 6.9590254628E7
9.126497465E7 1.156873892E8 1.3851167E7 1.4298623173E7
8.738775915E7 1.283451615E8 1.3823118E7 2.089926624E7
8.118595214E7 1.0134607137E8 1.6445093E7 1.336907423E7
9.347867503E7 1.114157311E8 1.3767536E7 1.2535290267E7
6.010231215399999E7 1.74655517E8 1.7280547E7 3.411182106E7
8.104048916600001E7 1.00067623988E8 1.6109726E7 9.496787884339E7
9.131671947E7 1.54257424E8 1.2564995E7 4.04300728E7
8.499685316E7 1.1129430155E8 1.4958282E7 1.231079227E7
6.682860067E7 1.2382392266E8 1.8001281E7 5992943.799
1.08584856185E8 1.039381486E8 1.2544638E7 1.2525504338E7
8.4083080442E7 1.66884404E8 1.3132517E7 5.9380887E7
1.294399837717E8 6.9764870361746E7 1.1267265E7 1.64933095847933E8
9.815304257E7 1.28236483E8 1.254637E7 2.4843823122E7
8.13614347E7 1.58454063E8 1.37364E7 3.692221364E7
1.13196108667E8 9.73066376E7 1.2481675E7 9420764.994
1.08824822311E8 8.302592166E7 1.2423521E7 1.64148208467E8
9.599860709E7 9.593668036E7 1.4435353E7 3140332.62
1.0163149846E8 8.9592839045E7 1.4381049E7 489985.712
8.900933688599999E7 9.35925667533E7 1.4852314E7 1.182291809219E8
8.33751617E7 1.6863233E8 1.3198981E7 6.0118441E7
8.109268339E7 1.03623524794E8 1.6677018E7 624732.635
1.0141978689000002E8 1.34477999E8 1.2037142E7 3.004827117E7
7.031481498E7 1.1902450404E8 1.7445778E7 5521955.424
7.9023012887E7 1.019954560971E8 1.64119E7 8.372264125666E7
7.492041241E7 1.09237200281E8 1.7472687E7 1025243.48
9.123730198E7 1.08763787E8 1.4208333E7 9904900.329
6.479165211999999E7 1.71436452E8 1.6304498E7 3.5569916190000005E7
7.9036698062E7 1.04381803539E8 1.6970147E7 4422633.634430001
1.1760619032E8 7.456669262E7 1.2055297E7 1.64864524042E8
1.20347887397E8 8.04248608406E7 1.2944863E7 9929677.3275
1.1482736832E8 1.1160224807E8 1.1291424E7 6.627937605E7
5.107651584E7 1.680751962E8 2.1047841E7 1.963559833E7
8.961637926E7 9.6993609438E7 1.5600522E7 531775.673
1.1011951157E8 1.35736852E8 1.1212639E7 4.26926842E7
8.1361856433E7 1.0581073627E8 1.6126485E7 2849140.4446
8.565483182E7 9.7669146146E7 1.586828E7 1.485748902E7
6.4473076696E7 1.2159207803E8 1.9024785E7 2226781.4424
5.22501991E7 2.3032029216E8 3.6868522E7 1749320.4689999998
9.172154979999998E7 1.3092802572E8 1.2908747E7 7.385654107E7
5.511917175E7 1.89812101E8 1.8457346E7 3.9499414400000006E7
9.562122913E7 1.2518240036E8 1.2599641E7 7.903715689E7
1.02068310711E8 8.6752143749E7 1.3943904E7 3.0576819032E7
8.243041815E7 9.9837680756E7 1.6194477E7 2.1958745838E7
1.03911057152E8 8.6605338163E7 1.39942E7 1.5160641128E7
1.01958699235E8 8.31917152485E7 1.3410959E7 1.833763988002E8
1.0578676995E8 8.790542769E7 1.2521918E7 1.9303603126E8
6.085192061E7 1.600156799E8 1.7584935E7 2.537013077E7
8.7118696051E7 9.68553637023E7 1.5651925E7 1.35600297396E7
7.353210673620002E7 1.0745254918863E8 1.738946E7 4.2385085177616E7
6.8668265414E7 1.1397969137E8 1.8579096E7 9493443.73
5.221676407E7 1.483108401E8 2.1847393E7 7104321.2700000005
1.1634458161E8 9.02697007E7 1.2643428E7 5425991.859999999
6.196279165900001E7 1.3065714358E8 1.8820481E7 7052977.831
1.23164385076E8 7.6932208458E7 1.2254537E7 5.3006912466E7
1.2412262382999998E8 7.77722224E7 1.2029299E7 6.061119624E7
1.12091318583E8 9.82711937E7 1.2525276E7 9752250.6563
8.5001564547E7 1.059860744E8 1.5390092E7 4971205.267
6.3867257044E7 1.412082479E8 1.7652216E7 1.5657834989999998E7
1.0990252888E8 1.124894474E8 1.2046071E7 1.8357680198000003E7
9.135900670000002E7 9.737628709E7 1.5045777E7 2084656.806
1.0774651975E8 8.6762134512E7 1.3858862E7 558383.1819999999
1.07899857654E8 7.9356296375E7 1.2810576E7 1.823534221278E8
1.1882599085E8 1.30077816E8 1.084939E7 3.157945209E7
1.2078311839000002E8 7.969599661E7 1.2641725E7 2.530812934E7
9.767085279999998E7 1.52099253E8 1.2007228E7 4.15405616E7
5.432884064000022E7 1.498778957E8 1.999396E7 1.367088244E7
7.238607109E7 1.11900857487E8 1.7986261E7 766638.036
5.8484330777399E7 1.2578310828928287E8 2.049235E7 3.263141019042036E7
1.2111164383E8 9.171196549E7 1.1985995E7 2.481319174E7
1.24780831834E8 7.423941468E7 1.1298568E7 1.79179369573E8
5.143679756999999E7 1.803766603E8 2.0423204E7 2.83149385E7
7.060877084719999E7 1.1054092611688E8 1.7939227E7 3.902129812077E7
1.0210176374199998E8 8.438630359799999E7 1.3233823E7 1.75271287505E8
5.935847309E7 1.668293163E8 1.7687365E7 3.15160279E7
5.634145288900014E7 1.3343757694E8 2.0630567E7 3641531.916
1.28551430945E8 7.587408369E7 1.1362936E7 1.06310683043E8
8.639644177E7 1.008971618E8 1.5622345E7 1991565.246
8.31901437E7 1.02016579139E8 1.6240734E7 1016048.564
1.2291067662E8 7.601013891E7 1.1354766E7 1.82678264005E8
1.0697386258E8 8.301215603999999E7 1.2616262E7 1.8829994363E8
8.329381353E7 1.156188615E8 1.503231E7 1.0806022063E7
1.2063745569E8 7.78742924E7 1.1618437E7 1.376666207E8
5.541283124E7 1.459567816E8 1.9793621E7 1.191363813E7
5.7713936264E7 1.377314629E8 1.9594428E7 8292438.037
5.8503849422000006E7 1.513677928E8 1.8560184E7 1.7951484580000002E7
9.53653488E7 9.074328176E7 1.4574916E7 2.6955976228E7
6.412097406E7 1.92329982E8 1.6050928E7 5.44463608E7
7.851902703999999E7 1.52221286E8 1.4255364E7 3.90576884E7
6.4275290650000006E7 1.1790103514811E8 1.920994E7 3.438477523027E7
1.1551857541E8 1.19479046E8 1.1308207E7 2.65588644E7
5.342279220999999E7 1.45997719E8 2.0979919E7 8651693.51
5.635395866E7 1.88554954E8 1.793605E7 4.0612377400000006E7
1.0483659358E8 1.48498149E8 1.1453726E7 4.52410736E7
1.000622795E8 8.6145081465E7 1.3932053E7 6.9947868408E7
1.1265084433E8 7.749518055E7 1.2437464E7 1.46162430656E8
8.939687856199999E7 1.0127680213E8 1.4998323E7 4062030.2899
7.058107150999999E7 1.1409527935E8 1.8031771E7 1568294.6360000002
8.217619386E7 1.0096247137E8 1.6398788E7 8628870.93
1.1432560729E8 8.036814606E7 1.2806515E7 4.9792771773E7
7.8635021845E7 1.475182111E8 1.430649E7 7.91998711E7
5.79346092792E7 1.456811001E8 1.900615E7 1.389386453E7
9.7499478609E7 8.7133880459E7 1.3784343E7 1.620159530685E8
7.378545258999999E7 1.0821829132E8 1.7630501E7 1.1358997482E7
8.7466539394E7 9.5407154563E7 1.5005597E7 1.218404631904E8
5.82634138486E7 1.2953411613E8 2.0467517E7 1943810.24406
1.0294085465E8 1.135459964E8 1.2642052E7 1.6894809262000002E7
5.51220637E7 1.591693959E8 1.9200538E7 2.073391865E7
6.0247081906E7 1.2753369073E8 1.9786304E7 2819589.728
5.8503703120000005E7 1.29085347083E8 2.0697768E7 1234152.562
1.0439894119E8 9.026917977E7 1.3854044E7 2160161.5190000003
