7.384386242000000179e+07 1.162239968799999952e+08 1.682011500000000000e+07 5.891687428999999538e+06
1.168769931200000048e+08 9.267957929999999702e+07 1.244798100000000000e+07 7.153580400000000373e+06
1.053306232199999988e+08 9.816475500000000000e+07 1.316831700000000000e+07 7.780875848000000231e+06
1.187046278900000006e+08 8.815394040000000596e+07 1.261930700000000000e+07 4.481466280000000261e+06
1.233334782549999952e+08 7.672588059199999273e+07 1.222888600000000000e+07 5.518750217629999667e+07
8.807844269999998808e+07 1.164312372999999970e+08 1.425640100000000000e+07 1.347628115699999966e+07
1.190870444660000056e+08 1.125866709000000060e+08 1.134089400000000000e+07 2.072246392999999970e+07
1.231721373860000074e+08 7.641789042800000310e+07 1.216503100000000000e+07 6.150367908299999684e+07
1.182443505699999928e+08 9.998961920000000298e+07 1.195651800000000000e+07 1.218520419999999925e+07
1.169386073900000006e+08 8.285079215299999714e+07 1.323477900000000000e+07 5.698362500000000000e+05
1.311046883889999986e+08 6.978581445600000024e+07 1.124522800000000000e+07 1.447840746599999964e+08
5.847937382999999076e+07 1.290825366599999964e+08 2.058894700000000000e+07 1.461328564999999944e+06
8.113990736000001431e+07 1.037369509669999927e+08 1.675355700000000000e+07 4.372888649999999907e+05
1.282289538599999994e+08 7.888501900000000000e+07 1.083082500000000000e+07 1.901817075900000036e+08
1.064273956420000046e+08 8.081227669300000370e+07 1.286716700000000000e+07 1.833548361189000010e+08
7.355611973999999464e+07 1.364014871999999881e+08 1.575105600000000000e+07 1.890205420000000298e+07
6.247092610000000149e+07 1.240230617979999930e+08 2.006108000000000000e+07 6.014606450000000186e+05
9.398166159999999404e+07 9.425773869499999285e+07 1.506816500000000000e+07 5.491624819999999600e+05
9.995680156999999285e+07 9.048010516699999571e+07 1.455461300000000000e+07 4.103226969999999856e+05
7.728091878999999166e+07 1.070327747939999998e+08 1.724569300000000000e+07 6.247326350000000093e+05
1.008777563299999982e+08 9.606353829999999702e+07 1.379899700000000000e+07 4.863703700000000186e+06
9.222567907999999821e+07 1.319964037999999970e+08 1.306437600000000000e+07 2.513404860000000149e+07
8.552658500000000000e+07 1.332667790300000012e+08 1.366743300000000000e+07 7.831458453000000119e+07
1.255296046529999971e+08 7.150118103779999912e+07 1.144976400000000000e+07 1.727628968010999858e+08
1.312873600849999934e+08 7.341966970000000298e+07 1.085044100000000000e+07 1.695518947500000000e+08
1.205219814300000072e+08 1.256330840000000000e+08 1.072756700000000000e+07 4.037759660000000149e+07
7.212911260999998450e+07 1.141096456200000048e+08 1.744701600000000000e+07 3.283311733000000007e+06
1.068021868270000219e+08 8.034626541300000250e+07 1.285823300000000000e+07 1.835721979214999974e+08
1.019751976200000048e+08 8.941175788300000131e+07 1.438664100000000000e+07 3.822863690000000061e+05
6.794105745000000298e+07 1.167531895540000051e+08 1.866303900000000000e+07 1.149642200999999885e+06
9.249085676999999583e+07 1.475348460000000000e+08 1.259832700000000000e+07 3.481203314999999851e+07
4.965294900999999791e+07 2.385160392299999893e+08 3.674321000000000000e+07 6.313099192000000738e+06
1.323296846700000018e+08 7.458294313000001013e+07 1.080203000000000000e+07 1.577642189900000095e+08
5.575508134000000358e+07 1.363459124699999988e+08 2.044688600000000000e+07 7.465216872999999672e+06
1.296503039549999982e+08 7.154949442499999702e+07 1.144258200000000000e+07 1.196522434150000066e+08
1.160716421200000048e+08 7.997170351999999583e+07 1.273737400000000000e+07 4.403763277399999648e+07
8.788504104000000656e+07 1.509736600000000000e+08 1.305458600000000000e+07 3.512610686999999732e+07
8.441005695999997854e+07 1.556317850000000000e+08 1.338447200000000000e+07 3.667265821000000089e+07
1.203826823400000036e+08 8.699365150000000000e+07 1.242495300000000000e+07 1.416528619999999925e+07
1.199889568400000036e+08 8.033179033799999952e+07 1.293090700000000000e+07 1.165518774220000021e+07
5.581870560000000149e+07 1.589615865999999940e+08 1.897581600000000000e+07 2.088610316000000015e+07
1.180537555039999932e+08 7.471104306020000577e+07 1.192825600000000000e+07 1.788712566874000132e+08
5.121811074000000209e+07 1.576884606999999881e+08 2.162439500000000000e+07 1.270513307000000030e+07
5.006473076000001281e+07 2.364486949399999976e+08 3.677971600000000000e+07 5.143150944000000134e+06
9.442456302099999785e+07 8.868922265160000324e+07 1.425550000000000000e+07 1.523670790347999930e+08
7.046999860999999940e+07 1.139219557989999950e+08 1.827024100000000000e+07 9.184100470000000205e+05
8.545075677000001073e+07 1.004187476669999957e+08 1.601870000000000000e+07 6.916395000000000000e+05
1.099642012950000167e+08 9.988107970000000298e+07 1.262024000000000000e+07 1.064388410999999940e+07
5.821948342999999970e+07 1.852306900000000000e+08 1.746814500000000000e+07 3.932588670000000298e+07
1.204119746599999964e+08 7.344592587000000477e+07 1.184144800000000000e+07 1.609208694650000036e+08
1.110469117060000151e+08 8.173546816200000048e+07 1.305795700000000000e+07 4.850238403400000185e+07
8.969558589000001550e+07 9.706529335799999535e+07 1.550754000000000000e+07 7.071668009999999776e+05
1.199168612399999946e+08 1.275937340000000000e+08 1.084987700000000000e+07 2.999527577199999988e+07
1.181975924699999988e+08 1.327801470000000000e+08 1.082837700000000000e+07 3.387487629999999702e+07
6.987093011300000548e+07 1.115445589977999926e+08 1.796019900000000000e+07 5.721317910366000235e+07
1.136221665400000215e+08 1.135741576299999952e+08 1.128135000000000000e+07 7.659335821000000834e+07
1.113829737530000061e+08 7.766736465360000730e+07 1.246720700000000000e+07 1.839958263729000092e+08
7.283822787999999523e+07 1.118305873879999965e+08 1.790411500000000000e+07 6.861931770000000251e+05
9.957737159999999404e+07 1.000882939000000060e+08 1.367730600000000000e+07 7.134023736800000072e+06
5.425754466300000250e+07 1.396948226699999869e+08 2.160304700000000000e+07 4.193890413000000175e+06
1.094764905999999940e+08 8.600193281699998677e+07 1.372137400000000000e+07 6.366602849999999162e+05
1.071542964399999976e+08 9.466671140000000596e+07 1.319941800000000000e+07 6.183793369999999180e+06
1.096965464720000029e+08 8.373969644300000370e+07 1.349998000000000000e+07 1.896572338599999994e+07
9.328569488799999654e+07 1.010909295999999940e+08 1.440943200000000000e+07 5.564953624299999326e+06
1.269442036739999950e+08 7.314469164599999785e+07 1.167830300000000000e+07 1.013420607360000014e+08
8.193289419800001383e+07 1.102219017199999988e+08 1.560806000000000000e+07 6.553504484000000171e+06
1.158899804800000042e+08 8.235648350000000000e+07 1.253172200000000000e+07 4.951260910000000149e+07
5.096638990999999642e+07 1.756574074000000060e+08 2.087159500000000000e+07 2.480115400000000000e+07
5.818111093299999833e+07 1.297094036299999952e+08 2.043998400000000000e+07 2.111000657699999865e+06
1.145369912699999958e+08 8.345966204999999702e+07 1.176710900000000000e+07 1.966333223799999952e+08
1.230446470199999958e+08 9.934738981000000238e+07 1.127002900000000000e+07 4.955840788000000268e+07
1.112597472699999958e+08 9.102801920000000298e+07 1.304904500000000000e+07 4.702544490000000224e+06
8.875230021000000834e+07 1.653341070000000000e+08 1.261715300000000000e+07 6.077838100000000000e+07
7.239212312999999523e+07 1.476458586999999881e+08 1.552168500000000000e+07 2.545220419000000134e+07
1.056827710300000012e+08 8.955892012000000477e+07 1.377591100000000000e+07 1.958113139999999898e+06
9.925645257999998331e+07 1.232763117000000030e+08 1.261125000000000000e+07 2.205004566099999845e+07
1.222693705600000024e+08 9.535480137000000477e+07 1.154297300000000000e+07 4.208503435999999940e+07
9.898501735999999940e+07 1.495749950000000000e+08 1.194053400000000000e+07 3.947947000000000000e+07
9.761542875000000000e+07 9.550282673000000417e+07 1.425426100000000000e+07 3.364595689999999944e+06
5.184373198399999738e+07 2.310560043300000131e+08 3.686087500000000000e+07 2.142224804900000338e+06
1.249622835310000181e+08 7.539913511800000072e+07 1.202160900000000000e+07 7.055850542190000415e+07
1.275142684399999976e+08 7.770315467999999225e+07 1.143350300000000000e+07 9.604218395000000298e+07
1.139153232999999970e+08 8.357606679999999702e+07 1.277089900000000000e+07 3.846139920000000298e+07
1.172175667800000012e+08 7.722177248999999464e+07 1.229396400000000000e+07 9.485656544200000167e+07
1.135641437179999948e+08 7.633694082969999313e+07 1.233028600000000000e+07 1.799915976329999864e+08
1.248623306800000072e+08 7.801814620000000298e+07 1.191980300000000000e+07 6.519709700000000000e+07
1.017654757559999973e+08 1.031367884000000060e+08 1.324833900000000000e+07 1.025470540000000037e+07
6.413137339299999923e+07 1.219105581400000006e+08 1.911020300000000000e+07 2.169698937800000422e+06
5.983918902660000324e+07 1.238184872062299997e+08 2.016779800000000000e+07 3.356140447236400098e+07
8.315944052999998629e+07 1.022176246400000006e+08 1.617424700000000000e+07 1.341747101000000024e+06
6.658427103899999708e+07 1.152538445019000024e+08 1.861979500000000000e+07 4.804129147106999904e+07
8.176437781000000238e+07 1.392567805000000000e+08 1.423309500000000000e+07 2.513292719000000134e+07
5.150858460000000149e+07 1.811821645000000000e+08 2.036448800000000000e+07 2.891640089999999851e+07
1.295863104560000002e+08 6.971347052891999483e+07 1.125737500000000000e+07 1.654745638935700059e+08
1.024901773900000006e+08 8.746143515000000596e+07 1.297301700000000000e+07 1.798106861699999869e+08
8.570228256999999285e+07 1.473746050000000000e+08 1.342058000000000000e+07 3.201524994000000134e+07
9.795493487999999523e+07 1.106451552999999970e+08 1.328620900000000000e+07 1.349365966799999960e+07
7.274012493999999762e+07 1.083436651299999952e+08 1.760075200000000000e+07 3.039997942799999937e+07
1.065747605499999970e+08 1.408151830000000000e+08 1.149021900000000000e+07 3.522859307999999821e+07
1.050122971299999952e+08 8.558698767000000179e+07 1.350755200000000000e+07 4.166288667000000179e+07
1.097451207999999970e+08 1.229358470000000000e+08 1.167265400000000000e+07 2.508217908999999985e+07
7.625278465000000596e+07 1.445454725000000000e+08 1.492990300000000000e+07 2.583017578999999911e+07
7.896047490999999642e+07 1.056982636500000060e+08 1.681408300000000000e+07 1.022559550999999978e+06
5.213517899000000209e+07 1.488351346999999881e+08 2.183674400000000000e+07 7.409921519999999553e+06
8.136230407199998200e+07 1.729532680000000000e+08 1.341861100000000000e+07 6.146156000000000000e+07
1.227600405600000024e+08 1.081154897999999970e+08 1.082628000000000000e+07 6.882189168000000715e+07
9.699882945399999619e+07 9.039727899699999392e+07 1.466488100000000000e+07 1.143772410999999940e+07
7.606429061999998987e+07 1.763163010000000000e+08 1.410305700000000000e+07 5.852350500000000000e+07
6.022681062799999118e+07 1.269958645600000024e+08 1.989738400000000000e+07 2.411549311100000050e+06
8.860053532300001383e+07 9.327454745010000467e+07 1.507461300000000000e+07 1.272702238555999994e+08
7.734076065400001407e+07 1.657162090000000000e+08 1.416763100000000000e+07 3.946317404999999702e+07
6.842456862000000477e+07 1.748692320000000000e+08 1.548240600000000000e+07 4.021991500000000000e+07
1.071480640960000008e+08 1.087927779000000060e+08 1.245531800000000000e+07 1.507660720600000024e+07
5.534964992999999970e+07 1.550015839000000060e+08 1.930931400000000000e+07 1.843483021000000089e+07
1.044536533100000173e+08 9.423218609999999404e+07 1.351939800000000000e+07 4.864626660000000149e+06
1.064646680150000006e+08 8.720988989699999988e+07 1.405095100000000000e+07 2.969684859000000288e+05
5.670850325999999791e+07 1.483199549000000060e+08 1.923756500000000000e+07 1.431364456000000052e+07
1.140738023900000155e+08 8.383997100800000131e+07 1.348326900000000000e+07 3.417003769999999786e+05
1.024334658369999975e+08 8.283527137870000303e+07 1.339194700000000000e+07 1.873371074972999990e+08
6.113133306000000238e+07 1.870172740000000000e+08 1.672187200000000000e+07 4.823365450000000000e+07
8.214687513499999046e+07 9.902100076999999583e+07 1.596942700000000000e+07 1.030324022072899938e+08
9.605034531000000238e+07 1.582165280000000000e+08 1.198377800000000000e+07 5.931936200000000000e+07
6.995600197999998927e+07 1.851687070000000000e+08 1.501205800000000000e+07 5.636297700000000000e+07
1.093472673199999928e+08 1.387198910000000000e+08 1.132261000000000000e+07 3.470713735000000149e+07
1.212105879099999964e+08 7.908360523600000143e+07 1.262420200000000000e+07 2.754266779800000042e+07
5.240125313000000268e+07 1.888983030000000000e+08 1.976481600000000000e+07 3.464638170000000298e+07
7.480795679999999702e+07 1.094133770820000023e+08 1.742705300000000000e+07 1.234152560999999987e+06
9.912843348299999535e+07 8.955990034430000186e+07 1.444133300000000000e+07 9.678085339959999546e+06
1.186332044050000012e+08 8.010837471199999750e+07 1.290359100000000000e+07 1.952607752499999851e+07
4.805716009000000358e+07 2.571672420999999940e+08 3.615180200000000000e+07 1.815989732000000030e+07
