9.634177079700000584e+07 9.873959607999999821e+07 1.416167000000000000e+07 5.218823995000000112e+06
8.915465021000000834e+07 9.747552473600000143e+07 1.556999000000000000e+07 7.011255920000000624e+05
9.278564507999999821e+07 9.563068176000000536e+07 1.500058000000000000e+07 1.432191689000000013e+06
1.226390751800000072e+08 1.097795490000000000e+08 1.081342800000000000e+07 6.546216510000000149e+07
9.404460104999999702e+07 9.396728129700000584e+07 1.509083100000000000e+07 5.441044160000000848e+05
1.281106571099999994e+08 7.332353498600000143e+07 1.167144300000000000e+07 9.651497191200000048e+07
9.326340118199999630e+07 9.203226119099999964e+07 1.414965000000000000e+07 1.485416041459999979e+08
1.292191695250000209e+08 7.142074020999999344e+07 1.143421200000000000e+07 1.231124668780000061e+08
1.201566392399999946e+08 7.958459542000000179e+07 1.263304200000000000e+07 2.840809094999999925e+07
1.168600433100000024e+08 8.300070363199999928e+07 1.323593100000000000e+07 5.284182789999999804e+05
1.207365050100000054e+08 1.245677230000000000e+08 1.080867200000000000e+07 3.305546050000000000e+07
9.989319051999999583e+07 9.074970273700000346e+07 1.448487800000000000e+07 5.824472900000000373e+05
8.803582061800000072e+07 9.374544677949999273e+07 1.515560800000000000e+07 1.260174784519000053e+08
1.065652352489999980e+08 9.564715879999999702e+07 1.319670500000000000e+07 6.584210918999999762e+06
1.061106241930000037e+08 8.737022976199999452e+07 1.407110700000000000e+07 3.162178198000000557e+05
6.030852917230000347e+07 1.233469731877100021e+08 2.007663300000000000e+07 2.366984448834000155e+07
1.215404215900000036e+08 8.008555570999999344e+07 1.261468300000000000e+07 2.354153571999999881e+07
6.476108410999999940e+07 1.263935876299999952e+08 1.836590800000000000e+07 6.194409446999999695e+06
1.162352374000000060e+08 9.486764800000000000e+07 1.236541200000000000e+07 8.509432500000000000e+06
1.156577566099999994e+08 1.116476998400000036e+08 1.124714600000000000e+07 6.291016114000000060e+07
7.958190448800000548e+07 1.025906304957000017e+08 1.614735900000000000e+07 9.365119094519999623e+07
7.930001597399997711e+07 1.112692181800000072e+08 1.603522500000000000e+07 5.838875899000000209e+06
1.079134109399999976e+08 8.690393943000000715e+07 1.383961200000000000e+07 5.592975810000000056e+05
1.002649702199999988e+08 1.472134070000000000e+08 1.187752400000000000e+07 3.773132229999999702e+07
1.181552622800000012e+08 9.861383179999999702e+07 1.202882900000000000e+07 1.132046869999999925e+07
9.702326615000000596e+07 8.961906498700000346e+07 1.441220400000000000e+07 2.829107447700000182e+07
6.474916136400000006e+07 1.210644999449999928e+08 1.959122800000000000e+07 5.656916870000000345e+05
6.778765360800001025e+07 1.472243695000000000e+08 1.647912900000000000e+07 2.220352567999999970e+07
1.199165052500000000e+08 8.583715159999999404e+07 1.262177000000000000e+07 8.199941500000000000e+06
9.971457884999999404e+07 1.122934935000000000e+08 1.301920800000000000e+07 1.513830439900000021e+07
1.233815435000000000e+08 1.027755341899999976e+08 1.103494700000000000e+07 5.941237085999999940e+07
5.982659465600000322e+07 1.343151920399999917e+08 1.914952800000000000e+07 1.062747988000000082e+07
6.039985219530999660e+07 1.971887260000000000e+08 1.678869400000000000e+07 5.299926929999999702e+07
1.043956029599999934e+08 9.179823937000000477e+07 1.372674600000000000e+07 3.074518529999999795e+06
1.058770536700000167e+08 8.889348740999999642e+07 1.382123500000000000e+07 1.551054126000000164e+06
5.393362966300000250e+07 1.411449001800000072e+08 2.197573900000000000e+07 3.034741876000000164e+06
1.186124318980000019e+08 7.892631386300000548e+07 1.260809800000000000e+07 4.224712667999999970e+07
1.197060089126999974e+08 1.110453962000000030e+08 1.137281100000000000e+07 1.973871982099999860e+07
6.799529532819999754e+07 1.669800590000000000e+08 1.575866500000000000e+07 3.494760321000000089e+07
1.076052764399999976e+08 1.221911947999999970e+08 1.185843200000000000e+07 2.491757600000000000e+07
6.082843675400000066e+07 1.880322270000000000e+08 1.680063300000000000e+07 4.322536770000000298e+07
1.074543744909999967e+08 7.961800153519999981e+07 1.284961300000000000e+07 1.863243774638999999e+08
1.256141417300000042e+08 7.339686002599999309e+07 1.173231600000000000e+07 1.040165782090000063e+08
6.371727681000000238e+07 1.422262702299999893e+08 1.757565700000000000e+07 3.327902278999999911e+07
7.776880656000000238e+07 1.049196121200000048e+08 1.706728200000000000e+07 7.479726074000000022e+06
9.879456329999999702e+07 9.182398196799999475e+07 1.445935300000000000e+07 1.262582429000000004e+06
1.229547023400000036e+08 7.682334328000000119e+07 1.216219500000000000e+07 6.013935075000000000e+07
6.254099807000000030e+07 1.235294011210000068e+08 1.987487600000000000e+07 9.449626859999999870e+05
5.084922816730000824e+07 1.740131390000000000e+08 2.105813300000000000e+07 2.357173989999999851e+07
5.215596056000000238e+07 2.304774413899999857e+08 3.686716800000000000e+07 1.832033307000000030e+06
1.132252391299999952e+08 1.041481920999999940e+08 1.212358400000000000e+07 1.442732673000000045e+07
7.482082742499999702e+07 1.750256850000000000e+08 1.438708200000000000e+07 4.403281839999999851e+07
5.850706264000000060e+07 1.895774840000000000e+08 1.730818900000000000e+07 4.235166820000000298e+07
9.905872831999999285e+07 8.681000432999999821e+07 1.384390200000000000e+07 7.801805537800000608e+07
1.120420481899999976e+08 1.062831827999999970e+08 1.212501200000000000e+07 1.540035172000000067e+07
7.024174865999999642e+07 1.144117366480000019e+08 1.845889000000000000e+07 5.849996290000000736e+05
5.632250257000000030e+07 1.338668112500000000e+08 2.055041400000000000e+07 4.026973867999999784e+06
1.006757457929999977e+08 9.843587079999999702e+07 1.365169000000000000e+07 6.499590947399999946e+06
1.311716501829999834e+08 6.994752093099999428e+07 1.126797500000000000e+07 1.408666731150000095e+08
8.709188284000000358e+07 9.665199268999999762e+07 1.569860600000000000e+07 1.412237801700000092e+07
1.206019992080000043e+08 8.036862715700000525e+07 1.291492000000000000e+07 1.079830825000000000e+07
1.017240861500000060e+08 8.958942662999999523e+07 1.438531400000000000e+07 4.185545370000000112e+05
1.159985282000000030e+08 7.835336929000000656e+07 1.251471600000000000e+07 7.590782266899999976e+07
6.523595363000000268e+07 1.206953159849999994e+08 1.926354300000000000e+07 8.649825629999999655e+05
7.209196252000001073e+07 1.121390184379999936e+08 1.802500500000000000e+07 8.501045359999999637e+05
7.513201950700001419e+07 1.145860912000000030e+08 1.666851100000000000e+07 5.464036061999999918e+06
7.632798605999998748e+07 1.079872271379999965e+08 1.719331600000000000e+07 1.155186104000000050e+06
7.042148459999999404e+07 1.213833002099999934e+08 1.723065400000000000e+07 7.282286425999999978e+06
8.371263837999998033e+07 1.693755140000000000e+08 1.321070100000000000e+07 4.863205789999999851e+07
9.622457698000000417e+07 1.579157390000000000e+08 1.197065900000000000e+07 5.922607300000000000e+07
1.190024797900000066e+08 1.295605130000000000e+08 1.083520000000000000e+07 3.199491319999999925e+07
1.241769093449999988e+08 7.654758798999999464e+07 1.215028200000000000e+07 5.833657938400000334e+07
7.550939219000001252e+07 1.337002810000000000e+08 1.548206400000000000e+07 1.915747453999999911e+07
7.742178810000000894e+07 1.343149687700000107e+08 1.496942400000000000e+07 5.983991328000000119e+07
1.124284239039999992e+08 7.691933206069999933e+07 1.241723700000000000e+07 1.782845701207999885e+08
8.524170006999999285e+07 1.124764857999999970e+08 1.489342500000000000e+07 9.708554721000000834e+06
9.944535190000000596e+07 8.878460268999999762e+07 1.433381100000000000e+07 1.698063201700000092e+07
1.233339508199999928e+08 7.908699729999999702e+07 1.193784800000000000e+07 6.487783050000000000e+07
1.300427312280000001e+08 7.156529717000000179e+07 1.142902400000000000e+07 1.193197167169999927e+08
6.031236420200000703e+07 1.288423735699999928e+08 1.953566800000000000e+07 4.249015942999999970e+06
5.572293053000014275e+07 1.391986736999999881e+08 2.018082000000000000e+07 7.577120870000000112e+06
1.326179348299999833e+08 7.599002464999999106e+07 1.074859300000000000e+07 1.560302580800000131e+08
1.086034000300000012e+08 1.436947390000000000e+08 1.126651700000000000e+07 4.078568879999999702e+07
9.875735434999999404e+07 8.695713640000000596e+07 1.391790300000000000e+07 7.388568691200000048e+07
8.177733648000000417e+07 1.314643287999999970e+08 1.452137800000000000e+07 2.029330775000000000e+07
1.008585464000000060e+08 8.718844101399999857e+07 1.394900700000000000e+07 3.799640260400000215e+07
9.178623006000000238e+07 9.164953160999999940e+07 1.464660800000000000e+07 7.445692810400000215e+07
7.713277013000001013e+07 1.145051438199999928e+08 1.623198000000000000e+07 6.794796189000000246e+06
9.792320860300000012e+07 8.644960670900000632e+07 1.377700800000000000e+07 1.631285326498000026e+08
1.189135965010000169e+08 7.965485978800000250e+07 1.279182600000000000e+07 2.567475146299999952e+07
1.141310243869999945e+08 8.381754014599999785e+07 1.349039700000000000e+07 3.079323025999999954e+05
5.015475627000001073e+07 2.360484846999999881e+08 3.678601000000000000e+07 4.918725773000000045e+06
8.147483591999998689e+07 1.609944440000000000e+08 1.366845000000000000e+07 3.853089772999999672e+07
8.734256578599999845e+07 1.045788291800000072e+08 1.507921000000000000e+07 5.313508372999999672e+06
9.032289453599999845e+07 1.018808324000000060e+08 1.481444300000000000e+07 4.688378831800000742e+06
9.257487754999999702e+07 1.404077900000000000e+08 1.274784800000000000e+07 3.135845250000000000e+07
8.082327120999999344e+07 1.039061001700000018e+08 1.668168200000000000e+07 6.527609270000000251e+05
5.126346604000000656e+07 1.570386398000000119e+08 2.164147700000000000e+07 1.230455100999999978e+07
1.064787263299999982e+08 1.514891580000000000e+08 1.126155500000000000e+07 5.726164000000000000e+07
6.049849528400000185e+07 1.471884980999999940e+08 1.822561500000000000e+07 1.685108508999999985e+07
7.699240885500000417e+07 1.085991627199999988e+08 1.682076400000000000e+07 2.371251434799999930e+06
8.646785103000000119e+07 1.337625774000000060e+08 1.375115100000000000e+07 2.379686464000000060e+07
5.221152495000000298e+07 1.483436449000000060e+08 2.184673700000000000e+07 7.123406019999999553e+06
9.178134159000000358e+07 1.591839370000000000e+08 1.238443500000000000e+07 5.143848700000000000e+07
6.800179324000000954e+07 1.872304150000000000e+08 1.534381800000000000e+07 5.549203570000000298e+07
1.231072072500000000e+08 1.055280555000000000e+08 1.091773500000000000e+07 6.415407974000000209e+07
8.899215371999998391e+07 1.626584120000000000e+08 1.270216700000000000e+07 4.497416200000000000e+07
5.844976889000000060e+07 1.291504246480000019e+08 2.069731600000000000e+07 1.268264578000000212e+06
1.249397171700000167e+08 7.585114635999999940e+07 1.203615300000000000e+07 6.692461320799999684e+07
5.170877372999999672e+07 1.829811589000000060e+08 2.021480700000000000e+07 3.025463860000000149e+07
7.497818848999999464e+07 1.099099922099999934e+08 1.728925800000000000e+07 1.514426061999999918e+06
1.160749717399999946e+08 8.143590859000000358e+07 1.170240000000000000e+07 1.934533000500000119e+08
1.183697236599999964e+08 8.781639639999999106e+07 1.265584900000000000e+07 4.307062679999999702e+06
7.896762857000000775e+07 1.062741244300000072e+08 1.665848300000000000e+07 1.644919709000000032e+06
9.179738404999999702e+07 9.380385475599999726e+07 1.522536500000000000e+07 8.832322537999998778e+06
8.997447305999998748e+07 1.621953480000000000e+08 1.255375700000000000e+07 4.984244289999999851e+07
4.966949453999999166e+07 2.384251378300000131e+08 3.674503500000000000e+07 6.261080668999999762e+06
1.074620905300000161e+08 8.850715229999999702e+07 1.231070100000000000e+07 1.987212420000000000e+08
5.625398623099999875e+07 1.320957500929999948e+08 2.141223500000000000e+07 2.747575404769999906e+07
6.785422983800001442e+07 1.175915852600000054e+08 1.836735800000000000e+07 2.301732160300000105e+06
1.219503903599999994e+08 7.320777721969999373e+07 1.166006200000000000e+07 1.680020808587999940e+08
1.114676906099999994e+08 8.377916762000000477e+07 1.352600200000000000e+07 7.657590442000000738e+06
8.380889434000000358e+07 1.471081710000000000e+08 1.367838000000000000e+07 3.121017987000000104e+07
8.164184069000001252e+07 1.352080620999999940e+08 1.439458600000000000e+07 2.262768287000000104e+07
6.387250305410000682e+07 1.184354309028100073e+08 1.925195000000000000e+07 3.513035291721700132e+07
9.200704276999999583e+07 1.026262549099999964e+08 1.445901200000000000e+07 7.561148700000000186e+06
6.551492117000000924e+07 1.894343760000000000e+08 1.580669100000000000e+07 4.911669820000000298e+07
1.310297813100000024e+08 7.379333709000000358e+07 1.083632200000000000e+07 1.762639813700000048e+08
8.202010759299999475e+07 9.937791905009999871e+07 1.587001100000000000e+07 1.005443270056000054e+08
5.725496458399999887e+07 1.323169042000000030e+08 2.033489100000000000e+07 3.645681759999999776e+06
4.806661490999999642e+07 2.567555366999999881e+08 3.617061900000000000e+07 1.786894423999999836e+07
7.263648185999998450e+07 1.213709664000000060e+08 1.672637300000000000e+07 8.566093160000000149e+06
1.218423052600000054e+08 7.431840202899999917e+07 1.189773500000000000e+07 1.167177918579999954e+08
1.017666004300000072e+08 1.455364390000000000e+08 1.168049300000000000e+07 4.648632870000000298e+07
5.691150628499999642e+07 1.852009090000000000e+08 1.780396100000000000e+07 4.030816750000000000e+07
1.203736694290000200e+08 7.330315182849998772e+07 1.181578400000000000e+07 1.758881760634000003e+08
9.604942145999999344e+07 9.271839107199999690e+07 1.488683000000000000e+07 5.262339899999999907e+05
1.121685184599999934e+08 8.898763859000000358e+07 1.312462700000000000e+07 3.457926740000000224e+06
7.810886404000000656e+07 1.761548170000000000e+08 1.382079200000000000e+07 6.055582300000000000e+07
7.081384260999999940e+07 1.798536950000000000e+08 1.492398800000000000e+07 4.819396670000000298e+07
9.610355599500000477e+07 1.052196222000000030e+08 1.378241700000000000e+07 9.330273501000000164e+06
1.158908760300000012e+08 1.198169560000000000e+08 1.126034600000000000e+07 2.773106769999999925e+07
7.198725275000000000e+07 1.160175393400000036e+08 1.726189500000000000e+07 5.618679131999999285e+06
9.707074124899999797e+07 1.039506262999999970e+08 1.373602700000000000e+07 8.895825447000000626e+06
8.568115154999999702e+07 1.000802217360000014e+08 1.599462500000000000e+07 7.011255920000000624e+05
1.030851670600000024e+08 8.694664201999999583e+07 1.291660200000000000e+07 1.810066348199999928e+08
8.633682267499999702e+07 9.604315281340000033e+07 1.519176200000000000e+07 1.172163514993000031e+08
5.496647950999999791e+07 1.518085275000000000e+08 1.961289300000000000e+07 1.578321577999999933e+07
5.378490922999998927e+07 1.578556348000000119e+08 1.985106100000000000e+07 1.833557655000000075e+07
8.236622494999998808e+07 1.548600000000000000e+08 1.366639800000000000e+07 3.578465829999999702e+07
