1.167504049599999934e+08 8.291916379699999094e+07 1.324896300000000000e+07 5.453434860000000335e+05
7.600938995000000298e+07 1.112384427399999946e+08 1.675758500000000000e+07 3.742738589999999851e+06
1.181209524099999964e+08 8.827029400000000000e+07 1.264340800000000000e+07 4.495858799999999814e+06
1.078091651299999952e+08 9.398476829999999702e+07 1.318810000000000000e+07 5.635387429999999702e+06
8.086112634999999404e+07 1.039973213900000006e+08 1.669612100000000000e+07 5.714549029999999329e+05
8.961149796999999881e+07 9.717118317700000107e+07 1.550177000000000000e+07 7.521787369999999646e+05
5.886238096500001103e+07 1.288414325699999928e+08 2.026534200000000000e+07 2.102878785900000017e+06
9.110129400399999321e+07 1.612828130000000000e+08 1.240482000000000000e+07 5.944004200000000000e+07
7.187133474099999666e+07 1.155582990600000024e+08 1.736189300000000000e+07 4.112905663000000175e+06
8.273202659299999475e+07 1.713107680000000000e+08 1.326000800000000000e+07 6.160021900000000000e+07
7.467927264999999106e+07 1.097961869829999954e+08 1.777028500000000000e+07 4.450475700000000070e+05
1.015448224099999964e+08 8.972026369499999285e+07 1.436017700000000000e+07 5.491624819999999600e+05
1.062125494699999988e+08 8.731010700200000405e+07 1.402429600000000000e+07 4.309688059999999823e+05
1.190504182600000203e+08 1.301392950000000000e+08 1.080222100000000000e+07 3.368047860000000149e+07
1.144643234099999964e+08 8.370965767800000310e+07 1.345025500000000000e+07 3.428493740000000107e+05
1.224386092370000035e+08 7.239682031490001082e+07 1.168991800000000000e+07 1.724766915975599885e+08
9.693697787000000477e+07 1.340526290000000000e+08 1.221202900000000000e+07 1.021253120199999958e+08
1.155459455990000069e+08 1.044967255199999958e+08 1.159244900000000000e+07 4.737481423799999803e+07
1.135648172900000066e+08 1.477512960000000000e+08 1.084510900000000000e+07 5.603859400000000000e+07
7.463188595000000298e+07 1.798453290000000000e+08 1.429496500000000000e+07 5.707823500000000000e+07
4.801366815000000596e+07 2.614250770999999940e+08 3.596179500000000000e+07 2.124521450000000000e+07
1.212252591200000048e+08 1.217176640000000000e+08 1.083332000000000000e+07 3.406847179999999702e+07
1.270027029619999975e+08 7.063729368366000056e+07 1.140620500000000000e+07 1.680853840918700099e+08
9.981817425000000000e+07 9.062548465199999511e+07 1.449532800000000000e+07 6.444971629999999423e+05
8.429195805000001192e+07 1.010051712650000006e+08 1.621625100000000000e+07 6.444431409999999451e+05
9.935085810999999940e+07 9.229772021999999881e+07 1.433863700000000000e+07 1.620488404000000097e+06
9.946094679799999297e+07 8.494005712929999828e+07 1.370661000000000000e+07 1.848908748648000062e+08
5.577136656000000238e+07 1.414099800999999940e+08 1.997430400000000000e+07 9.143365169999999925e+06
9.507981931999999285e+07 9.332987570200000703e+07 1.501877300000000000e+07 4.372892370000000228e+05
7.444987462199999392e+07 1.066732741946000010e+08 1.711145600000000000e+07 7.093964343510000408e+07
1.105142454089999944e+08 1.051287262000000030e+08 1.231759300000000000e+07 1.379557045099999942e+07
6.692589337000001222e+07 1.183464179800000042e+08 1.865223400000000000e+07 1.760035436999999918e+06
9.163615942000000179e+07 1.383556260000000000e+08 1.292512200000000000e+07 2.918298189999999851e+07
8.933436946000000834e+07 1.646064690000000000e+08 1.255996100000000000e+07 6.064638300000000000e+07
5.151743770000000298e+07 1.812632419000000060e+08 2.035758200000000000e+07 2.897639030000000075e+07
1.043640592400000244e+08 1.303587690000000000e+08 1.190121200000000000e+07 2.800441107999999821e+07
9.878975329000000656e+07 1.359520220000000000e+08 1.223326400000000000e+07 3.054751866000000015e+07
1.165914047399999946e+08 9.104734909999999404e+07 1.256743900000000000e+07 6.070550349999999627e+06
1.260218086700000018e+08 7.345460341400000453e+07 1.171377100000000000e+07 1.014836414259999990e+08
5.641551192000000179e+07 1.889497510000000000e+08 1.791126800000000000e+07 4.089914570000000298e+07
5.152127381000000238e+07 1.543838558000000119e+08 2.166012500000000000e+07 1.074074180000000075e+07
1.208370290799999982e+08 9.209424200000000000e+07 1.184731900000000000e+07 3.395446889999999851e+07
1.209710197283000052e+08 8.034208969529999793e+07 1.291148700000000000e+07 1.041918811270000041e+07
6.150599482299999148e+07 1.956982140000000000e+08 1.656295600000000000e+07 5.334530410000000149e+07
5.431287099199999869e+07 1.402148185400000215e+08 2.199111300000000000e+07 2.511709915099999867e+06
5.206378554340000451e+07 2.306402027800000012e+08 3.686544600000000000e+07 1.918612102399999974e+06
8.184618190000000596e+07 9.937340397869999707e+07 1.593192300000000000e+07 9.792992776070000231e+07
9.695408685999999940e+07 1.575923000000000000e+08 1.191462400000000000e+07 5.914248800000000000e+07
1.282298915800000429e+08 7.689993028000000119e+07 1.124944500000000000e+07 1.136441402199999988e+08
6.020918022999999672e+07 1.969343530000000000e+08 1.682896100000000000e+07 5.170662750000000000e+07
8.878327526000000536e+07 1.476870610000000000e+08 1.302276200000000000e+07 3.347856496000000089e+07
7.065634118999999762e+07 1.825007720000000000e+08 1.494132600000000000e+07 4.760094400000000000e+07
5.464915953000000119e+07 1.541393786999999881e+08 1.961912300000000000e+07 1.674983847000000067e+07
7.018110477699999511e+07 1.110992023991000056e+08 1.792889700000000000e+07 5.199443263903000206e+07
8.417362262999999523e+07 1.129462664000000060e+08 1.503258300000000000e+07 9.902623320000002161e+06
1.166196750900000036e+08 1.387493440000000000e+08 1.080358600000000000e+07 4.081338510000000149e+07
6.846568432999999821e+07 1.759124950000000000e+08 1.545188300000000000e+07 4.095327370000000298e+07
1.130104570400000066e+08 1.237016470000000000e+08 1.140126900000000000e+07 2.615215005299999937e+07
9.308677350000000000e+07 9.621957173999999464e+07 1.486216000000000000e+07 2.140363956999999937e+06
1.066740322160000056e+08 1.107283282999999970e+08 1.240850500000000000e+07 1.624537669800000079e+07
1.303365919469999969e+08 7.147943235799999535e+07 1.141972100000000000e+07 1.198137291060000062e+08
8.228892876999998093e+07 1.548526690000000000e+08 1.368374100000000000e+07 3.540129832999999821e+07
6.460161903000000119e+07 1.210289876560000032e+08 1.934940800000000000e+07 1.000087361999999965e+06
1.068723801800000072e+08 1.273602840000000000e+08 1.177571400000000000e+07 2.685194135000000149e+07
9.459243731999999285e+07 1.375917070000000000e+08 1.262633400000000000e+07 2.939657732000000030e+07
1.149266432389999926e+08 7.749786565399999917e+07 1.204066000000000000e+07 1.843083543470000029e+08
6.432051078999999911e+07 1.247311404099999964e+08 1.862888400000000000e+07 4.811410178000000305e+06
7.873951469499999285e+07 1.744565030000000000e+08 1.380473900000000000e+07 4.779270529999999702e+07
5.906480623809999973e+07 1.249350963985799998e+08 2.033382100000000000e+07 3.387999532137399912e+07
7.670636412000000477e+07 1.458681544000000060e+08 1.479793800000000000e+07 2.735411069999999925e+07
6.664179046999999136e+07 1.183169873100000024e+08 1.885731000000000000e+07 1.295301864000000060e+06
1.317406350699999928e+08 7.658669500000000000e+07 1.075546500000000000e+07 1.571768674699999988e+08
8.689121084299999475e+07 1.075294444000000060e+08 1.495187700000000000e+07 6.972524106000000611e+06
5.016094542499999702e+07 1.832188601999999881e+08 2.463171000000000000e+07 1.677595083000000007e+07
9.711459707999999821e+07 9.094404934000000358e+07 1.474804400000000000e+07 5.150152848000000231e+06
7.791902694999998808e+07 1.183544679000000060e+08 1.583656500000000000e+07 9.626119153000000864e+06
9.389845947599999607e+07 1.071724510999999940e+08 1.395220800000000000e+07 9.715712305999999866e+06
1.282245566030000150e+08 7.317039270200000703e+07 1.165328800000000000e+07 9.835465614699999988e+07
6.207519637200000882e+07 1.242633477399999946e+08 1.977540100000000000e+07 1.296647691000000108e+06
7.994620029399999976e+07 1.110939140999999940e+08 1.594011900000000000e+07 5.823989865000000224e+06
1.245673218299999982e+08 7.699043800000000000e+07 1.188175000000000000e+07 7.310479959999999404e+07
5.083419131300000101e+07 1.732539893000000119e+08 2.109875100000000000e+07 2.303082080000000075e+07
1.109845042000000030e+08 1.305565530000000000e+08 1.136560700000000000e+07 2.990128405999999866e+07
1.241063753069999963e+08 7.676680654199999571e+07 1.222113400000000000e+07 5.340925996019999683e+07
7.598030986199998856e+07 1.050142860973999947e+08 1.687091800000000000e+07 7.073111294959999621e+07
1.218373492900000066e+08 9.961902648000000417e+07 1.134984800000000000e+07 4.577712613000000268e+07
1.258197758840000033e+08 7.512565709299999475e+07 1.195559700000000000e+07 7.372944769040000439e+07
9.981978831999999285e+07 8.784099199199999869e+07 1.412097400000000000e+07 3.249952308999999985e+07
7.657250358999998868e+07 1.300905010000000000e+08 1.546068500000000000e+07 1.674192873999999836e+07
1.227999597199999988e+08 8.156455350000000000e+07 1.114460700000000000e+07 1.951554737899999917e+08
9.337911976999999583e+07 1.458685460000000000e+08 1.254221400000000000e+07 3.407905486999999732e+07
7.926955328000000119e+07 1.057463995499999970e+08 1.664088600000000000e+07 1.565268499000000069e+06
5.522638492999999970e+07 1.896909640000000000e+08 1.841053000000000000e+07 3.961285210000000149e+07
7.511746696100001037e+07 1.492878429000000060e+08 1.485658200000000000e+07 7.067049634999999404e+07
8.746882337000000477e+07 1.154099285000000000e+08 1.439470000000000000e+07 1.259844014599999972e+07
8.632120034999999404e+07 1.589149750000000000e+08 1.308767900000000000e+07 3.937174772999999672e+07
6.856862481000000238e+07 1.204893443900000006e+08 1.780314600000000000e+07 5.038513288999999873e+06
1.017077306439999938e+08 8.520258171999999881e+07 1.336194200000000000e+07 1.152862788225400001e+08
1.048924073400000036e+08 8.990628666000001132e+07 1.382927200000000000e+07 2.059661527000000002e+06
8.744330947199998796e+07 1.025499323199999928e+08 1.523201800000000000e+07 3.894451106300000101e+06
1.239258354300000072e+08 1.108658889000000060e+08 1.063544700000000000e+07 8.253582801000000536e+07
9.964042864000000060e+07 1.310629927000000030e+08 1.200801200000000000e+07 9.970168403000000119e+07
6.119148713189999759e+07 1.219363088181400001e+08 1.986588800000000000e+07 3.376059130646900088e+07
8.699663404999999702e+07 9.668294693600000441e+07 1.569754000000000000e+07 1.477352908100000024e+07
6.971114817999999225e+07 1.211738915600000024e+08 1.738510400000000000e+07 9.841808949999999255e+06
8.500443657999998331e+07 1.387999890000000000e+08 1.377882600000000000e+07 2.631845789999999851e+07
1.198930915199999958e+08 1.176585960000000000e+08 1.072852900000000000e+07 9.009660654999999702e+07
9.120361856000000238e+07 1.033543420900000036e+08 1.452764800000000000e+07 7.690976269999999553e+06
9.979821451000002027e+07 1.507041260000000000e+08 1.183931700000000000e+07 4.220909560000000149e+07
1.126126530760000050e+08 7.744400478345999122e+07 1.239622400000000000e+07 1.557156581159999967e+08
6.674717503200001270e+07 1.403077866999999881e+08 1.701745900000000000e+07 1.701371253999999911e+07
9.998280757320000231e+07 9.715179070000000298e+07 1.383386200000000000e+07 5.227481824090000242e+06
1.023148831599999964e+08 1.444016700000000000e+08 1.175873000000000000e+07 3.628114088000000268e+07
1.078991167029999942e+08 7.933642641180001199e+07 1.281888400000000000e+07 1.841534310841999948e+08
1.086666525999999940e+08 1.383977670000000000e+08 1.138020900000000000e+07 3.410985077000000328e+07
1.170125180770000219e+08 1.124617020999999940e+08 1.148433200000000000e+07 2.012003096900000051e+07
1.189019159200000018e+08 9.749138600000000000e+07 1.204816800000000000e+07 1.069022850000000000e+07
5.845942026000000536e+07 1.291386514469999969e+08 2.069740200000000000e+07 1.262083191000000108e+06
1.046380234440000057e+08 8.195914373860000074e+07 1.311984900000000000e+07 1.418621345394099951e+08
9.308376823999999464e+07 1.240042257000000030e+08 1.325410800000000000e+07 2.051199462999999896e+07
1.175623253649999946e+08 7.447050400130000710e+07 1.202983300000000000e+07 1.754095387430000007e+08
1.316394617029999942e+08 6.989683852899999917e+07 1.124433900000000000e+07 1.410964612540000081e+08
1.202915408429999799e+08 7.950262732999999821e+07 1.265748600000000000e+07 2.683314742999999970e+07
1.096516702699999958e+08 8.460407009999999404e+07 1.260254200000000000e+07 9.279141479999999702e+07
7.197092435999999940e+07 1.127682688149999976e+08 1.788721700000000000e+07 1.148076104999999981e+06
8.987948048000000417e+07 1.221804163599999994e+08 1.348140100000000000e+07 5.970927939999999851e+07
1.315706954399999976e+08 7.445978782000000775e+07 1.078863000000000000e+07 1.693857937299999893e+08
9.431917462999999523e+07 9.102815829999999702e+07 1.427674000000000000e+07 7.124678176000000536e+07
8.850110414399999380e+07 9.335704932860000432e+07 1.508853900000000000e+07 1.272213312152999938e+08
8.362720109999999404e+07 1.314346947999999970e+08 1.423865800000000000e+07 2.118853635000000149e+07
5.704865676799999177e+07 1.633284410999999940e+08 1.843818000000000000e+07 2.470392735000000149e+07
4.994936550999999791e+07 2.369890015099999905e+08 3.677116100000000000e+07 5.446518383999999613e+06
6.864848463999998569e+07 1.129223313199999928e+08 1.839908400000000000e+07 2.262570248200000077e+07
8.423948176399999857e+07 9.777130478069999814e+07 1.549888200000000000e+07 1.093001167988999933e+08
1.114772547999999970e+08 8.816991496999999881e+07 1.325100400000000000e+07 2.866226750000000000e+06
1.079620409300000072e+08 8.675003172300000489e+07 1.381540600000000000e+07 7.209660810000000056e+05
7.080887019999998808e+07 1.136037852970000058e+08 1.815223500000000000e+07 1.038461783999999985e+06
8.277659032000000775e+07 1.354035854000000060e+08 1.422033200000000000e+07 2.317267960999999940e+07
7.620052087000000477e+07 1.774639120000000000e+08 1.408652500000000000e+07 5.387405760000000149e+07
5.776451164999999851e+07 1.935745380000000000e+08 1.745382700000000000e+07 4.547620839999999851e+07
6.997095147300000489e+07 1.154906154200000018e+08 1.793814400000000000e+07 2.579375520700000226e+06
8.271469418400001526e+07 1.095429997000000030e+08 1.552629700000000000e+07 6.299954913999999873e+06
1.188864588980000019e+08 7.978932044900000095e+07 1.283396100000000000e+07 2.329348540900000185e+07
1.191152724539999962e+08 1.137378435000000000e+08 1.129845800000000000e+07 2.134394409699999914e+07
1.113841886990000010e+08 1.009005427000000030e+08 1.244984400000000000e+07 1.125505336930000037e+07
1.038568801400000006e+08 9.316101265000000596e+07 1.366881600000000000e+07 3.944341589999999851e+06
5.390499257999999821e+07 1.883037290000000000e+08 1.901469200000000000e+07 3.684683879999999702e+07
1.289963532469999939e+08 7.161583357999999821e+07 1.144880000000000000e+07 1.213089283799999952e+08
6.371440217999999970e+07 1.186242277399999946e+08 1.929386200000000000e+07 3.630334228662999719e+07
5.608709899999999255e+07 1.341243521700000018e+08 2.061736500000000000e+07 4.928632273000000045e+06
7.754288517000000179e+07 1.396765194000000060e+08 1.489512100000000000e+07 2.326868428000000119e+07
9.360211105799999833e+07 8.955678169370000064e+07 1.433674700000000000e+07 1.221466379351000041e+08
8.567567411999998987e+07 1.257522357999999970e+08 1.404891100000000000e+07 3.411143350000000000e+07
5.778430956899999082e+07 1.304030702600000054e+08 2.045730100000000000e+07 2.462162400299999863e+06
7.706702457999999821e+07 1.075970431130000055e+08 1.727083400000000000e+07 5.389020330000000540e+05
9.641095237399999797e+07 1.040306430000000000e+08 1.380469200000000000e+07 9.002404880000000820e+06
1.062581870830000043e+08 8.033100998149999976e+07 1.297458500000000000e+07 1.859218522759999931e+08
1.321576660810000002e+08 6.995532237000000477e+07 1.123664200000000000e+07 1.395563873560000062e+08
6.779754996000000834e+07 1.303094939000000060e+08 1.728527500000000000e+07 1.133773132000000030e+07
8.668681866000001132e+07 9.667121075000000000e+07 1.564383800000000000e+07 2.050787573299999908e+07
6.648213426400000602e+07 1.194454164699999988e+08 1.856247600000000000e+07 2.638650033800000325e+06
7.978560408999998868e+07 1.441229438000000119e+08 1.436624900000000000e+07 2.736053648000000045e+07
5.453913446999999881e+07 1.699175263000000119e+08 1.902975200000000000e+07 2.709569500000000000e+07
1.137932038770000041e+08 7.687346018610000610e+07 1.227345200000000000e+07 1.624702827335599959e+08
