8.766022227999998629e+07 1.258863380000000000e+08 1.388455300000000000e+07 1.945773039999999851e+07
1.215058467800000161e+08 7.981135873000000417e+07 1.131086400000000000e+07 1.785784856699999869e+08
7.267564148000000417e+07 1.484971075999999940e+08 1.543648800000000000e+07 2.617531826999999955e+07
1.307684240100000203e+08 6.986627214200000465e+07 1.126327400000000000e+07 1.446759140699999928e+08
1.057977546243000031e+08 8.632869288210999966e+07 1.384614900000000000e+07 1.111604795586000010e+07
9.214690429999999702e+07 1.462568720000000000e+08 1.264150400000000000e+07 3.508236489999999851e+07
8.320814283100000024e+07 1.102083560000000000e+08 1.539331300000000000e+07 6.975233470999999903e+06
8.646580852300000191e+07 1.026396417699999958e+08 1.539439400000000000e+07 3.530745652999999933e+06
1.210389457109999955e+08 7.296640363750000298e+07 1.178641800000000000e+07 1.721529021266799867e+08
4.803303182000000030e+07 2.586405468000000119e+08 3.608700300000000000e+07 1.920764839999999851e+07
5.861794328000000119e+07 1.423023035999999940e+08 1.900806900000000000e+07 1.207854822000000067e+07
1.186803556400000006e+08 8.800228890000000596e+07 1.263015800000000000e+07 4.391951609999999404e+06
7.127244854999998212e+07 1.760052050000000000e+08 1.488413900000000000e+07 5.283427050000000000e+07
1.168598688299999982e+08 8.289574959499999881e+07 1.323909300000000000e+07 5.517042219999999506e+05
5.781677168999999762e+07 1.797535730000000000e+08 1.770398900000000000e+07 3.551492825000000000e+07
6.115508867999999970e+07 1.667366560000000000e+08 1.727260000000000000e+07 2.989968821000000089e+07
6.618283410999999195e+07 1.898504320000000000e+08 1.566818700000000000e+07 5.547112589999999851e+07
7.570283903300000727e+07 1.653013050000000000e+08 1.442896200000000000e+07 3.834982342999999970e+07
9.769778596999999881e+07 1.570502530000000000e+08 1.185896000000000000e+07 5.899875800000000000e+07
1.119801721599999964e+08 9.019559510999999940e+07 1.303789000000000000e+07 4.392007959999999963e+06
8.526412720999999344e+07 1.002478615269999951e+08 1.613942800000000000e+07 5.371097550000000047e+05
6.214338145000000298e+07 1.910442840000000000e+08 1.647773400000000000e+07 4.601835460000000149e+07
6.222495552199999988e+07 1.241099805199999958e+08 1.972034400000000000e+07 1.351093956999999937e+06
6.010225345000000298e+07 1.967287360000000000e+08 1.685223100000000000e+07 5.101996429999999702e+07
6.402643172999999672e+07 1.924796500000000000e+08 1.606895300000000000e+07 5.442688510000000149e+07
7.874939948999999464e+07 1.756010740000000000e+08 1.373838600000000000e+07 6.100987800000000000e+07
5.569590630699999630e+07 1.365675015200000107e+08 2.048679000000000000e+07 5.545926464999999851e+06
1.198160514200000018e+08 8.290387020000000298e+07 1.133821200000000000e+07 1.973469032599999905e+08
9.998585737000000477e+07 9.050390073999999464e+07 1.449350100000000000e+07 5.992578469999999506e+05
7.276044051099999249e+07 1.082693159930000007e+08 1.747131600000000000e+07 5.251235626979000121e+07
9.391011906000000238e+07 9.421820627699999511e+07 1.501949000000000000e+07 7.949750829999999842e+05
1.168798234500000030e+08 1.222175570000000000e+08 1.116419900000000000e+07 2.617992481599999964e+07
5.859063293190000206e+07 1.256233862658829987e+08 2.045821100000000000e+07 3.314310193667899817e+07
1.033130404280000031e+08 8.290074281800000370e+07 1.316849600000000000e+07 1.763232777272000015e+08
8.871771386999998987e+07 1.531458000000000000e+08 1.290875700000000000e+07 3.679648252000000328e+07
1.124638848400000036e+08 8.380338712740001082e+07 1.354208600000000000e+07 3.274930969010000117e+06
1.226112143299999833e+08 7.634691579999999702e+07 1.197719900000000000e+07 8.064811043000000715e+07
6.858326038000001013e+07 1.184229423400000036e+08 1.799832800000000000e+07 3.642862100000000093e+06
1.229906689699999988e+08 1.108479862999999970e+08 1.069596500000000000e+07 7.804659426999999583e+07
1.232705412900000066e+08 7.214808417000000179e+07 1.166304300000000000e+07 1.621325756180000007e+08
5.636847053000000119e+07 1.886394180000000000e+08 1.793016000000000000e+07 4.067575560000000149e+07
1.191026380400000066e+08 1.298465740000000000e+08 1.083518200000000000e+07 3.172420060000000149e+07
9.547443985999999940e+07 1.587301540000000000e+08 1.202868600000000000e+07 5.950596600000000000e+07
1.183384773599999994e+08 9.781583579999999702e+07 1.205508800000000000e+07 1.094077080000000075e+07
1.116542595300000012e+08 8.040227250000000000e+07 1.275326100000000000e+07 8.018413093999999762e+07
6.561194617999999225e+07 1.725992830000000000e+08 1.607487800000000000e+07 3.872940120000000298e+07
7.294645513600000739e+07 1.103357462960000038e+08 1.791726500000000000e+07 4.241523976599999703e+06
1.095051410189999938e+08 9.991969150000000000e+07 1.267028100000000000e+07 1.006738356030000001e+07
6.659936808699999750e+07 1.452836515999999940e+08 1.681549600000000000e+07 2.035052833999999985e+07
8.966043111999998987e+07 1.637425940000000000e+08 1.254649600000000000e+07 5.470507800000000000e+07
9.120884985999999940e+07 9.338434968999999762e+07 1.509720700000000000e+07 2.310205501700000092e+07
9.885403250100000203e+07 9.939972800000000000e+07 1.380427400000000000e+07 6.474559353500000201e+06
1.178687194699999988e+08 1.160639680000000000e+08 1.128819500000000000e+07 2.276365360000000149e+07
5.147543324000000954e+07 1.545114358000000119e+08 2.169560400000000000e+07 1.077693850000000000e+07
1.043754169000000060e+08 8.380993908699999750e+07 1.352608000000000000e+07 6.959025462800000608e+07
9.126497465000000596e+07 1.156873892000000030e+08 1.385116700000000000e+07 1.429862317300000042e+07
8.738775915000000596e+07 1.283451615000000000e+08 1.382311800000000000e+07 2.089926623999999836e+07
1.199334634098000228e+08 1.123471650000000000e+08 1.131448700000000000e+07 2.049103730223999918e+07
8.118595214000000060e+07 1.013460713700000048e+08 1.644509300000000000e+07 1.336907423000000045e+07
7.089910603999999166e+07 1.831905190000000000e+08 1.487533600000000000e+07 5.113353670000000298e+07
5.200354263000000268e+07 1.856094173000000119e+08 2.001141800000000000e+07 3.221843339999999851e+07
9.215341521099999547e+07 9.043524567049999535e+07 1.454729200000000000e+07 1.417945606392999887e+08
1.283358974399999976e+08 7.274457029999999702e+07 1.139480300000000000e+07 1.212382952800000012e+08
1.184563253840000033e+08 7.969239464399999380e+07 1.279770600000000000e+07 2.764356278700000048e+07
9.347867503000000119e+07 1.114157310999999940e+08 1.376753600000000000e+07 1.253529026700000092e+07
6.010231215399999171e+07 1.746555170000000000e+08 1.728054700000000000e+07 3.411182106000000238e+07
8.521591080300000310e+07 9.618741026500000060e+07 1.557448800000000000e+07 1.201906759391999990e+08
9.877627659000000358e+07 1.498824200000000000e+08 1.195325700000000000e+07 3.965067529999999702e+07
1.136805134570000023e+08 8.075895205099999905e+07 1.289585400000000000e+07 4.566013858200000226e+07
8.680249846299999952e+07 1.078093510999999940e+08 1.494698200000000000e+07 7.122648933000000194e+06
5.616838282000000030e+07 1.340178741899999976e+08 2.061779600000000000e+07 3.971880018000000156e+06
8.104048916600000858e+07 1.000676239880000055e+08 1.610972600000000000e+07 9.496787884339000285e+07
9.131671946999999881e+07 1.542574240000000000e+08 1.256499500000000000e+07 4.043007279999999702e+07
8.499685315999999642e+07 1.112943015499999970e+08 1.495828200000000000e+07 1.231079226999999955e+07
1.041872731770000160e+08 1.032883247999999970e+08 1.300073400000000000e+07 1.071293566000000015e+07
7.066799084000001848e+07 1.139113269399999976e+08 1.800252000000000000e+07 1.742268553000000073e+06
6.682860067000000179e+07 1.238239226599999964e+08 1.800128100000000000e+07 5.992943798999999650e+06
1.085848561850000024e+08 1.039381485999999940e+08 1.254463800000000000e+07 1.252550433799999952e+07
8.408308044200000167e+07 1.668844040000000000e+08 1.313251700000000000e+07 5.938088700000000000e+07
1.184945310000000000e+08 7.846053029999999702e+07 1.225997200000000000e+07 7.447813635999999940e+07
1.294399837716999948e+08 6.976487036174599826e+07 1.126726500000000000e+07 1.649330958479329944e+08
9.815304256999999285e+07 1.282364830000000000e+08 1.254637000000000000e+07 2.484382312200000137e+07
8.136143470000000298e+07 1.584540630000000000e+08 1.373640000000000000e+07 3.692221364000000060e+07
1.131961086669999957e+08 9.730663759999999404e+07 1.248167500000000000e+07 9.420764994000000879e+06
1.088248223110000044e+08 8.302592165999999642e+07 1.242352100000000000e+07 1.641482084670000076e+08
9.599860709000000358e+07 9.593668035999999940e+07 1.443535300000000000e+07 3.140332620000000112e+06
9.408799585300000012e+07 8.976546486100000143e+07 1.417900300000000000e+07 1.483627802998000085e+08
1.016314984599999934e+08 8.959283904500000179e+07 1.438104900000000000e+07 4.899857119999999995e+05
1.213455033229999989e+08 7.899622444589999318e+07 1.262982900000000000e+07 2.736975694889999926e+07
8.900933688599999249e+07 9.359256675329999626e+07 1.485231400000000000e+07 1.182291809219000041e+08
5.542620239000000060e+07 1.644679341999999881e+08 1.888211100000000000e+07 2.416664694999999925e+07
1.046852653499999940e+08 9.049100965999999642e+07 1.380613500000000000e+07 2.289606250000000000e+06
7.679689661999998987e+07 1.076074623129999936e+08 1.736030600000000000e+07 5.145675879999999888e+05
8.337516170000000298e+07 1.686323300000000000e+08 1.319898100000000000e+07 6.011844100000000000e+07
1.270528145980000049e+08 7.320414742999999225e+07 1.117295400000000000e+07 1.770311203799999952e+08
9.988254439000000060e+07 9.232689634000000358e+07 1.424252400000000000e+07 1.971895391000000061e+06
8.109268339000000060e+07 1.036235247939999998e+08 1.667701800000000000e+07 6.247326350000000093e+05
8.356525173000000417e+07 1.019703448299999982e+08 1.610469600000000000e+07 1.414187786000000080e+06
1.014197868900000155e+08 1.344779990000000000e+08 1.203714200000000000e+07 3.004827117000000179e+07
7.031481498000000417e+07 1.190245040400000066e+08 1.744577800000000000e+07 5.521955423999999650e+06
5.012082197999999672e+07 2.361971935099999905e+08 3.678364700000000000e+07 5.002169662999999709e+06
7.902301288699999452e+07 1.019954560971000046e+08 1.641190000000000000e+07 8.372264125665999949e+07
1.080820099200000018e+08 8.620227705699999630e+07 1.385022400000000000e+07 1.563903478999999817e+06
7.492041240999999642e+07 1.092372002810000032e+08 1.747268700000000000e+07 1.025243479999999981e+06
8.137261795999999344e+07 1.462140110000000000e+08 1.406056600000000000e+07 2.932787182999999821e+07
1.316657848700000048e+08 7.692934379999999702e+07 1.067955400000000000e+07 1.746733434000000060e+08
1.210599705300000459e+08 8.062666809999999404e+07 1.255110600000000000e+07 2.607976896000000089e+07
1.148757498819999993e+08 7.573789593770000339e+07 1.221688300000000000e+07 1.798700848061999977e+08
9.123730198000000417e+07 1.087637870000000000e+08 1.420833300000000000e+07 9.904900328999999911e+06
6.479165211999998987e+07 1.714364520000000000e+08 1.630449800000000000e+07 3.556991619000000507e+07
7.903669806200000644e+07 1.043818035390000045e+08 1.697014700000000000e+07 4.422633634430000558e+06
1.202640597800000161e+08 1.263511930000000000e+08 1.080926800000000000e+07 3.234866410000000149e+07
5.795995502000000328e+07 1.937109410000000000e+08 1.739645000000000000e+07 4.590295579999999702e+07
9.281366986499997973e+07 1.021977072000000030e+08 1.440413300000000000e+07 6.043415725800000131e+06
5.799058241500000656e+07 1.301223824500000030e+08 2.043804000000000000e+07 2.298719302300000098e+06
5.654455952000000328e+07 1.597443965000000000e+08 1.873127700000000000e+07 2.174561023000000045e+07
1.083917352590000033e+08 7.905151961830000579e+07 1.277275100000000000e+07 1.834066749812000096e+08
1.166791528599999994e+08 8.985349288000001013e+07 1.259334600000000000e+07 7.808840169999999925e+06
1.176061903199999928e+08 7.456669262000000477e+07 1.205529700000000000e+07 1.648645240419999957e+08
1.203478873969999999e+08 8.042486084059999883e+07 1.294486300000000000e+07 9.929677327500000596e+06
4.922568977000000328e+07 2.411642765999999940e+08 3.668501300000000000e+07 7.863409570000000298e+06
1.022786111765999943e+08 9.634670720000000298e+07 1.361114800000000000e+07 5.602813346459999681e+06
1.148273683199999928e+08 1.116022480699999928e+08 1.129142400000000000e+07 6.627937604999999702e+07
1.279368598199999928e+08 7.243862235999999940e+07 1.151668600000000000e+07 1.144413664500000030e+08
1.148255279399999976e+08 1.296983240000000000e+08 1.102164700000000000e+07 3.788520289999999851e+07
1.117186835799999982e+08 9.862959400000000000e+07 1.222716500000000000e+07 3.689413700000000000e+07
5.365513411900000274e+07 1.419336112500000000e+08 2.196289000000000000e+07 3.477920481999999844e+06
5.249368183000000566e+07 1.896274510000000000e+08 1.971176100000000000e+07 3.518173220000000298e+07
1.082378064500000030e+08 1.504065600000000000e+08 1.115333500000000000e+07 5.643680200000000000e+07
6.784903165999999642e+07 1.873660050000000000e+08 1.537355900000000000e+07 5.305447179999999702e+07
5.107651584000000358e+07 1.680751961999999881e+08 2.104784100000000000e+07 1.963559832999999821e+07
1.205901599099999964e+08 1.213670020000000000e+08 1.083971300000000000e+07 3.720884150000000000e+07
1.110183382999999970e+08 8.126648960199999809e+07 1.297362700000000000e+07 5.929077558500000089e+07
8.961637926000000536e+07 9.699360943799999356e+07 1.560052200000000000e+07 5.317756729999999516e+05
1.101195115699999928e+08 1.357368520000000000e+08 1.121263900000000000e+07 4.269268420000000298e+07
7.922760813000001013e+07 1.054344556720000058e+08 1.672686200000000000e+07 1.285916326999999816e+06
1.296648167679999769e+08 7.160502098999999464e+07 1.143548100000000000e+07 1.196743382489999980e+08
8.136185643299999833e+07 1.058107362699999958e+08 1.612648500000000000e+07 2.849140444600000046e+06
8.565483181999999285e+07 9.766914614599999785e+07 1.586828000000000000e+07 1.485748901999999955e+07
6.447307669600000232e+07 1.215920780300000012e+08 1.902478500000000000e+07 2.226781442400000058e+06
5.225019910000000149e+07 2.303202921599999964e+08 3.686852200000000000e+07 1.749320468999999808e+06
7.763296346999999881e+07 1.302967069000000060e+08 1.515438900000000000e+07 3.342120433999999985e+07
9.172154979999998212e+07 1.309280257199999988e+08 1.290874700000000000e+07 7.385654106999999285e+07
7.236405816000001132e+07 1.173116291599999964e+08 1.707981200000000000e+07 5.693743361999999732e+06
6.583604468460000306e+07 1.159852001522199959e+08 1.888672400000000000e+07 3.499433901246999949e+07
5.511917175000000000e+07 1.898121010000000000e+08 1.845734600000000000e+07 3.949941440000000596e+07
9.562122912999999523e+07 1.251824003599999994e+08 1.259964100000000000e+07 7.903715689000000060e+07
9.994901801000000536e+07 8.604668767000000179e+07 1.380072100000000000e+07 7.842772399600000679e+07
1.098614948799999952e+08 1.220807240000000000e+08 1.168545700000000000e+07 2.486507528999999911e+07
5.501521310999999940e+07 1.514205391999999881e+08 1.961537000000000000e+07 1.558120589000000060e+07
1.020683107109999955e+08 8.675214374899999797e+07 1.394390400000000000e+07 3.057681903200000152e+07
1.063763358079999983e+08 8.684071797469998896e+07 1.402412100000000000e+07 1.634475877700000070e+06
8.243041815000000596e+07 9.983768075599999726e+07 1.619447700000000000e+07 2.195874583799999952e+07
8.401572844999998808e+07 1.488249710000000000e+08 1.360819100000000000e+07 3.215330737000000104e+07
1.010937031200000048e+08 1.105065447000000030e+08 1.292964200000000000e+07 1.606429400000000000e+07
1.039110571519999951e+08 8.660533816300000250e+07 1.399420000000000000e+07 1.516064112800000049e+07
1.019586992349999994e+08 8.319171524850000441e+07 1.341095900000000000e+07 1.833763988001999855e+08
1.140510518499999940e+08 8.029898774000000954e+07 1.195620500000000000e+07 1.905765110900000036e+08
6.707182060999999940e+07 1.319805927000000030e+08 1.736657600000000000e+07 1.187678018999999948e+07
1.057867699500000030e+08 8.790542768999999762e+07 1.252191800000000000e+07 1.930360312599999905e+08
6.085192060999999940e+07 1.600156799000000060e+08 1.758493500000000000e+07 2.537013076999999955e+07
5.832704319000016153e+07 1.293069606299999952e+08 2.069596800000000000e+07 1.351093956999999937e+06
1.203304890199999958e+08 1.097438617000000030e+08 1.107440600000000000e+07 4.858180270000000298e+07
7.454888698000000417e+07 1.792992620000000000e+08 1.433840700000000000e+07 4.993645020000000298e+07
5.975783280900000036e+07 1.322517499800000042e+08 1.938157800000000000e+07 6.185992424000000581e+06
1.318553965900000036e+08 7.607813395999999344e+07 1.075244900000000000e+07 1.597844185800000131e+08
1.159595925100000054e+08 1.465493590000000000e+08 1.071688800000000000e+07 5.557713700000000000e+07
8.711869605099999905e+07 9.685536370229999721e+07 1.565192500000000000e+07 1.356002973960000090e+07
1.119331155419999957e+08 7.715313200970000029e+07 1.246227500000000000e+07 1.793606759508000016e+08
1.075906380600000024e+08 8.322665131999999285e+07 1.252458500000000000e+07 1.905549572170000076e+08
1.137871704300000072e+08 1.163354212000000030e+08 1.158011000000000000e+07 2.192388396000000089e+07
7.353210673620001972e+07 1.074525491886299998e+08 1.738946000000000000e+07 4.238508517761600018e+07
6.866826541400000453e+07 1.139796913700000048e+08 1.857909600000000000e+07 9.493443730000000447e+06
