1.260064971589999944e+08 7.512866968000000715e+07 1.190396500000000000e+07 7.638242793000000715e+07
1.184861152119999975e+08 1.045167802999999970e+08 1.172125400000000000e+07 1.523363290230000019e+07
5.221676407000000030e+07 1.483108400999999940e+08 2.184739300000000000e+07 7.104321270000000484e+06
1.199208016299999952e+08 1.111715125999999940e+08 1.136278000000000000e+07 1.971642830000000075e+07
9.558376837000000477e+07 9.301671096699999273e+07 1.496615400000000000e+07 4.372888649999999907e+05
1.163445816099999994e+08 9.026970070000000298e+07 1.264342800000000000e+07 5.425991859999999404e+06
8.557574536999998987e+07 1.000370621369999945e+08 1.612117200000000000e+07 4.870410129999999772e+05
1.190154492900000066e+08 8.822220990000000596e+07 1.260343000000000000e+07 4.510115330000000075e+06
9.968482654099999368e+07 1.073000502000000030e+08 1.326469500000000000e+07 1.185565514299999923e+07
6.196279165900000930e+07 1.306571435799999982e+08 1.882048100000000000e+07 7.052977831000000238e+06
1.200562526400000155e+08 8.633434170000000298e+07 1.252842900000000000e+07 1.119043600000000000e+07
1.231643850760000050e+08 7.693220845800000429e+07 1.225453700000000000e+07 5.300691246599999815e+07
1.241226238299999833e+08 7.777222240000000596e+07 1.202929900000000000e+07 6.061119624000000209e+07
1.194195927600000054e+08 1.222757887999999970e+08 1.070657500000000000e+07 9.305359250000000000e+07
1.208876284300000072e+08 1.244221300000000000e+08 1.081396000000000000e+07 3.243277339999999851e+07
1.120913185830000043e+08 9.827119370000000298e+07 1.252527600000000000e+07 9.752250656300000846e+06
1.193562400699999928e+08 1.008771689000000060e+08 1.185833000000000000e+07 1.287944759999999963e+07
8.500156454700000584e+07 1.059860744000000060e+08 1.539009200000000000e+07 4.971205266999999993e+06
1.016137035600000173e+08 8.961089631300000846e+07 1.437329900000000000e+07 5.207872750000000233e+05
6.386725704399999976e+07 1.412082479000000060e+08 1.765221600000000000e+07 1.565783498999999836e+07
1.099025288799999952e+08 1.124894474000000060e+08 1.204607100000000000e+07 1.835768019800000265e+07
9.135900670000001788e+07 9.737628709000000358e+07 1.504577700000000000e+07 2.084656806000000099e+06
6.380275405900000036e+07 1.228310153299999982e+08 1.905076400000000000e+07 2.803509021999999881e+06
1.123695850960000008e+08 7.693771428880000114e+07 1.242070200000000000e+07 1.813595179241000116e+08
1.077465197500000000e+08 8.676213451199999452e+07 1.385886200000000000e+07 5.583831819999999134e+05
6.587119184000000358e+07 1.200288297360000014e+08 1.921036300000000000e+07 7.011255920000000624e+05
1.078998576539999992e+08 7.935629637500000000e+07 1.281057600000000000e+07 1.823534221277999878e+08
1.165487360999999940e+08 1.462951580000000000e+08 1.068645300000000000e+07 5.548299600000000000e+07
1.312410698299999982e+08 7.515737700000000000e+07 1.076075700000000000e+07 1.782866378300000131e+08
1.210721260610000044e+08 7.306451469839999080e+07 1.176090800000000000e+07 1.756188272594000101e+08
7.653509281299999356e+07 1.107579864099999964e+08 1.670750400000000000e+07 3.495918623099999968e+06
1.188259908499999940e+08 1.300778160000000000e+08 1.084939000000000000e+07 3.157945208999999985e+07
7.816728560999999940e+07 1.065522650269999951e+08 1.686152300000000000e+07 1.279562165000000037e+06
1.140528495170000046e+08 8.385346537999999523e+07 1.350169300000000000e+07 2.911408801000000094e+05
9.969132664000000060e+07 9.064537536399999261e+07 1.459892400000000000e+07 3.579293910000000033e+05
8.791577519999998808e+07 1.485726440000000000e+08 1.302093800000000000e+07 4.419646510000000149e+07
1.130990305400000066e+08 8.858718949000000954e+07 1.305358600000000000e+07 3.597074500000000000e+06
1.207831183900000155e+08 7.969599660999999940e+07 1.264172500000000000e+07 2.530812933999999985e+07
1.285326622300000042e+08 7.234966650000000000e+07 1.137498100000000000e+07 1.249770822099999934e+08
1.078987131070999950e+08 9.538628979999999702e+07 1.308440500000000000e+07 6.643360557330000214e+06
7.341152424379999936e+07 1.114112058900000006e+08 1.746735700000000000e+07 1.905520262326000025e+06
7.686098101000000536e+07 1.074651820370000005e+08 1.733092000000000000e+07 5.796686700000000419e+05
9.767085279999998212e+07 1.520992530000000000e+08 1.200722800000000000e+07 4.154056160000000149e+07
4.986382645999999344e+07 2.374057245099999905e+08 3.676425200000000000e+07 5.681059713999999687e+06
5.432884064000021666e+07 1.498778956999999881e+08 1.999396000000000000e+07 1.367088243999999948e+07
9.511069759000000358e+07 1.152318325000000000e+08 1.339679800000000000e+07 1.543217588000000082e+07
1.117813364200000018e+08 1.323090470000000000e+08 1.127003500000000000e+07 3.111473005000000075e+07
1.233108760799999982e+08 7.613244340000000596e+07 1.166342000000000000e+07 1.103978635999999940e+08
7.238607109000000358e+07 1.119008574870000035e+08 1.798626100000000000e+07 7.666380359999999637e+05
5.848433077739900351e+07 1.257831082892828733e+08 2.049235000000000000e+07 3.263141019042035937e+07
1.211116438299999982e+08 9.171196548999999464e+07 1.198599500000000000e+07 2.481319173999999836e+07
1.247808318340000063e+08 7.423941468000000715e+07 1.129856800000000000e+07 1.791793695730000138e+08
5.143679756999999285e+07 1.803766603000000119e+08 2.042320400000000000e+07 2.831493850000000000e+07
7.060877084719999135e+07 1.105409261168799996e+08 1.793922700000000000e+07 3.902129812076999992e+07
1.322081088400000036e+08 7.476142629999999702e+07 1.076905400000000000e+07 1.634653924099999964e+08
1.021017637419999838e+08 8.438630359799998999e+07 1.323382300000000000e+07 1.752712875049999952e+08
5.935847309000000358e+07 1.668293163000000119e+08 1.768736500000000000e+07 3.151602789999999851e+07
6.212325519699999690e+07 1.250925610230000019e+08 2.010103600000000000e+07 5.523989700000000885e+05
5.525504874999999255e+07 1.385564573600000143e+08 2.047357200000000000e+07 6.626329766999999993e+06
6.834976760300000012e+07 1.171672154500000030e+08 1.824147000000000000e+07 2.516996344299999531e+06
5.634145288900014013e+07 1.334375769399999976e+08 2.063056700000000000e+07 3.641531916000000201e+06
7.454332298510000110e+07 1.763093100000000000e+08 1.441052600000000000e+07 4.474789960000000149e+07
1.195062781369999945e+08 8.032272472300000489e+07 1.290175700000000000e+07 1.422205082000000030e+07
1.285514309449999928e+08 7.587408368999999762e+07 1.136293600000000000e+07 1.063106830429999977e+08
1.191350530479999930e+08 7.404397464720000327e+07 1.187301000000000000e+07 1.775240201798999906e+08
5.358836181099999696e+07 1.421360411800000072e+08 2.195966800000000000e+07 3.591701049999999814e+06
8.639644176999999583e+07 1.008971617999999970e+08 1.562234500000000000e+07 1.991565246000000043e+06
9.332989778499999642e+07 1.015460882000000030e+08 1.438136200000000000e+07 5.758040953200000338e+06
8.319014370000000298e+07 1.020165791389999986e+08 1.624073400000000000e+07 1.016048564000000013e+06
1.244290465600000024e+08 7.441594129000000656e+07 1.177217100000000000e+07 1.003085427699999958e+08
4.802810014000000060e+07 2.590243130000000000e+08 3.607055400000000000e+07 1.948267439999999851e+07
1.189818595100000054e+08 7.909136104600000381e+07 1.266308700000000000e+07 3.557722929699999839e+07
1.229106766200000048e+08 7.601013890999999642e+07 1.135476600000000000e+07 1.826782640049999952e+08
8.646287859000000358e+07 1.096496800000000000e+08 1.486445500000000000e+07 8.620977550000000745e+06
1.272852715600000024e+08 7.338405398999999464e+07 1.163186300000000000e+07 1.013196251599999964e+08
1.069738625799999982e+08 8.301215603999999166e+07 1.261626200000000000e+07 1.882999436299999952e+08
7.574279140199999511e+07 1.062943047516999990e+08 1.678584700000000000e+07 7.920518204719999433e+07
8.329381353000000119e+07 1.156188615000000000e+08 1.503231000000000000e+07 1.080602206299999915e+07
9.559295209999999404e+07 1.586224420000000000e+08 1.201938500000000000e+07 5.946165700000000000e+07
1.206374556899999976e+08 7.787429240000000596e+07 1.161843700000000000e+07 1.376666206999999881e+08
5.541283124000000209e+07 1.459567815999999940e+08 1.979362100000000000e+07 1.191363813000000082e+07
5.771393626399999857e+07 1.377314629000000060e+08 1.959442800000000000e+07 8.292438036999999546e+06
8.868606946999999881e+07 1.651437630000000000e+08 1.262405500000000000e+07 6.061960600000000000e+07
9.719057420999999344e+07 1.339261430000000000e+08 1.246326400000000000e+07 2.804435453000000119e+07
5.850384942200000584e+07 1.513677928000000119e+08 1.856018400000000000e+07 1.795148458000000194e+07
9.536534879999999702e+07 9.074328176000000536e+07 1.457491600000000000e+07 2.695597622800000012e+07
8.116103700999999046e+07 1.036027257119999975e+08 1.669119600000000000e+07 5.556687419999999693e+05
8.888617491899999976e+07 9.303832413160000741e+07 1.503084600000000000e+07 1.277753675595999956e+08
5.088684720999999344e+07 1.746409435000000000e+08 2.098346600000000000e+07 2.404218930000000075e+07
6.412097406000000238e+07 1.923299820000000000e+08 1.605092800000000000e+07 5.444636079999999702e+07
7.851902703999999166e+07 1.522212860000000000e+08 1.425536400000000000e+07 3.905768839999999851e+07
6.035099160000000149e+07 1.972039310000000000e+08 1.679883500000000000e+07 5.259808779999999702e+07
8.029052954999999702e+07 1.096739889500000030e+08 1.596495700000000000e+07 5.285010937999999151e+06
1.013803054500000030e+08 1.263269040000000000e+08 1.229771600000000000e+07 2.458933310900000110e+07
1.229069399300000072e+08 1.132576174000000060e+08 1.063227700000000000e+07 8.497734540999999642e+07
6.427529065000000596e+07 1.179010351481100023e+08 1.920994000000000000e+07 3.438477523026999831e+07
1.155185754099999964e+08 1.194790460000000000e+08 1.130820700000000000e+07 2.655886439999999851e+07
1.091337489899999946e+08 9.138579268999999762e+07 1.316463700000000000e+07 8.271800830000001006e+06
5.342279220999999344e+07 1.459977190000000000e+08 2.097991900000000000e+07 8.651693509999999776e+06
1.309531919520000070e+08 6.992816668999999762e+07 1.125373200000000000e+07 1.432903859099999964e+08
1.010429125370000005e+08 8.379959178569999337e+07 1.355048000000000000e+07 1.891597026746999919e+08
5.222965557999999821e+07 2.303539553199999928e+08 3.686825300000000000e+07 1.766987884000000078e+06
5.635395865999999642e+07 1.885549540000000000e+08 1.793605000000000000e+07 4.061237740000000596e+07
9.782467312000000477e+07 9.532916881999999285e+07 1.423608000000000000e+07 3.407669259999999776e+06
8.180999800899998844e+07 9.947587783169999719e+07 1.591734200000000000e+07 9.793070666220000386e+07
5.235085363000000268e+07 1.885151940000000000e+08 1.979434400000000000e+07 3.436897560000000149e+07
1.048365935799999982e+08 1.484981490000000000e+08 1.145372600000000000e+07 4.524107360000000149e+07
1.168366997500000000e+08 8.287964781199999154e+07 1.324349600000000000e+07 5.569009819999999600e+05
7.653929883699999750e+07 1.460981655999999940e+08 1.470153500000000000e+07 7.313163290000000596e+07
1.000622795000000000e+08 8.614508146500000358e+07 1.393205300000000000e+07 6.994786840800000727e+07
1.126508443299999982e+08 7.749518054999999702e+07 1.243746400000000000e+07 1.461624306559999883e+08
1.027712290100000054e+08 1.333319910000000000e+08 1.195763100000000000e+07 2.936334153999999911e+07
8.337473344799999893e+07 1.706969830000000000e+08 1.318752900000000000e+07 6.157786600000000000e+07
5.149820071000003815e+07 1.549778486999999881e+08 2.161556600000000000e+07 1.113509427999999933e+07
1.061933652939999998e+08 8.036857722509999573e+07 1.298619400000000000e+07 1.862729668810999990e+08
8.939687856199999154e+07 1.012768021299999952e+08 1.499832300000000000e+07 4.062030289900000207e+06
1.144340410530000031e+08 7.893981678000000119e+07 1.199561800000000000e+07 1.877477902829999924e+08
6.701806377000000328e+07 1.828019520000000000e+08 1.556420200000000000e+07 5.239139170000000298e+07
9.395916942000000179e+07 1.289231144000000060e+08 1.297452000000000000e+07 2.374359458999999985e+07
7.058107150999999046e+07 1.140952793499999940e+08 1.803177100000000000e+07 1.568294636000000173e+06
8.217619385999999940e+07 1.009624713700000048e+08 1.639878800000000000e+07 8.628870929999999702e+06
1.143256072900000066e+08 8.036814606000000238e+07 1.280651500000000000e+07 4.979277177300000191e+07
7.645532334999999404e+07 1.166606197000000030e+08 1.622197100000000000e+07 7.800392018999999389e+06
6.379969341300000250e+07 1.221605416669999957e+08 1.968377700000000000e+07 6.916395000000000000e+05
9.330712889000000060e+07 9.282448087199999392e+07 1.506559200000000000e+07 8.749961880999999121e+06
7.863502184499999881e+07 1.475182110999999940e+08 1.430649000000000000e+07 7.919987109999999404e+07
5.793460927920000255e+07 1.456811000999999940e+08 1.900615000000000000e+07 1.389386452999999933e+07
9.749947860899999738e+07 8.713388045900000632e+07 1.378434300000000000e+07 1.620159530685000122e+08
7.066897356000000238e+07 1.832666190000000000e+08 1.490945200000000000e+07 5.161730039999999851e+07
7.378545258999998868e+07 1.082182913199999928e+08 1.763050100000000000e+07 1.135899748200000077e+07
8.746653939399999380e+07 9.540715456299999356e+07 1.500559700000000000e+07 1.218404631904000044e+08
1.218203759829999954e+08 7.264783672550000250e+07 1.173252400000000000e+07 1.715874854307900071e+08
9.285505067100000381e+07 9.387305470409999788e+07 1.520632100000000000e+07 3.715471249600000214e+06
6.096393096500000358e+07 1.940314080000000000e+08 1.669268700000000000e+07 4.759919310000000149e+07
5.826341384860000014e+07 1.295341161299999952e+08 2.046751700000000000e+07 1.943810244059999939e+06
5.832030790000000596e+07 1.868054050000000000e+08 1.740837200000000000e+07 4.042944879999999702e+07
1.029408546500000060e+08 1.135459964000000060e+08 1.264205200000000000e+07 1.689480926200000197e+07
7.677490758999998868e+07 1.311155212000000030e+08 1.537660600000000000e+07 1.752523192999999970e+07
5.512206370000000298e+07 1.591693959000000060e+08 1.920053800000000000e+07 2.073391864999999851e+07
6.024708190600000322e+07 1.275336907300000042e+08 1.978630400000000000e+07 2.819589728000000119e+06
5.850370312000000477e+07 1.290853470830000043e+08 2.069776800000000000e+07 1.234152561999999918e+06
1.043989411899999976e+08 9.026917976999999583e+07 1.385404400000000000e+07 2.160161519000000320e+06
