1.033292441638E8 9.19601649E7 1.2631042E7 6505049.196326
8.9597750855E7 8.690169793800001E7 1.3761106E7 1.277808417581E8
5.7546181E7 1.90915331E8 1.6851497E7 4.66770277E7
1.16568376163E8 1.077421239E8 1.0829133E7 1.98997482516E7
7.8480175715E7 9.6083327669E7 1.5529601E7 7.420462171989E7
1.0143261597E8 8.04804895E7 1.2538011E7 9.404803079E7
9.693064769E7 1.1300620272E8 1.1822069E7 6.520443671E7
7.582818664999999E7 1.330713952E8 1.4218704E7 2.248959579E7
6.239977474999999E7 1.2302391084E8 1.8009594E7 6085869.436000001
9.830803845E7 1.237472226E8 1.1347454E7 9.507748794E7
1.14809391908E8 9.63661772E7 1.1436942E7 1.2230674778400002E7
6.639580757999999E7 1.75432396E8 1.4869353E7 4.86409086E7
5.215725317E7 1.5178218706E8 2.3272491E7 4730924.723
8.056481142199999E7 9.42568135945E7 1.5128522E7 8.95982387224E7
1.02011651897E8 7.68671214664E7 1.247091E7 1.798912718995E8
4.844083999E7 2.405389077E8 3.6166657E7 9453611.21
8.9611763097E7 9.85221477E7 1.3748019E7 6531895.177
1.1891484403E8 9.81887032E7 1.0829698E7 3.66815079E7
1.1615392533499998E8 7.4232625056E7 1.1871962E7 5.8515467171E7
1.1800411737E8 7.29501275E7 1.1422603E7 9.333361998E7
7.8678221313E7 1.0101516793E8 1.5543039E7 2791451.4901
1.09290045641E8 7.8589887728E7 1.2655235E7 2.4141093125E7
1.1694879964E8 8.36734553E7 1.2055163E7 4246765.2
1.1824001518999998E8 9.579462948E7 1.0848006E7 4.538712758E7
9.9717673519E7 7.883931122399999E7 1.2618787E7 1.704035435035E8
7.297729592E7 1.0957410241E8 1.6090204E7 5257336.331
9.447317185799998E7 9.73801452E7 1.3217127E7 7378076.5328
6.4783667722E7 1.1530140441E8 1.8069898E7 2484821.6007
8.7447788588E7 1.022221254E8 1.3809427E7 8224839.401
5.838793370999999E7 1.349916776E8 1.843343E7 1.075646518E7
1.2884126857E8 6.6456643663E7 1.0739128E7 1.3538381826E8
7.030406138000001E7 1.453372406E8 1.4839715E7 2.679146412E7
6.27457314E7 1.282940282E8 1.7469161E7 1.0342872249999998E7
8.524529067000002E7 1.24708889E8 1.3028811E7 2.261369754E7
1.0851531796899998E8 1.087172731E8 1.1355472E7 1.8829477416E7
9.1907213645E7 1.0915543254E8 1.262482E7 4.1927788999E7
7.2562442246E7 1.436601017E8 1.4440767E7 2.729460981E7
1.07076319462E8 7.988567623E7 1.2911687E7 1.6495410289E7
1.1397836417E8 7.0966928E7 1.1526999E7 1.61260348262E8
9.566067386E7 1.244759137E8 1.1562555E7 9.344876724E7
1.288436148E8 7.25453642E7 1.0244452E7 1.5834271188E8
7.583058261999999E7 1.69332707E8 1.3243677E7 5.6568598E7
7.9378550338E7 9.77228171329E7 1.5954727E7 4023479.5898
1.2064188420999998E8 7.425582819E7 1.068253E7 1.7965176188E8
8.985831877E7 9.0707794292E7 1.4452061E7 1001354.53
9.647473346E7 1.22017392E8 1.1886873E7 2.3904564282E7
1.2302615382E8 6.9571945925E7 1.1170533E7 1.03893710816E8
7.259791725400001E7 1.040895439157E8 1.7046791E7 5548622.2969
1.05072026891E8 9.93650928E7 1.2052537E7 1.1973348119E7
5.016036838E7 2.3096954644E8 3.6362341E7 3916510.823
1.1172079261E8 9.09288879E7 1.195368E7 8070970.3
1.0859557004E8 8.23316429E7 1.1371186E7 1.9425594084E8
7.696270902600001E7 1.40681879E8 1.3756588E7 2.777345173E7
5.463696595E7 1.444582037E8 1.9203436E7 1.308606145E7
1.1047208909E8 8.342894787E7 1.2583503E7 2666222.46
8.100962578999999E7 1.63909785E8 1.2565398E7 5.9116289E7
1.1872659796E8 1.18869886E8 1.0237325E7 3.85456497E7
1.0082979908E8 1.21603114E8 1.1183743E7 9.318190829E7
1.1045137541E8 1.166662945E8 1.0591631E7 8.992446669E7
9.698599593100002E7 1.032619139E8 1.2618547E7 1.2061952007E7
1.0226491197E8 1.46536135E8 1.0841334E7 5.610691E7
8.332573487E7 9.626029245E7 1.5046783E7 1966161.031
8.123326391999999E7 9.7014121183E7 1.5634168E7 711552.0009999999
7.338330260999998E7 1.400083841E8 1.4417417E7 2.5334487630000003E7
1.11597510304E8 7.193358669745E7 1.1682422E7 1.6824392378233E8
1.1822771306E8 7.587004121E7 1.2041805E7 2.681075644E7
1.09975294975E8 8.0444930948E7 1.3016155E7 280942.6497
7.4845445403E7 1.0425561568E8 1.6167143E7 2570265.2415
5.764702971E7 1.2950341847E8 1.9128707E7 8993835.773
5.603819812E7 1.88443366E8 1.7306007E7 4.30370493E7
1.2534098281E8 6.92714927E7 1.0833226E7 1.2243084044E8
8.235650215E7 1.49348937E8 1.267814E7 3.77731537E7
6.850885364800002E7 1.066328689889E8 1.7475454E7 3.610236149414E7
8.0672648391E7 9.59521348695E7 1.4987078E7 6.9315719922E7
8.4395267528E7 9.07284342383E7 1.4544679E7 1.064848567268E8
9.327892316E7 1.51965466E8 1.1434016E7 5.5452144E7
1.1271852332E8 1.17350956E8 1.07539E7 2.5205176661E7
7.501236094E7 9.979548728E7 1.6331187E7 2.4587900979E7
8.287520336E7 1.52326664E8 1.2586245E7 3.780376856E7
1.060214382E8 8.034238611999999E7 1.1687665E7 1.8848917105E8
9.328570953E7 8.5634798228E7 1.384476E7 3.0043323247E7
9.996508603E7 9.06025821E7 1.306137E7 4673914.09
5.7736927282E7 1.2569317916E8 1.9799167E7 2395025.0941
5.395454763E7 1.38928635E8 1.9876935E7 8761208.47
8.287953467999999E7 9.407445537E7 1.535422E7 7220347.03
6.284200421000001E7 1.84086759E8 1.5576159E7 4.90172531E7
7.876417091E7 1.117247553E8 1.4704711E7 1.0078551323E7
1.23091329441E8 7.1687210313E7 1.1451627E7 6.8170218683E7
6.017516885999999E7 1.345962646E8 1.7871394E7 1.21228725E7
1.0212782943E8 1.054508819E8 1.2006341E7 1.610761094E7
1.2680903137000002E8 6.93771583E7 1.0836505E7 1.1415301254E8
8.762753852000001E7 1.50006461E8 1.2002374E7 4.39382544E7
1.1544363965E8 7.38280462E7 1.1210261E7 1.477836348E8
9.331902044E7 1.27565267E8 1.2009617E7 2.640927703E7
4.793348478E7 2.462763825E8 3.5988699E7 1.303872533E7
1.2084720969E8 7.4917277E7 1.1402722E7 6.33777186E7
1.0662268265E8 7.548035914E7 1.2143046E7 1.22942541273E8
8.393960111E7 1.43886811E8 1.2561399E7 3.89514163E7
5.813159978000002E7 1.481411261E8 1.7820116E7 1.904512604E7
7.049165674000001E7 1.74372939E8 1.4099495E7 4.79442799E7
1.18101681172E8 7.694879996E7 1.2477224E7 4328067.727999999
7.499555225199999E7 9.95679309288E7 1.6151075E7 5.191746495185E7
8.763728438E7 9.063683313E7 1.4786653E7 5946548.644
7.906206900999999E7 1.333016152E8 1.3665243E7 2.4185425E7
1.1679572588E8 1.24063025E8 1.0247577E7 3.81385351E7
1.1064104832E8 8.012106415E7 1.125762E7 1.897615257E8
9.0562053427E7 9.53760897E7 1.385757E7 4616888.818899999
9.757350707E7 1.35753073E8 1.14227E7 3.269453641E7
6.717408219E7 1.236239374E8 1.65526E7 1.0563653001E7
9.383481246E7 8.364287714E7 1.343006E7 8.1301760341E7
9.2812550542E7 8.6022231394E7 1.3222098E7 1.45752916993E8
1.002908107E8 9.84562208E7 1.2537176E7 1.00292665759E7
9.3739438917E7 8.72404248073E7 1.4191419E7 3221347.1899
1.0053608515E8 7.890543598E7 1.2669662E7 1.13470867294E8
1.042383167E8 8.363116066100001E7 1.321496E7 1146266.624
7.955062581E7 1.212755506E8 1.4073589E7 1.672829821E7
1.1452313406E8 8.60315564E7 1.2042397E7 5358606.850000001
1.14589849098E8 7.6714778449E7 1.2356294E7 2.2031045409E7
1.2855033956000002E8 7.35802816E7 1.0245928E7 1.5361652653E8
1.2539121876E8 7.394218644E7 1.0789415E7 1.0176521683E8
6.111854982000001E7 1.73152711E8 1.6141486E7 3.94705692E7
8.2011550337E7 9.311420840423E7 1.4937078E7 6.4768258335542E7
7.267972231300001E7 1.294100758E8 1.4986964E7 1.808434137E7
5.6346259119E7 1.2800449556E8 2.0226901E7 2328898.9234
9.041201469E7 1.272897623E8 1.2039821E7 9.118516852E7
1.1488694073E8 1.3433653E8 1.0219456E7 4.58908207E7
1.16626712609E8 8.993645198E7 1.1414093E7 2.4978635338E7
8.769351053999999E7 8.839450258E7 1.4236873E7 5.8709486973E7
8.337701597999999E7 1.144285847E8 1.3642021E7 2.843286726E7
4.756312406E7 2.57278986E8 3.5548157E7 2.06112588E7
9.7807179854E7 8.03412277509E7 1.2892275E7 1.2270400083593E8
6.043410483000014E7 1.2462594356E8 1.8548967E7 5419568.752
1.0018449358E8 8.393901437E7 1.3660318E7 2878913.63
7.7151281359E7 9.77688987338E7 1.5683044E7 6.540219685755E7
6.395306638E7 1.332181768E8 1.684035E7 1.457854212E7
1.08916857892E8 1.064626643E8 1.1421885E7 1.7357353571000002E7
9.359970257E7 1.116237106E8 1.2571636E7 1.6535244551E7
5.50869852E7 1.70751094E8 1.794643E7 3.17963099E7
5.215218278E7 1.4416814552E8 2.1610828E7 5839009.341
1.1895354943E8 1.114253847E8 1.0169093E7 8.510712661E7
6.890106999899998E7 1.1107004266E8 1.7157966E7 2840048.3179
7.65515353E7 1.165132054E8 1.4844288E7 1.2170225408E7
1.2712741789E8 6.624037393E7 1.0752095E7 1.49843053013E8
6.82302140521E7 1.288971459E8 1.598834E7 1.486646203E7
8.7756509723E7 9.579638128E7 1.4237804E7 3850353.2248
1.0430709584E8 1.23081606E8 1.1191645E7 2.6775698909E7
1.16973831964E8 6.971572072012E7 1.1316416E7 1.6482752807151E8
6.538710775999998E7 1.409105046E8 1.6121388E7 2.051776768E7
1.1797002745000002E8 8.6783212E7 1.1420063E7 2.97110843E7
1.14876588899E8 7.054984611549E7 1.1453451E7 1.6652964836793E8
7.634316727000001E7 1.091811943E8 1.5345226E7 7069301.822
9.513436718E7 8.3868461971E7 1.3528204E7 4.7043663457E7
5.98102131E7 1.455027097E8 1.7419432E7 1.899099175E7
9.893052913E7 1.29734317E8 1.1441884E7 2.941950787E7
6.836923121000001E7 1.78063314E8 1.4458911E7 5.28846732E7
5.319437929E7 1.542495091E8 1.9270132E7 1.840847285E7
1.0998154365E8 1.24516907E8 1.075088E7 2.896347829E7
1.0632841243E8 1.184580546E8 1.08348E7 9.103663904E7
1.1959598446999998E8 7.3416024008E7 1.182048E7 4.78766321672E7
1.2252673105900002E8 7.325252474E7 1.067847E7 1.4690955487E8
9.575298432E7 1.39725084E8 1.1388589E7 4.49181033E7
5.4254731521000005E7 1.3583579784E8 2.123568E7 2891806.745
5.990016623E7 1.1884124137E8 1.9484833E7 2.339907723E7
9.7062134327E7 9.39480842E7 1.3135708E7 6117345.7471
5.432595049E7 1.610573533E8 1.8526437E7 2.43981358E7
1.0301561965E8 8.0236787E7 1.2395562E7 9.1309469E7
7.0859405359E7 1.0821618136E8 1.6858396E7 2567472.7893000003
1.2113374417E8 1.038217355E8 1.0233843E7 7.271570873E7
6.255868970999999E7 1.8539972E8 1.5637144E7 4.94468589E7
7.712765376E7 1.00722633106E8 1.6274301E7 720498.5009999999
8.498832098000002E7 1.189794033E8 1.3314492E7 1.794830094E7
8.731707985000001E7 1.149053188E8 1.3169441E7 1.6347707188E7
8.926431261E7 1.39736069E8 1.2021369E7 3.88096761E7
8.0001553303E7 1.0300513936E8 1.5055593E7 5038515.155
9.483651305E7 8.508030806E7 1.3692271E7 2.783745941E7
7.261888635E7 1.72974457E8 1.372972E7 5.4610124E7
9.266294317E7 9.174894775E7 1.3853146E7 3067029.82
1.24065171654E8 6.9902829971E7 1.1209648E7 9.1578898157E7
9.520107934E7 8.901297960000001E7 1.3769144E7 2006968.885
9.88227566E7 8.265570104E7 1.325711E7 3.6182962385E7
1.04947198882E8 7.9814731311E7 1.2859647E7 3.289730453E7
1.0393568256E8 7.965455141E7 1.2698614E7 5.318349463E7
9.145801296E7 1.075210751E8 1.3003961E7 1.3080426819E7
5.211095723E7 1.512875902E8 2.0303956E7 1.370014185E7
1.10194139295E8 9.29424816E7 1.1967995E7 8925070.49933
6.896387631E7 1.077509504907E8 1.7687876E7 7788571.82604
1.1137838170000002E8 7.666168792E7 1.1336995E7 1.8252979025E8
9.662403445E7 8.20474264E7 1.3185494E7 7.6977790912E7
1.07235297E8 1.36128716E8 1.0618701E7 4.74122075E7
8.7891815549E7 8.73804398491E7 1.4178213E7 1.218508575888E8
9.135621734E7 8.534206934E7 1.3821736E7 7.2183393605E7
1.0008623854E8 1.111821744E8 1.1958511E7 1.8189140719E7
8.730225025E7 1.34420701E8 1.245751E7 2.855661906E7
7.204751020000002E7 1.191452499E8 1.5642813E7 1.1044890328E7
6.6232630016E7 1.1599975104E8 1.7409831E7 4618809.814
1.08587654014E8 7.3307095302E7 1.1902067E7 1.7289143406287E8
1.0468231003E8 8.952226269999999E7 1.2659174E7 5313524.220000001
6.049601483E7 1.76915671E8 1.6241017E7 3.95127619E7
7.338148599E7 1.57017008E8 1.3852023E7 4.3662463E7
1.0533715858E8 1.16979351E8 1.1302701E7 2.3192165314E7
6.688209981299999E7 1.091781944118E8 1.7869295E7 1.80795030842E7
6.2388179086E7 1.1860171681E8 1.868619E7 2078826.5645
9.12059623E7 1.37815009E8 1.1920982E7 3.30729295E7
1.1700930314000002E8 7.6945302799E7 1.2454765E7 7084218.782
5.9731580989E7 1.2237352219E8 1.9284206E7 2428402.9874
6.244153476E7 1.484309825E8 1.655492E7 2.330265879E7
9.098912121E7 8.7261129764E7 1.4126408E7 2.4260325218E7
1.1358844468E8 1.0249259462E8 1.0847026E7 5.606819453E7
1.1480198896E8 7.8885128397E7 1.2647515E7 483980.818
8.776556681000002E7 1.2512823385E8 1.2441515E7 8.148156882E7
7.885566349E7 1.66320349E8 1.2832522E7 5.8178188E7
7.074309422999999E7 1.154519081E8 1.6200161E7 7580836.649999999
8.086622717E7 1.259316179E8 1.3646662E7 2.064274715E7
8.854522862E7 1.250918402E8 1.2568052E7 2.6259572E7
6.430680678E7 1.58310056E8 1.5729587E7 3.45644604E7
1.1877571854999998E8 7.276038604E7 1.1598441E7 7.189347582E7
1.0296644455200002E8 7.63063236691E7 1.2392836E7 1.732588017072E8
8.562764532000001E7 9.3463533229E7 1.5021755E7 784689.582
1.1117049888E8 7.56343756E7 1.2024391E7 7.554467712E7
1.0229855407E8 8.263966832000001E7 1.2005916E7 1.8593157324E8
1.02348653152E8 8.0855450117E7 1.3081456E7 3.3427485936E7
8.1130894889E7 1.60944889E8 1.2664237E7 4.34229599E7
9.4890773043E7 8.19166241236E7 1.3222597E7 1.560125343929E8
8.927604575999999E7 1.41645189E8 1.204665E7 3.400046972E7
1.2274430729E8 7.442666157000001E7 1.0629588E7 1.448598381E8
7.214147765300001E7 1.0283409293E8 1.6773515E7 2.524834769663E7
7.01096396414E7 1.0478230811549E8 1.714219E7 3.826169236793E7
9.774986125E7 8.5850216838E7 1.3847277E7 478683.155
1.010189752966E8 7.809741361797E7 1.2589909E7 1.3358877842825E8
6.856220959E7 1.6783557E8 1.4580252E7 3.99049036E7
1.077690384E8 7.442487689E7 1.2012397E7 1.39281044599E8
1.1744908735E8 6.992271096E7 1.1310778E7 1.48400648251E8
