1.008621414200000018e+08 1.174808982000000030e+08 1.159690500000000000e+07 2.651554250000000000e+07
1.142670609500000179e+08 9.006178690000000596e+07 1.180773900000000000e+07 8.030049599999999627e+06
1.191151354800000042e+08 9.275476037000000477e+07 1.099398200000000000e+07 3.880189610999999940e+07
1.148931103900000006e+08 1.374358140000000000e+08 1.018151900000000000e+07 5.113530979999999702e+07
1.033292441638000011e+08 9.196016490000000596e+07 1.263104200000000000e+07 6.505049196325999685e+06
8.959775085500000417e+07 8.690169793800000846e+07 1.376110600000000000e+07 1.277808417581000030e+08
5.754618100000000000e+07 1.909153310000000000e+08 1.685149700000000000e+07 4.667702770000000298e+07
1.165683761630000025e+08 1.077421239000000060e+08 1.082913300000000000e+07 1.989974825160000101e+07
1.047193625600000024e+08 8.990588750000000000e+07 1.263644600000000000e+07 5.488555259999999776e+06
9.774959840999999642e+07 8.592130508599999547e+07 1.383128800000000000e+07 4.930311599999999744e+05
7.729255563999998569e+07 1.006082601889999956e+08 1.628562500000000000e+07 6.257158649999999907e+05
1.186249360419999957e+08 7.514566712100000679e+07 1.205602500000000000e+07 2.790467112500000000e+07
7.848017571500000358e+07 9.608332766899999976e+07 1.552960100000000000e+07 7.420462171988999844e+07
6.882479604999998212e+07 1.102096069829999954e+08 1.796571600000000000e+07 4.450475700000000070e+05
1.088824245400000066e+08 8.632883639999999106e+07 1.250259300000000000e+07 4.192062589999999851e+06
6.893477876800000668e+07 1.061312384972500056e+08 1.737571000000000000e+07 3.730938851257000118e+07
8.501723698999999464e+07 9.438561457999999821e+07 1.494670200000000000e+07 1.321455687999999849e+06
6.009651884000000358e+07 1.219715784220000058e+08 1.966711300000000000e+07 1.001163940999999992e+06
1.134853896700000018e+08 7.675895282999999821e+07 1.213594500000000000e+07 4.121790159000000358e+07
1.005378851580000073e+08 8.389493697469998896e+07 1.361381600000000000e+07 2.670481977700000163e+06
4.762810117000000179e+07 2.528903365999999940e+08 3.574108500000000000e+07 1.746794955999999866e+07
7.469397652999998629e+07 1.031278604619999975e+08 1.667328000000000000e+07 7.546363659999999218e+05
9.146874884999999404e+07 8.938497042299999297e+07 1.438469300000000000e+07 6.396138790000000736e+05
1.014326159699999988e+08 8.048048950000000000e+07 1.253801100000000000e+07 9.404803079000000656e+07
9.693064768999999762e+07 1.130062027199999988e+08 1.182206900000000000e+07 6.520443671000000089e+07
1.116758716800000072e+08 1.198993050000000000e+08 1.075244700000000000e+07 2.652279496700000018e+07
1.056030122300000042e+08 8.276908875000000000e+07 1.163713800000000000e+07 1.921356747199999988e+08
8.605493898100000620e+07 9.830852134999999404e+07 1.430988700000000000e+07 4.865795786999999546e+06
5.848102157100000232e+07 1.250520202769999951e+08 2.023847900000000000e+07 7.949750829999999842e+05
5.354327388000000268e+07 1.390549816700000167e+08 2.170165400000000000e+07 2.942459115999999922e+06
7.297083108599999547e+07 1.065696568499999940e+08 1.645486200000000000e+07 2.653840122200000100e+06
7.556837492000000179e+07 9.905244490000000596e+07 1.611789600000000000e+07 3.734412607599999756e+07
8.624687374000002444e+07 1.504114680000000000e+08 1.221345800000000000e+07 3.813901825999999791e+07
1.289170931200000048e+08 7.356394110000000894e+07 1.020274200000000000e+07 1.601975081599999964e+08
8.685117434999999404e+07 1.579870220000000000e+08 1.194536400000000000e+07 5.930177600000000000e+07
1.062305946800000072e+08 8.216053713199999928e+07 1.317097900000000000e+07 6.157327379999998957e+05
1.209837398199999928e+08 7.260560069799999893e+07 1.164650500000000000e+07 5.724022905550000072e+07
1.088820950999999940e+08 8.192980390000000596e+07 1.135646100000000000e+07 1.933986063400000036e+08
1.082572547070000023e+08 7.348106871150000393e+07 1.191819700000000000e+07 1.742246619032999873e+08
7.582818664999999106e+07 1.330713952000000030e+08 1.421870400000000000e+07 2.248959578999999911e+07
6.239977474999999255e+07 1.230239108400000036e+08 1.800959400000000000e+07 6.085869436000000685e+06
9.830803845000000298e+07 1.237472225999999940e+08 1.134745400000000000e+07 9.507748793999999762e+07
1.148093919080000073e+08 9.636617720000000298e+07 1.143694200000000000e+07 1.223067477840000205e+07
6.639580757999999076e+07 1.754323960000000000e+08 1.486935300000000000e+07 4.864090860000000149e+07
5.005466128000000864e+07 2.313440782899999917e+08 3.635663100000000000e+07 4.125346873999999836e+06
7.104143115600000322e+07 1.071398046529999971e+08 1.739597800000000000e+07 6.706322580000000307e+05
5.306683352000000328e+07 1.400186451200000048e+08 2.097447700000000000e+07 5.879094178999999538e+06
1.091930847849999964e+08 8.000831770600000024e+07 1.302931200000000000e+07 3.097863860000000335e+06
1.105826571850000024e+08 7.238103200130000710e+07 1.175261700000000000e+07 1.703374187430000007e+08
9.847231264000000060e+07 1.435224530000000000e+08 1.111375500000000000e+07 5.336371029999999702e+07
1.005732675699999928e+08 9.071758909999999404e+07 1.298506100000000000e+07 4.992452959999999963e+06
5.215725317000000179e+07 1.517821870600000024e+08 2.327249100000000000e+07 4.730924723000000231e+06
1.184703092300000042e+08 1.136041480000000000e+08 1.016922200000000000e+07 8.802277981999999285e+07
5.171268874000000209e+07 1.466886814000000060e+08 2.155925500000000000e+07 7.294747549999999814e+06
1.228758803799999952e+08 7.230946545000000298e+07 1.138728000000000000e+07 6.946176353000000119e+07
1.065371801289999932e+08 7.431756578460000455e+07 1.206373200000000000e+07 1.736963478772000074e+08
9.795065925800000131e+07 7.965278929619999230e+07 1.290325500000000000e+07 1.761415131856000125e+08
4.756109229999999702e+07 2.579212765999999940e+08 3.551946700000000000e+07 2.108738889999999851e+07
5.479036178000000119e+07 1.810206250000000000e+08 1.781312200000000000e+07 3.734733989999999851e+07
1.184793099350000024e+08 7.692368840700000525e+07 1.246506900000000000e+07 4.320657538999999873e+06
8.056481142199999094e+07 9.425681359450000525e+07 1.512852200000000000e+07 8.959823872239999473e+07
1.148108635100000054e+08 8.031565804000000656e+07 1.246169100000000000e+07 1.662764699000000022e+06
5.990149632999999821e+07 1.186765913700000048e+08 1.944969500000000000e+07 3.262477123000000045e+07
8.314138422499999404e+07 9.197362415770000219e+07 1.471405400000000000e+07 9.988502397300000489e+07
6.018703870000000298e+07 1.295341402999999970e+08 1.819503800000000000e+07 8.837113000000000000e+06
1.020116518969999999e+08 7.686712146639999747e+07 1.247091000000000000e+07 1.798912718995000124e+08
7.128724114300000668e+07 1.371344535999999940e+08 1.492011800000000000e+07 2.414711569999999925e+07
8.620667291899999976e+07 9.082508969099999964e+07 1.414951500000000000e+07 9.804698704240000248e+07
8.709339587000000477e+07 9.066560693199999630e+07 1.479661600000000000e+07 8.673375258999999613e+06
7.625882024000000954e+07 1.021903195999999940e+08 1.615485900000000000e+07 1.425848770999999950e+06
4.844083999000000209e+07 2.405389076999999881e+08 3.616665700000000000e+07 9.453611210000000894e+06
8.961176309700000286e+07 9.852214770000000298e+07 1.374801900000000000e+07 6.531895177000000142e+06
1.267245153610000014e+08 6.854380196099999547e+07 1.098917400000000000e+07 1.077293015649999976e+08
5.637753015000000596e+07 1.893818700000000000e+08 1.719458900000000000e+07 4.419739500000000000e+07
1.189148440300000012e+08 9.818870320000000298e+07 1.082969800000000000e+07 3.668150789999999851e+07
8.407551341400000453e+07 9.075601590999999642e+07 1.473013800000000000e+07 1.101853648765999973e+08
6.263314228000000119e+07 1.178676005090000033e+08 1.904527700000000000e+07 1.028132346999999951e+06
9.331995037000000477e+07 1.520141770000000000e+08 1.142612200000000000e+07 5.699593800000000000e+07
1.236628737830000073e+08 7.039096660999999940e+07 1.065498300000000000e+07 1.706418851139999926e+08
8.052307959000000358e+07 9.764119576800000668e+07 1.565157600000000000e+07 9.993381999999999534e+05
1.165359333599999994e+08 1.256657900000000000e+08 1.021991300000000000e+07 4.111784089999999851e+07
1.230610985100000054e+08 7.397455284000000358e+07 1.052164900000000000e+07 1.794292485000000000e+08
5.620250071000000089e+07 1.283076401899999976e+08 2.022217400000000000e+07 2.496844060699999798e+06
1.161539253349999785e+08 7.423262505599999428e+07 1.187196200000000000e+07 5.851546717099999636e+07
1.027484254899999946e+08 1.246439810000000000e+08 1.118532400000000000e+07 3.452548139999999851e+07
1.254046557000000179e+08 6.860236018000000715e+07 1.092634400000000000e+07 1.172860313799999952e+08
1.181020396679999977e+08 6.928329401010000706e+07 1.124379000000000000e+07 1.646626017207599878e+08
6.248504327000000328e+07 1.496173375000000000e+08 1.650209600000000000e+07 2.396892767000000179e+07
5.043991322999999672e+07 1.720571153000000119e+08 2.071625700000000000e+07 2.356808560000000149e+07
1.180041173700000048e+08 7.295012750000000000e+07 1.142260300000000000e+07 9.333361998000000417e+07
7.867822131299999356e+07 1.010151679300000072e+08 1.554303900000000000e+07 2.791451490100000054e+06
1.092900456410000026e+08 7.858988772800000012e+07 1.265523500000000000e+07 2.414109312500000000e+07
1.169487996400000006e+08 8.367345529999999702e+07 1.205516300000000000e+07 4.246765200000000186e+06
5.336080438999999315e+07 1.616330408000000119e+08 1.889214200000000000e+07 2.348609276000000164e+07
8.876951351999999583e+07 1.485620310000000000e+08 1.190503100000000000e+07 4.384912410000000149e+07
1.256686124300000072e+08 6.941881670000000298e+07 1.078773700000000000e+07 1.240091219000000060e+08
1.005105026099999994e+08 1.336805750000000000e+08 1.123407300000000000e+07 3.221367228999999911e+07
8.797092285000000894e+07 1.340674180000000000e+08 1.238926700000000000e+07 2.858847657000000030e+07
1.182400151899999827e+08 9.579462948000000417e+07 1.084800600000000000e+07 4.538712757999999821e+07
9.667372708200000226e+07 8.095448129000000656e+07 1.294969400000000000e+07 1.568030375069999993e+08
9.971767351899999380e+07 7.883931122399999201e+07 1.261878700000000000e+07 1.704035435035000145e+08
7.536676981000001729e+07 1.177857982999999970e+08 1.500521900000000000e+07 1.237064161200000159e+07
7.297729592000000179e+07 1.095741024099999964e+08 1.609020400000000000e+07 5.257336331000000238e+06
9.447317185799998045e+07 9.738014520000000298e+07 1.321712700000000000e+07 7.378076532800000161e+06
6.478366772200000286e+07 1.153014044099999964e+08 1.806989800000000000e+07 2.484821600699999835e+06
7.920093173999999464e+07 1.659878360000000000e+08 1.278794500000000000e+07 5.844177500000000000e+07
7.400084340999999642e+07 1.687574470000000000e+08 1.355188800000000000e+07 4.696920279999999702e+07
8.744778858799999952e+07 1.022221254000000060e+08 1.380942700000000000e+07 8.224839400999999605e+06
5.991766075000000745e+07 1.794542810000000000e+08 1.633060600000000000e+07 4.301608639999999851e+07
9.605765192000000179e+07 8.676640006800000370e+07 1.399578500000000000e+07 4.503970289999999804e+05
5.838793370999999344e+07 1.349916775999999940e+08 1.843343000000000000e+07 1.075646517999999970e+07
1.143764440300000012e+08 7.934077470000000298e+07 1.097811800000000000e+07 1.894287631299999952e+08
8.956048215000000596e+07 9.062491085400000215e+07 1.463873600000000000e+07 5.045606300000000047e+05
1.288412685699999928e+08 6.645664366300000250e+07 1.073912800000000000e+07 1.353838182599999905e+08
1.017403529810000062e+08 8.095400786599999666e+07 1.308628000000000000e+07 3.698744786200000346e+07
9.223756437999999523e+07 1.091286700999999940e+08 1.283498400000000000e+07 1.443323402099999972e+07
7.030406138000001013e+07 1.453372405999999940e+08 1.483971500000000000e+07 2.679146412000000104e+07
5.400617246000000089e+07 1.366935654699999988e+08 2.011024100000000000e+07 1.047165927300000004e+07
1.257760744300000072e+08 7.090934979999999702e+07 1.076535900000000000e+07 1.162927165999999940e+08
6.274573139999999851e+07 1.282940282000000030e+08 1.746916100000000000e+07 1.034287224999999814e+07
1.165939128120000064e+08 7.638559024199999869e+07 1.236396400000000000e+07 1.485948814299999923e+07
1.133929864399999976e+08 7.794513009999999404e+07 1.158775900000000000e+07 8.671062390000000596e+07
8.524529067000001669e+07 1.247088890000000000e+08 1.302881100000000000e+07 2.261369753999999911e+07
1.223122314800000042e+08 6.795245274099999666e+07 1.103647900000000000e+07 1.486417884519999921e+08
9.320969945000001788e+07 1.324343270000000000e+08 1.187752000000000000e+07 2.945276112999999896e+07
9.181877104799999297e+07 9.461280860999999940e+07 1.373024600000000000e+07 4.737990349299999885e+06
1.085153179689999819e+08 1.087172730999999940e+08 1.135547200000000000e+07 1.882947741600000113e+07
6.317611857000000775e+07 1.846307820000000000e+08 1.550269700000000000e+07 4.994674010000000149e+07
9.610777806999999285e+07 8.954206757000000775e+07 1.359206000000000000e+07 2.768596450000000186e+06
9.190721364499999583e+07 1.091554325400000066e+08 1.262482000000000000e+07 4.192778899899999797e+07
7.256244224600000679e+07 1.436601016999999881e+08 1.444076700000000000e+07 2.729460980999999866e+07
7.214942953999999166e+07 1.735155860000000000e+08 1.380553300000000000e+07 5.458045900000000000e+07
1.070763194619999975e+08 7.988567623000000417e+07 1.291168700000000000e+07 1.649541028900000080e+07
1.079445815999999940e+08 1.436988290000000000e+08 1.051739500000000000e+07 5.508133400000000000e+07
8.895591327999998629e+07 9.243875334000000358e+07 1.436535500000000000e+07 2.034462156999999890e+06
5.475265515999999642e+07 1.371128020000000000e+08 1.967263000000000000e+07 8.201242519999999553e+06
1.139783641700000018e+08 7.096692800000000000e+07 1.152699900000000000e+07 1.612603482619999945e+08
1.065862298100000173e+08 1.025738377000000030e+08 1.177993200000000000e+07 1.426754209699999914e+07
9.566067385999999940e+07 1.244759137000000030e+08 1.156255500000000000e+07 9.344876723999999464e+07
5.906890890000001341e+07 1.262680430400000066e+08 1.891464600000000000e+07 5.261560548000000417e+06
