1.167250656500000060e+08 1.242973280000000000e+08 1.024658400000000000e+07 3.833748260000000149e+07
1.288436147999999970e+08 7.254536420000000298e+07 1.024445200000000000e+07 1.583427118799999952e+08
1.022977952830000073e+08 8.370812617599999905e+07 1.356091600000000000e+07 2.684940803999999771e+05
9.737594514000001550e+07 8.618934297599999607e+07 1.381995100000000000e+07 6.728686119999999646e+05
4.756092315000000596e+07 2.581324270999999940e+08 3.550905000000000000e+07 2.124521450000000000e+07
9.578295618000000715e+07 8.690758970199999213e+07 1.402606600000000000e+07 4.372892370000000228e+05
7.583058261999998987e+07 1.693327070000000000e+08 1.324367700000000000e+07 5.656859800000000000e+07
7.937855033799999952e+07 9.772281713289999962e+07 1.595472700000000000e+07 4.023479589800000191e+06
1.206418842099999785e+08 7.425582818999999762e+07 1.068253000000000000e+07 1.796517618799999952e+08
8.985831876999999583e+07 9.070779429199999571e+07 1.445206100000000000e+07 1.001354530000000028e+06
6.016094786999999732e+07 1.819968590000000000e+08 1.624357400000000000e+07 4.234363689999999851e+07
9.647473345999999344e+07 1.220173920000000000e+08 1.188687300000000000e+07 2.390456428200000152e+07
1.166962042600000054e+08 8.470859859999999404e+07 1.199423000000000000e+07 4.888754690000000410e+06
7.104752291712999344e+07 1.075551159350000024e+08 1.755359500000000000e+07 4.222693159999999916e+05
1.171737022300000191e+08 1.066303200000000000e+08 1.084026700000000000e+07 1.934879019999999925e+07
1.230261538199999928e+08 6.957194592499999702e+07 1.117053300000000000e+07 1.038937108159999996e+08
7.259791725400000811e+07 1.040895439157000035e+08 1.704679100000000000e+07 5.548622296900000423e+06
1.008163853299999982e+08 1.318749490000000000e+08 1.120048900000000000e+07 3.384265989999999851e+07
1.023392865999999940e+08 8.396696832999999821e+07 1.194773500000000000e+07 1.884895452299999893e+08
1.050720268910000026e+08 9.936509279999999702e+07 1.205253700000000000e+07 1.197334811900000088e+07
1.162300176309999973e+08 1.097161277000000030e+08 1.077288700000000000e+07 2.115164988899999857e+07
5.016036838000000268e+07 2.309695464399999976e+08 3.636234100000000000e+07 3.916510822999999858e+06
1.117207926099999994e+08 9.092888790000000596e+07 1.195368000000000000e+07 8.070970299999999814e+06
1.085955700400000066e+08 8.233164290000000596e+07 1.137118600000000000e+07 1.942559408400000036e+08
7.696270902600000799e+07 1.406818790000000000e+08 1.375658800000000000e+07 2.777345173000000045e+07
5.463696595000000298e+07 1.444582036999999881e+08 1.920343600000000000e+07 1.308606144999999925e+07
5.784634286999999732e+07 1.911121160000000000e+08 1.677122000000000000e+07 4.711068220000000298e+07
5.094020119000000507e+07 1.781506904000000060e+08 2.019269600000000000e+07 2.806256610000000149e+07
1.104720890900000036e+08 8.342894787000000477e+07 1.258350300000000000e+07 2.666222459999999963e+06
1.053454635000000000e+08 1.173390020000000000e+08 1.128791400000000000e+07 2.347431550299999863e+07
8.100962578999999166e+07 1.639097850000000000e+08 1.256539800000000000e+07 5.911628900000000000e+07
6.402788695000000298e+07 1.345483950999999940e+08 1.676053800000000000e+07 1.538276405000000075e+07
9.909353640000000596e+07 8.340077614599999785e+07 1.351104900000000000e+07 1.543216801999999955e+07
1.187265979599999934e+08 1.188698860000000000e+08 1.023732500000000000e+07 3.854564970000000298e+07
1.008297990799999982e+08 1.216031140000000000e+08 1.118374300000000000e+07 9.318190829000000656e+07
9.973678727300000191e+07 8.040428122100000083e+07 1.247685900000000000e+07 1.731826007630000114e+08
1.104513754099999964e+08 1.166662945000000000e+08 1.059163100000000000e+07 8.992446668999999762e+07
8.631244020100000501e+07 8.872824043230000138e+07 1.442148300000000000e+07 1.161035222595999986e+08
1.157591055489999950e+08 7.828259984499999881e+07 1.265635100000000000e+07 2.818944774000000325e+05
5.205000300000000000e+07 1.445446204699999988e+08 2.158642300000000000e+07 8.467281173000000417e+06
7.197192551800000668e+07 1.027410704907000065e+08 1.673973000000000000e+07 4.375334532603999972e+07
4.827143376000000536e+07 2.421514670000000000e+08 3.612208200000000000e+07 1.043863868999999948e+07
1.061015942999999970e+08 8.232316686300000548e+07 1.316002900000000000e+07 7.187588350000000792e+05
5.219993221000000089e+07 2.264089647299999893e+08 3.642034600000000000e+07 1.425733164000000106e+06
9.718316990999999642e+07 8.256578290700000525e+07 1.326772900000000000e+07 5.390076615299999714e+07
9.698599593100002408e+07 1.032619139000000060e+08 1.261854700000000000e+07 1.206195200699999928e+07
9.415199465999999642e+07 9.611774868999999762e+07 1.323216800000000000e+07 1.296621021000000089e+07
1.022649119699999988e+08 1.465361350000000000e+08 1.084133400000000000e+07 5.610691000000000000e+07
7.787591733999998868e+07 1.672591220000000000e+08 1.296148700000000000e+07 5.775106800000000000e+07
8.332573487000000477e+07 9.626029245000000298e+07 1.504678300000000000e+07 1.966161030999999959e+06
9.664827585999999940e+07 1.498452910000000000e+08 1.119534400000000000e+07 5.736557200000000000e+07
8.123326391999998689e+07 9.701412118299999833e+07 1.563416800000000000e+07 7.115520009999999311e+05
1.204553440100000054e+08 1.069404815000000000e+08 1.017031600000000000e+07 7.996248489000000060e+07
7.236666774800001085e+07 1.428181018000000119e+08 1.451405100000000000e+07 2.649371735999999940e+07
7.338330260999998450e+07 1.400083840999999940e+08 1.441741700000000000e+07 2.533448763000000268e+07
6.170824649000000209e+07 1.196720210030000061e+08 1.924134100000000000e+07 9.678913839999999618e+05
1.115975103040000051e+08 7.193358669744999707e+07 1.168242200000000000e+07 1.682439237823300064e+08
1.160100053900000006e+08 9.494962229999999702e+07 1.142943200000000000e+07 1.156278890000000037e+07
1.182277130600000024e+08 7.587004120999999344e+07 1.204180500000000000e+07 2.681075644000000134e+07
6.054148357999999821e+07 1.189579876500000060e+08 1.905324300000000000e+07 3.347557591099999845e+07
1.099752949749999940e+08 8.044493094799999893e+07 1.301615500000000000e+07 2.809426497000000090e+05
7.484544540299999714e+07 1.042556156800000072e+08 1.616714300000000000e+07 2.570265241500000004e+06
8.760013245000000298e+07 1.375966680000000000e+08 1.231219300000000000e+07 3.167627419999999925e+07
6.433341368999999017e+07 1.153743552970000058e+08 1.863288200000000000e+07 1.038461783999999985e+06
6.729734304000000656e+07 1.780615410000000000e+08 1.467616800000000000e+07 4.686426060000000149e+07
9.528957726999998093e+07 1.143623077000000030e+08 1.228186700000000000e+07 1.880777425699999928e+07
5.764702971000000089e+07 1.295034184699999988e+08 1.912870700000000000e+07 8.993835773000000045e+06
5.603819811999999732e+07 1.884433660000000000e+08 1.730600700000000000e+07 4.303704929999999702e+07
1.020008053229999989e+08 7.687215945010000467e+07 1.247548800000000000e+07 1.798927938555999994e+08
1.253409828100000024e+08 6.927149270000000298e+07 1.083322600000000000e+07 1.224308404399999976e+08
9.366089995999999344e+07 1.188191220999999940e+08 1.227529200000000000e+07 2.106101073499999940e+07
8.235650215000000596e+07 1.493489370000000000e+08 1.267814000000000000e+07 3.777315370000000298e+07
1.149313742600000054e+08 1.369480540000000000e+08 1.018214800000000000e+07 5.079519160000000149e+07
5.335968503000000864e+07 1.395483389300000072e+08 2.169281800000000000e+07 3.221926237000000197e+06
7.780760320000000298e+07 1.363724765999999940e+08 1.375892800000000000e+07 2.554790578000000119e+07
1.143503954759999961e+08 7.117092686879999936e+07 1.142961300000000000e+07 1.712365765040999949e+08
5.627302833399999887e+07 1.281559108700000048e+08 2.022459200000000000e+07 2.412504870500000194e+06
8.652648331000000238e+07 1.139879085000000000e+08 1.329377400000000000e+07 1.720374480000000075e+07
6.850885364800001681e+07 1.066328689889000058e+08 1.747545400000000000e+07 3.610236149413999915e+07
8.067264839100000262e+07 9.595213486949999630e+07 1.498707800000000000e+07 6.931571992200000584e+07
8.571582496999999881e+07 1.188317492999999970e+08 1.321695200000000000e+07 1.818072688599999994e+07
7.262635739999999106e+07 1.126418721899999976e+08 1.587438100000000000e+07 1.261849211999999918e+07
8.439526752799999714e+07 9.072843423829999566e+07 1.454467900000000000e+07 1.064848567267999947e+08
9.327892315999999642e+07 1.519654660000000000e+08 1.143401600000000000e+07 5.545214400000000000e+07
5.362398986999999732e+07 1.616780503000000119e+08 1.877426800000000000e+07 2.365108114000000060e+07
6.494860647999998927e+07 1.149521203400000036e+08 1.806383000000000000e+07 2.372531248999999836e+06
7.277088491000001132e+07 1.054178590199999958e+08 1.673349800000000000e+07 1.510585774999999907e+06
1.085447303499999940e+08 1.084969830000000000e+08 1.134902000000000000e+07 1.937599783999999985e+07
1.054206716800000072e+08 7.812109554299999774e+07 1.267714300000000000e+07 6.049810152199999988e+07
1.127185233199999928e+08 1.173509560000000000e+08 1.075390000000000000e+07 2.520517666099999845e+07
7.501236093999999762e+07 9.979548728000000119e+07 1.633118700000000000e+07 2.458790097899999842e+07
8.287520335999999940e+07 1.523266640000000000e+08 1.258624500000000000e+07 3.780376856000000238e+07
1.200312986581000239e+08 6.856274335997000337e+07 1.112797500000000000e+07 1.625398430218900144e+08
8.157943015000000596e+07 1.315904785000000000e+08 1.333116800000000000e+07 2.434062750000000000e+07
1.060214382000000030e+08 8.034238611999998987e+07 1.168766500000000000e+07 1.884891710500000119e+08
9.328570953000000119e+07 8.563479822800000012e+07 1.384476000000000000e+07 3.004332324700000137e+07
9.996508603000000119e+07 9.060258209999999404e+07 1.306137000000000000e+07 4.673914089999999851e+06
5.773692728199999779e+07 1.256931791599999964e+08 1.979916700000000000e+07 2.395025094099999871e+06
5.395454763000000268e+07 1.389286350000000000e+08 1.987693500000000000e+07 8.761208470000000671e+06
9.075332318000000715e+07 8.564033937000000477e+07 1.379496400000000000e+07 8.162965225200000405e+07
8.287953467999999225e+07 9.407445537000000477e+07 1.535422000000000000e+07 7.220347030000000261e+06
6.284200421000000834e+07 1.840867590000000000e+08 1.557615900000000000e+07 4.901725310000000149e+07
1.140366090300000012e+08 1.013221435999999940e+08 1.125224800000000000e+07 1.554478621000000089e+07
8.483933207999999821e+07 9.437468351299999654e+07 1.498822800000000000e+07 1.291422861000000034e+06
7.876417090999999642e+07 1.117247552999999970e+08 1.470471100000000000e+07 1.007855132300000079e+07
1.230913294409999996e+08 7.168721031299999356e+07 1.145162700000000000e+07 6.817021868299999833e+07
6.017516885999999195e+07 1.345962645999999940e+08 1.787139400000000000e+07 1.212287250000000000e+07
7.687626925999999046e+07 1.009929375199999958e+08 1.634414600000000000e+07 6.528281689999999944e+05
1.021278294300000072e+08 1.054508819000000060e+08 1.200634100000000000e+07 1.610761093999999948e+07
1.268090313700000197e+08 6.937715829999999702e+07 1.083650500000000000e+07 1.141530125400000066e+08
1.011961594979999959e+08 9.837574020000000298e+07 1.245731200000000000e+07 1.018865738260000013e+07
9.391546281999999285e+07 9.432358059999999404e+07 1.347898600000000000e+07 5.299906805699999444e+06
1.283792286800000072e+08 6.620405292999999970e+07 1.074517800000000000e+07 1.395707837809999883e+08
8.762753852000001073e+07 1.500064610000000000e+08 1.200237400000000000e+07 4.393825439999999851e+07
1.154436396500000060e+08 7.382804620000000298e+07 1.121026100000000000e+07 1.477836348000000119e+08
9.331902043999999762e+07 1.275652670000000000e+08 1.200961700000000000e+07 2.640927703000000119e+07
6.049511395000000298e+07 1.215194509749999940e+08 1.964353600000000000e+07 8.505935069999999832e+05
8.806949212999999523e+07 1.318245060000000000e+08 1.243065400000000000e+07 2.785120628000000119e+07
5.046153840999999642e+07 1.641615806999999881e+08 2.100024500000000000e+07 1.815763516000000015e+07
1.052180953579999804e+08 9.691356790000000596e+07 1.216560700000000000e+07 1.040255210339999944e+07
1.147956238599999994e+08 1.141136105999999940e+08 1.036414800000000000e+07 8.769769046000000834e+07
7.473534219000001252e+07 1.704803280000000000e+08 1.340206600000000000e+07 5.585569300000000000e+07
9.054724735999999940e+07 1.399283050000000000e+08 1.195973100000000000e+07 3.313745658999999985e+07
1.206481548550000042e+08 7.321434338099999726e+07 1.170659400000000000e+07 5.095325803299999982e+07
9.907694254999999702e+07 1.188346630000000000e+08 1.149917700000000000e+07 5.748153989999999851e+07
4.793348478000000119e+07 2.462763825000000000e+08 3.598869900000000000e+07 1.303872533000000007e+07
6.789152471999999881e+07 1.106740255869999975e+08 1.785625100000000000e+07 1.037547984999999986e+06
1.208472096899999976e+08 7.491727700000000000e+07 1.140272200000000000e+07 6.337771860000000149e+07
1.066226826500000060e+08 7.548035914000000060e+07 1.214304600000000000e+07 1.229425412730000019e+08
8.877234760999999940e+07 9.220642467000000179e+07 1.358128400000000000e+07 1.355651191450000107e+08
9.542728551999999583e+07 9.003368349000000954e+07 1.363744200000000000e+07 2.835384430000000168e+06
8.393960110999999940e+07 1.438868110000000000e+08 1.256139900000000000e+07 3.895141629999999702e+07
5.813159978000002354e+07 1.481411260999999940e+08 1.782011600000000000e+07 1.904512603999999911e+07
1.041427704899999946e+08 8.420275130000001192e+07 1.315993100000000000e+07 1.525021166999999899e+06
5.434605067000000179e+07 1.776716980000000000e+08 1.804163300000000000e+07 3.489200400000000000e+07
1.105123674000000060e+08 1.425047650000000000e+08 1.038222500000000000e+07 5.476166600000000000e+07
7.049165674000000954e+07 1.743729390000000000e+08 1.409949500000000000e+07 4.794427989999999851e+07
1.168356923599999994e+08 6.977030749070000648e+07 1.132362400000000000e+07 1.654841263260399997e+08
1.181016811720000058e+08 7.694879995999999344e+07 1.247722400000000000e+07 4.328067727999999188e+06
7.617000292000000179e+07 1.201841439000000060e+08 1.472343800000000000e+07 1.441200308999999985e+07
5.487129045000000298e+07 1.662452055000000000e+08 1.815957900000000000e+07 2.763993139999999851e+07
