9.762592043999999762e+07 8.595391441299998760e+07 1.384809200000000000e+07 4.833578929999999818e+05
1.209299093900000006e+08 1.057612915999999940e+08 1.017441600000000000e+07 7.873132917000000179e+07
1.265774429000000060e+08 7.218223942000000179e+07 1.069259600000000000e+07 1.139753781800000072e+08
1.199372912569999993e+08 7.508768459399999678e+07 1.097916900000000000e+07 1.156031267000000030e+08
1.062362265300000012e+08 8.989099900000000000e+07 1.248798700000000000e+07 5.970236500000000000e+06
1.147735685300000161e+08 7.983547244699999690e+07 1.251473300000000000e+07 1.313428600000000093e+06
1.167489062099999934e+08 8.397050020000000298e+07 1.204469900000000000e+07 4.362515639999999665e+06
7.499555225199998915e+07 9.956793092880000174e+07 1.615107500000000000e+07 5.191746495184999704e+07
6.456218128860001266e+07 1.167878090900000036e+08 1.794929800000000000e+07 3.309318192999999970e+06
8.763728437999999523e+07 9.063683312999999523e+07 1.478665300000000000e+07 5.946548644000000320e+06
7.430664066499999166e+07 1.073436223799999952e+08 1.598133700000000000e+07 4.332120533999999985e+06
1.272376437100000232e+08 6.619366279999999702e+07 1.074570700000000000e+07 1.502099852019999921e+08
7.906206900999999046e+07 1.333016152000000030e+08 1.366524300000000000e+07 2.418542500000000000e+07
7.837576776399999857e+07 1.069128614000000060e+08 1.509657500000000000e+07 6.611558171999999322e+06
1.167957258799999952e+08 1.240630250000000000e+08 1.024757700000000000e+07 3.813853510000000149e+07
7.083655570399999619e+07 1.074111116539999992e+08 1.745465400000000000e+07 6.359324319999999134e+05
1.106410483199999928e+08 8.012106415000000596e+07 1.125762000000000000e+07 1.897615256999999881e+08
1.167868856850000024e+08 7.673232420499999821e+07 1.242740900000000000e+07 9.682142527000000700e+06
7.975442431000001729e+07 1.098374695999999940e+08 1.462302300000000000e+07 9.526623639000000432e+06
5.781574878000000119e+07 1.910792940000000000e+08 1.677932000000000000e+07 4.707437770000000298e+07
9.056205342700000107e+07 9.537608970000000298e+07 1.385757000000000000e+07 4.616888818899999373e+06
8.647507394000001252e+07 1.136472250000000000e+08 1.334132900000000000e+07 1.519004540599999949e+07
1.100154411400000006e+08 8.043501642199999094e+07 1.298822600000000000e+07 3.577496160000000382e+05
8.115983012000000477e+07 9.705921652599999309e+07 1.562255600000000000e+07 7.921507249999999767e+05
8.995204976000000536e+07 1.544891810000000000e+08 1.171544400000000000e+07 5.096711600000000000e+07
1.099982327199999988e+08 8.368432689000000060e+07 1.260078000000000000e+07 2.811534109999999870e+06
8.727417348000000417e+07 9.227931621799999475e+07 1.485432600000000000e+07 6.226719640000000363e+05
8.934762092000000179e+07 9.087078659199999273e+07 1.472698400000000000e+07 3.650967260000000242e+05
1.133630294430000037e+08 7.117600192879998684e+07 1.155573000000000000e+07 1.677212589518499970e+08
6.557834908099999279e+07 1.103500159014700055e+08 1.803604600000000000e+07 3.806580319352000207e+07
8.018504731939998269e+07 1.629611700000000000e+08 1.275724200000000000e+07 4.451375920000000298e+07
1.192708494549999833e+08 7.492809591779999435e+07 1.203457000000000000e+07 2.856411965190000087e+07
9.757350706999999285e+07 1.357530730000000000e+08 1.142270000000000000e+07 3.269453641000000015e+07
1.292992463439999968e+08 6.617038577000000328e+07 1.070328100000000000e+07 1.394249611769999862e+08
6.692529010000000149e+07 1.762938380000000000e+08 1.477930600000000000e+07 4.407981870000000298e+07
1.075255636800000072e+08 1.398465830000000000e+08 1.056153300000000000e+07 5.257979900000000000e+07
1.180963431445000172e+08 7.452000170099999011e+07 1.095031000000000000e+07 1.488896477960000038e+08
7.517635726000000536e+07 1.026253440770000070e+08 1.657417000000000000e+07 7.813372169999999460e+05
8.551346876000000536e+07 9.355420929700000584e+07 1.511697700000000000e+07 5.441044160000000848e+05
6.717408218999999762e+07 1.236239374000000060e+08 1.655260000000000000e+07 1.056365300100000016e+07
9.383481245999999344e+07 8.364287714000000060e+07 1.343006000000000000e+07 8.130176034100000560e+07
4.763369078000000119e+07 2.526804731999999881e+08 3.574954900000000000e+07 1.732205716000000015e+07
9.281255054199999571e+07 8.602223139399999380e+07 1.322209800000000000e+07 1.457529169930000007e+08
1.002908107000000030e+08 9.845622079999999702e+07 1.253717600000000000e+07 1.002926657589999959e+07
9.373943891699999571e+07 8.724042480730000138e+07 1.419141900000000000e+07 3.221347189900000114e+06
5.215562464999999851e+07 2.264730089300000072e+08 3.641994100000000000e+07 1.458948605999999912e+06
1.005360851500000060e+08 7.890543598000000417e+07 1.266966200000000000e+07 1.134708672939999998e+08
1.054600827900000066e+08 1.449245070000000000e+08 1.065559600000000000e+07 5.548206500000000000e+07
1.284591727199999988e+08 7.305949800000000000e+07 1.022707300000000000e+07 1.637478424799999893e+08
1.042383167000000030e+08 8.363116066100001335e+07 1.321496000000000000e+07 1.146266624000000069e+06
8.429670411999998987e+07 1.549222960000000000e+08 1.236428900000000000e+07 4.046208770000000298e+07
7.955062581000000238e+07 1.212755505999999940e+08 1.407358900000000000e+07 1.672829821000000089e+07
9.132837973000000417e+07 8.946935711300000548e+07 1.442572900000000000e+07 5.389020330000000540e+05
1.128311396899999976e+08 1.255704440000000000e+08 1.055081600000000000e+07 3.019613498999999836e+07
1.224931590160000026e+08 7.164196096999999881e+07 1.142372500000000000e+07 7.146684159299999475e+07
1.145231340600000024e+08 8.603155640000000596e+07 1.204239700000000000e+07 5.358606850000000559e+06
5.014380876000000536e+07 2.310262012800000012e+08 3.636148700000000000e+07 3.948061504999999888e+06
9.184150104000000656e+07 1.084888032000000030e+08 1.289830300000000000e+07 1.450071407000000030e+07
1.145898490980000049e+08 7.671477844900000095e+07 1.235629400000000000e+07 2.203104540900000185e+07
7.854404612000000477e+07 9.602078763619999588e+07 1.551993700000000000e+07 7.437104834702999890e+07
1.186948727199999988e+08 9.929064529999999702e+07 1.076753600000000000e+07 3.947976129999999702e+07
1.285503395600000173e+08 7.358028159999999404e+07 1.024592800000000000e+07 1.536165265300000012e+08
1.253912187600000054e+08 7.394218643999999762e+07 1.078941500000000000e+07 1.017652168299999982e+08
6.874531423000000417e+07 1.070292490000000000e+08 1.757628000000000000e+07 1.531796821099999920e+07
6.531225874000000954e+07 1.819392310000000000e+08 1.505443400000000000e+07 5.116084889999999851e+07
1.236882389539999962e+08 6.956617293400000036e+07 1.117475400000000000e+07 9.880871351700000465e+07
8.283122446499998868e+07 9.728517959000000358e+07 1.502417400000000000e+07 2.502221058200000320e+06
6.111854982000000775e+07 1.731527110000000000e+08 1.614148600000000000e+07 3.947056920000000298e+07
1.037370134500000030e+08 1.235791880999999940e+08 1.094855000000000000e+07 9.267613800000000000e+07
1.185661023876000047e+08 6.910692407548999786e+07 1.121680600000000000e+07 1.636144752827700078e+08
8.842541834999999404e+07 1.563319450000000000e+08 1.180600200000000000e+07 5.885822700000000000e+07
1.029114259699999839e+08 8.337856546999999881e+07 1.190406100000000000e+07 1.885333971399999857e+08
8.201155033699999750e+07 9.311420840422999859e+07 1.493707800000000000e+07 6.476825833554200083e+07
7.348116803000000119e+07 1.703021370000000000e+08 1.363843100000000000e+07 4.577065500000000000e+07
7.267972231300000846e+07 1.294100757999999970e+08 1.498696400000000000e+07 1.808434137000000104e+07
9.642189395000000298e+07 9.735135129999999702e+07 1.299937900000000000e+07 8.008179536799998954e+06
5.353345511100000143e+07 1.390801173600000143e+08 2.170119000000000000e+07 2.956755612999999896e+06
5.634625911900000274e+07 1.280044955600000024e+08 2.022690100000000000e+07 2.328898923400000203e+06
9.041201468999999762e+07 1.272897622999999970e+08 1.203982100000000000e+07 9.118516851999999583e+07
1.148022445199999958e+08 1.132387335000000000e+08 1.037566900000000000e+07 8.647814706000000238e+07
5.049759697999999672e+07 1.735664315999999940e+08 2.062276700000000000e+07 2.465009800000000000e+07
9.099651582999999821e+07 1.538484780000000000e+08 1.159852400000000000e+07 5.838872900000000000e+07
7.869900951000000536e+07 9.937101345200000703e+07 1.610490900000000000e+07 5.228346689999999944e+05
1.148869407300000042e+08 1.343365300000000000e+08 1.021945600000000000e+07 4.589082070000000298e+07
6.655631820999999344e+07 1.123681582300000042e+08 1.807299500000000000e+07 1.152972693000000203e+06
9.021121706999999285e+07 8.633707812000000477e+07 1.385906000000000000e+07 7.226974711200000346e+07
9.016029212999999523e+07 1.360572470000000000e+08 1.206152500000000000e+07 3.230068960000000149e+07
7.213177996800000966e+07 1.026484737539000064e+08 1.664648600000000000e+07 5.568691851722999662e+07
1.166267126089999974e+08 8.993645198000000417e+07 1.141409300000000000e+07 2.497863533799999952e+07
6.048294614999999106e+07 1.211078718739999980e+08 1.950597500000000000e+07 1.200689744000000181e+06
8.795951387999999523e+07 9.317464481000000238e+07 1.446209700000000000e+07 2.107464905999999959e+06
8.769351053999999166e+07 8.839450257999999821e+07 1.423687300000000000e+07 5.870948697299999744e+07
6.440667600000000000e+07 1.152962026990000010e+08 1.863283800000000000e+07 9.999884229999999516e+05
8.786747138899998367e+07 8.740183361209999025e+07 1.417283700000000000e+07 1.227097521237999946e+08
7.695192542700001597e+07 9.938882620919999480e+07 1.625635200000000000e+07 6.739768888919999823e+06
1.187653468300000429e+08 7.407061645800000429e+07 1.189679400000000000e+07 4.201767099599999934e+07
1.164523972070000023e+08 1.096656720000000000e+08 1.076229700000000000e+07 2.114337699400000274e+07
9.524119303000000119e+07 1.506247740000000000e+08 1.129046900000000000e+07 5.760675500000000000e+07
6.523051350729999691e+07 1.107637115337300003e+08 1.816138200000000000e+07 3.444024118452999741e+07
1.041416533299999982e+08 9.349765720000000298e+07 1.245604500000000000e+07 7.822293725700000301e+06
8.337701597999998927e+07 1.144285847000000030e+08 1.364202100000000000e+07 2.843286726000000164e+07
5.317311114000000060e+07 1.631637291999999881e+08 1.894081700000000000e+07 2.435928300000000000e+07
1.269917994300000072e+08 6.899661690000000596e+07 1.080252500000000000e+07 1.185958045699999928e+08
4.756312406000000238e+07 2.572789860000000000e+08 3.554815700000000000e+07 2.061125880000000075e+07
9.780717985400000215e+07 8.034122775090000033e+07 1.289227500000000000e+07 1.227040008359300047e+08
5.831623506999999285e+07 1.250505776759999990e+08 2.013912400000000000e+07 1.014377589999999967e+06
6.043410483000013977e+07 1.246259435600000024e+08 1.854896700000000000e+07 5.419568752000000328e+06
7.573974269000001252e+07 1.025835692699999958e+08 1.616362400000000000e+07 1.886067172999999952e+06
5.885969170999999344e+07 1.557837451999999881e+08 1.728806500000000000e+07 2.464891637999999896e+07
1.001844935799999982e+08 8.393901437000000477e+07 1.366031800000000000e+07 2.878913629999999888e+06
1.051471823100000024e+08 1.186234880000000000e+08 1.126419600000000000e+07 2.416189969900000095e+07
1.092431349989999980e+08 7.299731487729999423e+07 1.185032400000000000e+07 1.725213040336999893e+08
9.249591584999999404e+07 8.493172495000000298e+07 1.360193100000000000e+07 6.971585064000000060e+07
7.715128135899999738e+07 9.776889873379999399e+07 1.568304400000000000e+07 6.540219685755000263e+07
6.395306638000000268e+07 1.332181767999999970e+08 1.684035000000000000e+07 1.457854211999999918e+07
1.211401539249999970e+08 7.322283003499999642e+07 1.171466700000000000e+07 4.932314496230000257e+07
1.089168578920000046e+08 1.064626642999999970e+08 1.142188500000000000e+07 1.735735357100000232e+07
9.359970256999999285e+07 1.116237105999999940e+08 1.257163600000000000e+07 1.653524455100000091e+07
1.188207244300000072e+08 1.203947950000000000e+08 1.018168400000000000e+07 4.268894020000000298e+07
9.668985665000000596e+07 8.160156226999999583e+07 1.320248800000000000e+07 8.559829293500000238e+07
5.508698520000000298e+07 1.707510940000000000e+08 1.794643000000000000e+07 3.179630989999999851e+07
5.215218278000000119e+07 1.441681455200000107e+08 2.161082800000000000e+07 5.839009341000000015e+06
7.126256080500000715e+07 1.035061881154900044e+08 1.690172600000000000e+07 3.973355036793000251e+07
5.457215640999999642e+07 1.641019090000000000e+08 1.833442000000000000e+07 2.596223435000000149e+07
6.249727453000011295e+07 1.182750132099999934e+08 1.875345700000000000e+07 1.742299860000000102e+06
1.107531691899999976e+08 1.178917575999999940e+08 1.055855600000000000e+07 9.188269190999999642e+07
1.157511306477999985e+08 9.694251809999999404e+07 1.134800500000000000e+07 1.275928120298999920e+07
1.189535494300000072e+08 1.114253847000000030e+08 1.016909300000000000e+07 8.510712660999999940e+07
8.639446971000000834e+07 1.171744797999999970e+08 1.319530100000000000e+07 1.739243343699999899e+07
1.223141801899999976e+08 6.775639615000000596e+07 1.099835200000000000e+07 1.587880838129999936e+08
1.006449585900000036e+08 8.221320870000000298e+07 1.274419900000000000e+07 6.609383760000000149e+07
1.038135017510000169e+08 7.580042266269999743e+07 1.229573200000000000e+07 1.791405422712000012e+08
1.016927572245000005e+08 9.234319740000000596e+07 1.276486900000000000e+07 6.315291527990000322e+06
6.890106999899998307e+07 1.110700426599999964e+08 1.715796600000000000e+07 2.840048317900000140e+06
1.169047786120000035e+08 6.974379199310000241e+07 1.131885700000000000e+07 1.655515532698200047e+08
8.447758655000001192e+07 1.259243669000000060e+08 1.310946700000000000e+07 2.211945298999999836e+07
9.360516679000000656e+07 1.422885200000000000e+08 1.163148200000000000e+07 3.591471660000000149e+07
5.409931265000000596e+07 1.421819124000000060e+08 1.955477000000000000e+07 1.116321127999999933e+07
8.812355474000000954e+07 9.940885548000000417e+07 1.386089200000000000e+07 8.902162349999999627e+06
7.655153529999999702e+07 1.165132054000000060e+08 1.484428800000000000e+07 1.217022540799999982e+07
6.748644561000001431e+07 1.304984297000000030e+08 1.607898300000000000e+07 1.547510314000000060e+07
7.702660123000000417e+07 1.009359947989999950e+08 1.631861700000000000e+07 6.095068510000000242e+05
1.019736938599999845e+08 1.135312195999999940e+08 1.170425100000000000e+07 2.009965142100000009e+07
