6.834867832599999011e+07 1.103343613170000017e+08 1.778585900000000000e+07 8.995783090000000084e+05
1.271274178900000006e+08 6.624037392999999970e+07 1.075209500000000000e+07 1.498430530130000114e+08
9.342405725000000000e+07 8.709138312999999523e+07 1.419059900000000000e+07 4.951607444000000134e+06
8.151093305000001192e+07 9.708447965299999714e+07 1.558035700000000000e+07 6.706322580000000307e+05
9.835123946999999881e+07 1.130732592999999970e+08 1.204097600000000000e+07 1.886175420899999887e+07
7.505570479299998283e+07 1.042338726299999952e+08 1.614005500000000000e+07 2.466706551800000016e+06
6.823021405210000277e+07 1.288971459000000060e+08 1.598834000000000000e+07 1.486646202999999933e+07
8.775650972300000489e+07 9.579638128000000119e+07 1.423780400000000000e+07 3.850353224799999967e+06
1.049713543400000036e+08 8.271051267800000310e+07 1.325864900000000000e+07 5.967459009999999544e+05
1.021863146659999937e+08 8.375554029600000381e+07 1.356738300000000000e+07 2.728681766000000061e+05
1.167998624200000167e+08 8.397130900000000000e+07 1.204197500000000000e+07 4.378859919999999925e+06
8.968546094999998808e+07 9.080138433599999547e+07 1.446993100000000000e+07 1.023334540000000037e+06
1.158149258299999982e+08 7.836261168199999630e+07 1.261163800000000000e+07 3.984068379999999888e+05
1.124521133900000006e+08 8.083563533999998868e+07 1.263907300000000000e+07 1.369923682999999961e+06
1.043070958400000036e+08 1.230816060000000000e+08 1.119164500000000000e+07 2.677569890900000185e+07
1.099519162269999981e+08 7.267764880730000138e+07 1.179190500000000000e+07 1.728677992899000049e+08
6.665133281999999285e+07 1.098908841200000048e+08 1.770320900000000000e+07 3.081601756599999964e+07
1.280846885400000066e+08 7.295136329999999702e+07 1.023500900000000000e+07 1.733231145399999917e+08
1.181883909700000435e+08 1.152352934000000060e+08 1.016932500000000000e+07 9.057810326999999583e+07
1.057708189140000045e+08 7.471615197030000389e+07 1.212902800000000000e+07 1.746316865643999875e+08
1.169738319640000015e+08 6.971572072011999786e+07 1.131641600000000000e+07 1.648275280715099871e+08
6.376530807999999076e+07 1.164658042500000000e+08 1.858425800000000000e+07 1.349516438000000082e+06
1.078458215250000060e+08 7.366401070199999213e+07 1.195972500000000000e+07 1.739198097066999972e+08
9.742117143999999762e+07 8.611174404799999297e+07 1.382856800000000000e+07 6.356909519999999320e+05
1.177727983299999982e+08 1.073471349000000060e+08 1.077996900000000000e+07 2.038514696000000089e+07
1.152759393199999928e+08 1.305267590000000000e+08 1.024225400000000000e+07 4.194171510000000149e+07
6.209482865699999779e+07 1.195495676299999952e+08 1.858001600000000000e+07 2.851910957000000402e+06
6.538710775999998301e+07 1.409105045999999940e+08 1.612138800000000000e+07 2.051776767999999970e+07
1.187020162800000012e+08 7.646819300000000000e+07 1.234762600000000000e+07 9.822016500000000000e+06
7.166947548499999940e+07 1.193718830999999940e+08 1.572093100000000000e+07 1.087518821099999920e+07
1.063710721900000423e+08 1.104429657999999970e+08 1.145405400000000000e+07 1.945567504899999872e+07
1.030996441099999994e+08 1.460029490000000000e+08 1.079210500000000000e+07 5.587845900000000000e+07
1.268088368649999946e+08 6.718709105200000107e+07 1.084177500000000000e+07 1.293756776280000061e+08
1.172908021099999845e+08 8.180531609999999404e+07 1.201323500000000000e+07 1.081638509999999963e+07
1.179700274500000179e+08 8.678321200000000000e+07 1.142006300000000000e+07 2.971108430000000075e+07
1.028715267800000012e+08 8.532748443000000715e+07 1.319407200000000000e+07 1.871154149999999907e+06
8.978069169000001252e+07 1.261465392000000030e+08 1.214745200000000000e+07 8.748280390999999642e+07
4.756092315000000596e+07 2.581324270999999940e+08 3.550905000000000000e+07 2.124521450000000000e+07
1.148765888990000039e+08 7.054984611549000442e+07 1.145345100000000000e+07 1.665296483679299951e+08
1.272169548279999942e+08 7.082385596000000834e+07 1.067420300000000000e+07 1.198780325610000044e+08
8.622069987000001967e+07 1.587309920000000000e+08 1.200427600000000000e+07 5.948113800000000000e+07
6.657307170000034571e+07 1.127062397360000014e+08 1.825556100000000000e+07 7.011255920000000624e+05
7.634316727000001073e+07 1.091811942999999970e+08 1.534522600000000000e+07 7.069301821999999695e+06
9.513436718000000715e+07 8.386846197100000083e+07 1.352820400000000000e+07 4.704366345700000226e+07
5.215562464999999851e+07 2.264730089300000072e+08 3.641994100000000000e+07 1.458948605999999912e+06
1.235319859329999983e+08 6.989084543400000036e+07 1.120631800000000000e+07 9.420462601700000465e+07
5.836802915200000256e+07 1.251464773379999995e+08 2.023032800000000000e+07 8.560727939999999944e+05
5.981021310000000149e+07 1.455027096999999881e+08 1.741943200000000000e+07 1.899099175000000000e+07
6.045109450100007653e+07 1.219331283700000048e+08 1.956345300000000000e+07 9.624295180000000400e+05
9.377540007999999821e+07 1.517912110000000000e+08 1.139239500000000000e+07 5.784262800000000000e+07
1.212722459899999946e+08 6.813027687000000477e+07 1.106132000000000000e+07 1.587781116040000021e+08
9.893052912999999523e+07 1.297343170000000000e+08 1.144188400000000000e+07 2.941950787000000104e+07
6.836923121000000834e+07 1.780633140000000000e+08 1.445891100000000000e+07 5.288467320000000298e+07
1.215269017600000054e+08 1.022808887999999970e+08 1.029422700000000000e+07 6.732941337999999523e+07
4.993131745000000298e+07 2.318092313499999940e+08 3.634899400000000000e+07 4.386457803999999538e+06
5.319437928999999911e+07 1.542495090999999940e+08 1.927013200000000000e+07 1.840847285000000149e+07
1.162460739009999931e+08 1.089643839000000060e+08 1.079830700000000000e+07 2.070152941300000250e+07
1.099815436500000060e+08 1.245169070000000000e+08 1.075088000000000000e+07 2.896347828999999911e+07
1.063284124300000072e+08 1.184580545999999940e+08 1.083480000000000000e+07 9.103663904000000656e+07
1.221640040199999958e+08 7.425543640000000596e+07 1.139893900000000000e+07 6.214236820000000298e+07
1.148154240000000000e+08 1.404256770000000000e+08 1.016998200000000000e+07 5.413549300000000000e+07
1.195959844699999839e+08 7.341602400800000131e+07 1.182048000000000000e+07 4.787663216719999909e+07
5.536544952000000328e+07 1.805822190000000000e+08 1.762164400000000000e+07 3.734465689999999851e+07
1.253133323199999928e+08 7.370608037000000477e+07 1.070129900000000000e+07 1.117774793199999928e+08
8.010769499999998510e+07 1.649899630000000000e+08 1.267445600000000000e+07 5.886970500000000000e+07
1.111181903799999952e+08 1.055481720999999940e+08 1.128865900000000000e+07 1.737431346100000292e+07
4.809955847999999672e+07 2.440408370000000000e+08 3.606574800000000000e+07 1.161522741000000015e+07
1.225267310590000153e+08 7.325252473999999464e+07 1.067847000000000000e+07 1.469095548700000048e+08
8.178121191400000453e+07 1.034507950000000000e+08 1.469148500000000000e+07 6.101642190000000410e+06
5.212192178000000864e+07 1.443241647599999905e+08 2.160779500000000000e+07 5.928089824000000022e+06
9.975085387600000203e+07 7.835379079899999499e+07 1.272075600000000000e+07 1.801032350347000062e+08
9.575298431999999285e+07 1.397250840000000000e+08 1.138858900000000000e+07 4.491810329999999702e+07
1.139935425990000069e+08 7.648126053499999642e+07 1.231537100000000000e+07 2.864431098200000077e+07
1.160950967300000042e+08 9.566895840000000596e+07 1.138572100000000000e+07 1.212627100000000000e+07
9.132638082999999821e+07 8.951296352700001001e+07 1.441863200000000000e+07 5.371097550000000047e+05
5.425473152100000530e+07 1.358357978400000036e+08 2.123568000000000000e+07 2.891806745000000112e+06
5.990016622999999672e+07 1.188412413700000048e+08 1.948483300000000000e+07 2.339907723000000045e+07
7.793383394099998474e+07 1.031187311700000018e+08 1.549445300000000000e+07 3.831457594000000041e+06
8.547455115000000596e+07 9.395044337000000477e+07 1.501606600000000000e+07 7.698452770000000019e+05
9.016065740899999440e+07 1.155056202000000030e+08 1.251850800000000000e+07 5.498614595000000298e+07
9.699138164000000060e+07 1.226903284000000060e+08 1.148051000000000000e+07 9.179182000000000000e+07
1.088007554845000058e+08 7.447243439190000296e+07 1.181906000000000000e+07 1.491940845895900130e+08
5.625527064400000125e+07 1.281931550699999928e+08 2.022402400000000000e+07 2.433070933199999854e+06
1.166712708599999994e+08 9.110190800000000000e+07 1.142522600000000000e+07 2.039416980000000075e+07
1.193957637230000049e+08 7.465550337600000203e+07 1.196955800000000000e+07 3.272444805000000075e+07
1.099874239599999934e+08 8.044971004600000381e+07 1.298477700000000000e+07 3.799109079999999958e+05
1.244812330869999975e+08 6.741570680309998989e+07 1.081713200000000000e+07 1.633519062660000026e+08
5.041230607999999821e+07 1.724096895000000000e+08 2.075295800000000000e+07 2.378378330000000075e+07
9.706213432700000703e+07 9.394808420000000298e+07 1.313570800000000000e+07 6.117345747100000270e+06
1.140216646800000221e+08 9.013586959999999404e+07 1.181936100000000000e+07 8.073691799999999814e+06
5.638380178999999911e+07 1.893894030000000000e+08 1.719259400000000000e+07 4.420574189999999851e+07
5.088823713000000268e+07 1.775866735000000000e+08 2.023622200000000000e+07 2.764145539999999851e+07
5.432595049000000209e+07 1.610573533000000119e+08 1.852643700000000000e+07 2.439813580000000075e+07
9.801302746999999881e+07 1.385088400000000000e+08 1.132401100000000000e+07 3.548743110000000149e+07
1.025186120460000038e+08 1.010389675000000000e+08 1.219519200000000000e+07 1.240431512699999847e+07
9.572331991699999571e+07 8.367206867700000107e+07 1.288401900000000000e+07 1.576308468919999897e+08
7.709608576999999583e+07 1.680876480000000000e+08 1.306674900000000000e+07 5.718224500000000000e+07
1.030156196500000060e+08 8.023678700000000000e+07 1.239556200000000000e+07 9.130946900000000000e+07
7.085940535899999738e+07 1.082161813599999994e+08 1.685839600000000000e+07 2.567472789300000295e+06
8.587221361000001431e+07 1.585649340000000000e+08 1.205965000000000000e+07 5.270126900000000000e+07
1.211337441700000018e+08 1.038217355000000000e+08 1.023384300000000000e+07 7.271570873000000417e+07
1.135493171200000048e+08 1.209395920000000000e+08 1.057753500000000000e+07 2.889865450000000000e+07
6.255868970999999344e+07 1.853997200000000000e+08 1.563714400000000000e+07 4.944685889999999851e+07
7.712765376000000536e+07 1.007226331060000062e+08 1.627430100000000000e+07 7.204985009999999311e+05
8.498832098000001907e+07 1.189794032999999970e+08 1.331449200000000000e+07 1.794830094000000134e+07
8.731707985000000894e+07 1.149053187999999970e+08 1.316944100000000000e+07 1.634770718799999915e+07
1.285347641110000014e+08 6.616323294200000167e+07 1.071893400000000000e+07 1.412324824869999886e+08
4.758112563000000268e+07 2.552870610999999940e+08 3.563685200000000000e+07 1.916414050000000000e+07
1.223616399720000029e+08 7.081583234499999881e+07 1.136396800000000000e+07 8.193111949899999797e+07
9.676979484000000358e+07 1.305343540000000000e+08 1.160381800000000000e+07 2.931625592999999970e+07
8.926431260999999940e+07 1.397360690000000000e+08 1.202136900000000000e+07 3.880967610000000149e+07
