8.000155330300000310e+07 1.030051393599999994e+08 1.505559300000000000e+07 5.038515155000000261e+06
9.483651304999999702e+07 8.508030806000000238e+07 1.369227100000000000e+07 2.783745941000000015e+07
1.285119764500000179e+08 7.336880110000000894e+07 1.021899400000000000e+07 1.623921573499999940e+08
8.663122560999999940e+07 1.009522667000000030e+08 1.402146400000000000e+07 6.890895247000000440e+06
1.166063186899999976e+08 8.412887459999999404e+07 1.203928300000000000e+07 4.458880950000000186e+06
7.261888634999999404e+07 1.729744570000000000e+08 1.372972000000000000e+07 5.461012400000000000e+07
9.266294317000000179e+07 9.174894775000000000e+07 1.385314600000000000e+07 3.067029819999999832e+06
1.240651716539999992e+08 6.990282997100000083e+07 1.120964800000000000e+07 9.157889815700000525e+07
1.037131109000000209e+08 8.673452687999999523e+07 1.297425900000000000e+07 3.092022660000000149e+06
1.256384647936000228e+08 7.178507713259999454e+07 1.078316600000000000e+07 1.106590522673999965e+08
9.520107934000000358e+07 8.901297960000000894e+07 1.376914400000000000e+07 2.006968885000000009e+06
9.882275659999999404e+07 8.265570104000000656e+07 1.325711000000000000e+07 3.618296238499999791e+07
1.049471988819999993e+08 7.981473131100000441e+07 1.285964700000000000e+07 3.289730453000000119e+07
1.149595321899999976e+08 8.361765509999999404e+07 1.205500400000000000e+07 1.016226440000000037e+07
1.157635406400000155e+08 9.497429370000000298e+07 1.143998300000000000e+07 1.157592150000000000e+07
7.687128785999999940e+07 1.010152237939999998e+08 1.635660700000000000e+07 6.247326350000000093e+05
8.880205717000001669e+07 9.236645248000000417e+07 1.440655700000000000e+07 1.853522844000000041e+06
1.039356825600000024e+08 7.965455140999999642e+07 1.269861400000000000e+07 5.318349463000000268e+07
1.056905499000000060e+08 8.233100158799999952e+07 1.323376400000000000e+07 4.811692849999999744e+05
8.973599507000002265e+07 9.049777915299999714e+07 1.460736200000000000e+07 5.340273810000000522e+05
9.145801295999999344e+07 1.075210750999999940e+08 1.300396100000000000e+07 1.308042681900000013e+07
1.150558465199999958e+08 1.323068080000000000e+08 1.023331400000000000e+07 4.362899629999999702e+07
5.636635713900000602e+07 1.893637020000000000e+08 1.719814800000000000e+07 4.417978560000000149e+07
5.211095722999999672e+07 1.512875901999999881e+08 2.030395600000000000e+07 1.370014184999999963e+07
7.195801375789999962e+07 1.044165536053700000e+08 1.712028200000000000e+07 7.299011226250000298e+06
5.789919192000000179e+07 1.231558991250000000e+08 1.977253600000000000e+07 3.042217508599999920e+07
1.169843829899999797e+08 1.090069814000000060e+08 1.074392200000000000e+07 2.156512136000000313e+07
1.101941392950000018e+08 9.294248159999999404e+07 1.196799500000000000e+07 8.925070499329999089e+06
6.896387631000000238e+07 1.077509504907000065e+08 1.768787600000000000e+07 7.788571826039999723e+06
1.113783817000000179e+08 7.666168792000000179e+07 1.133699500000000000e+07 1.825297902500000000e+08
9.662403445000000298e+07 8.204742640000000596e+07 1.318549400000000000e+07 7.697779091200000048e+07
1.230012146800000221e+08 6.804991254700000584e+07 1.101537000000000000e+07 1.396148359000000060e+08
9.522461762999999523e+07 1.448249230000000000e+08 1.135780500000000000e+07 4.858285520000000298e+07
1.072352970000000000e+08 1.361287160000000000e+08 1.061870100000000000e+07 4.741220750000000000e+07
1.172410565800000429e+08 1.231299800000000000e+08 1.023992100000000000e+07 3.802852970000000298e+07
1.023894730000000000e+08 8.363740370200000703e+07 1.351649900000000000e+07 3.671652650000000140e+05
8.327731572599999607e+07 9.730443042000000179e+07 1.492565500000000000e+07 2.750445502799999900e+06
1.195012455269999951e+08 7.319146542800000310e+07 1.176680000000000000e+07 5.258555836299999803e+07
8.789181554899999499e+07 8.738043984909999371e+07 1.417821300000000000e+07 1.218508575887999982e+08
9.135621734000000358e+07 8.534206934000000358e+07 1.382173600000000000e+07 7.218339360500000417e+07
1.141901627500000000e+08 8.796888740000000596e+07 1.193665800000000000e+07 6.667106400000000373e+06
1.102570225499999970e+08 1.278708230000000000e+08 1.065783500000000000e+07 3.152552332999999821e+07
1.000862385400000066e+08 1.111821744000000060e+08 1.195851100000000000e+07 1.818914071900000051e+07
8.730225025000000000e+07 1.344207010000000000e+08 1.245751000000000000e+07 2.855661905999999866e+07
7.204751020000001788e+07 1.191452499000000060e+08 1.564281300000000000e+07 1.104489032799999975e+07
6.435093517999999970e+07 1.153610870349999964e+08 1.863722400000000000e+07 1.019149557999999961e+06
1.103939661299999952e+08 8.031286568600000441e+07 1.295534400000000000e+07 3.724005100000000093e+05
6.623263001600000262e+07 1.159997510400000066e+08 1.740983100000000000e+07 4.618809814000000246e+06
1.139235836299999952e+08 1.407553850000000000e+08 1.021243600000000000e+07 5.417031200000000000e+07
7.230210399000000954e+07 1.060210909599999934e+08 1.685630000000000000e+07 1.327064302999999840e+06
1.085876540139999986e+08 7.330709530200000107e+07 1.190206700000000000e+07 1.728914340628699958e+08
5.007149413000000268e+07 2.312829489799999893e+08 3.635758300000000000e+07 4.091217518999999855e+06
7.382739770299999416e+07 1.076724336200000048e+08 1.604660900000000000e+07 4.520646634999999776e+06
5.392928181800000370e+07 1.381393670999999940e+08 2.171711600000000000e+07 2.427697915599999949e+06
1.194743504699999839e+08 7.509512712420000136e+07 1.205622000000000000e+07 2.641371998369999975e+07
1.046823100300000012e+08 8.952226269999998808e+07 1.265917400000000000e+07 5.313524220000000671e+06
1.003132841959999949e+08 7.914615015500000119e+07 1.248927300000000000e+07 1.743690252380000055e+08
1.236314856159999967e+08 7.120426342399999499e+07 1.137287500000000000e+07 7.432661646099999547e+07
5.211427650000001490e+07 2.265339125399999917e+08 3.641952900000000000e+07 1.490627652000000002e+06
1.199782637199999988e+08 9.208714770999999344e+07 1.093496700000000000e+07 4.312354295000000298e+07
6.381040178000000864e+07 1.199244690199999958e+08 1.782371500000000000e+07 5.175811313999999315e+06
6.049601482999999821e+07 1.769156710000000000e+08 1.624101700000000000e+07 3.951276189999999851e+07
1.206788162199999988e+08 1.057627485999999940e+08 1.019108400000000000e+07 7.697918140999999642e+07
7.482686725000000000e+07 1.029912285100000054e+08 1.664956200000000000e+07 7.545236139999999432e+05
7.338148598999999464e+07 1.570170080000000000e+08 1.385202300000000000e+07 4.366246300000000000e+07
4.774419583000000566e+07 2.496449749000000060e+08 3.586878900000000000e+07 1.524904334999999963e+07
7.644254868000000715e+07 1.020753729500000030e+08 1.605218100000000000e+07 1.772466330000000075e+06
1.035073070499999970e+08 1.458957390000000000e+08 1.076817300000000000e+07 5.585307800000000000e+07
1.053371585799999982e+08 1.169793510000000000e+08 1.130270100000000000e+07 2.319216531399999931e+07
1.284585134259999841e+08 6.674791577899999917e+07 1.078612300000000000e+07 1.305109217460000068e+08
9.305874831000000238e+07 8.372988456999999285e+07 1.355194400000000000e+07 9.197721260400000215e+07
6.688209981299999356e+07 1.091781944117999971e+08 1.786929500000000000e+07 1.807950308419999853e+07
5.915231406000000238e+07 1.645254839000000060e+08 1.690858100000000000e+07 3.056597958999999985e+07
1.067235074019999951e+08 7.929024724199999869e+07 1.282491900000000000e+07 2.759114014299999923e+07
1.135354127150000036e+08 1.037658110000000000e+08 1.118864800000000000e+07 1.675942781299999915e+07
6.238817908600000292e+07 1.186017168100000024e+08 1.868619000000000000e+07 2.078826564500000095e+06
1.180616381500000060e+08 1.219997120000000000e+08 1.018522900000000000e+07 4.289264470000000298e+07
5.214459833000000566e+07 1.442068436899999976e+08 2.161008300000000000e+07 5.861083518000000156e+06
9.120596229999999702e+07 1.378150090000000000e+08 1.192098200000000000e+07 3.307292950000000000e+07
5.409134276000000536e+07 1.745010100000000000e+08 1.820802300000000000e+07 3.262467480000000075e+07
9.142092634999999404e+07 1.002522602999999970e+08 1.340403800000000000e+07 8.280302980999999680e+06
4.843790354999999702e+07 2.405651693000000119e+08 3.616595500000000000e+07 9.469578039999999106e+06
9.514833312000000477e+07 8.736929913899999857e+07 1.402949400000000000e+07 5.825534810000000289e+05
1.148172737800000012e+08 8.417540679999999702e+07 1.201452000000000000e+07 1.128724259999999963e+07
1.170093031400000155e+08 7.694530279899999499e+07 1.245476500000000000e+07 7.084218781999999657e+06
1.293918979740000069e+08 6.620700515999999642e+07 1.070491100000000000e+07 1.386767310020000041e+08
5.973158098900000006e+07 1.223735221899999976e+08 1.928420600000000000e+07 2.428402987399999984e+06
6.244153475999999791e+07 1.484309825000000000e+08 1.655492000000000000e+07 2.330265878999999911e+07
1.189119468499999940e+08 1.114774355999999940e+08 1.017031500000000000e+07 8.519142212000000477e+07
9.810340312999999523e+07 1.372811870000000000e+08 1.125261800000000000e+07 4.235915860000000149e+07
8.435623171500000358e+07 9.049699770200000703e+07 1.469366600000000000e+07 1.114499097066999972e+08
9.098912120999999344e+07 8.726112976399999857e+07 1.412640800000000000e+07 2.426032521799999848e+07
1.135884446800000072e+08 1.024925946200000048e+08 1.084702600000000000e+07 5.606819453000000119e+07
1.148019889599999934e+08 7.888512839699999988e+07 1.264751500000000000e+07 4.839808180000000284e+05
1.204591046500000060e+08 7.553657629000000656e+07 1.064630200000000000e+07 1.824125488100000024e+08
8.350542185999999940e+07 1.566457860000000000e+08 1.243165900000000000e+07 4.143807279999999702e+07
8.776556681000001729e+07 1.251282338499999940e+08 1.244151500000000000e+07 8.148156881999999285e+07
1.080654140900000036e+08 1.141158549000000060e+08 1.118154200000000000e+07 2.245183080999999866e+07
7.885566348999999464e+07 1.663203490000000000e+08 1.283252200000000000e+07 5.817818800000000000e+07
1.132707846299999952e+08 7.662576321000000834e+07 1.117480300000000000e+07 1.751812702800000012e+08
7.074309422999998927e+07 1.154519080999999940e+08 1.620016100000000000e+07 7.580836649999999441e+06
9.116581404999999702e+07 8.955942371199999750e+07 1.444164600000000000e+07 5.556687419999999693e+05
5.796341510100000352e+07 1.251229419300000072e+08 1.991787000000000000e+07 1.838433523000000045e+06
1.253913453830000013e+08 6.739053191179999709e+07 1.074079200000000000e+07 1.634735258619999886e+08
8.086622717000000179e+07 1.259316179000000060e+08 1.364666200000000000e+07 2.064274714999999851e+07
8.854522862000000477e+07 1.250918402000000030e+08 1.256805200000000000e+07 2.625957200000000000e+07
1.023012338799999952e+08 1.369138170000000000e+08 1.103623900000000000e+07 3.579483320000000298e+07
6.536312714970000088e+07 1.147257225400000066e+08 1.800299200000000000e+07 2.177966637800000142e+06
5.656787274000000209e+07 1.887227370000000000e+08 1.713811300000000000e+07 4.337782860000000149e+07
6.692563756000000238e+07 1.118847549849999994e+08 1.806884000000000000e+07 1.025839849000000046e+06
6.430680678000000119e+07 1.583100560000000000e+08 1.572958700000000000e+07 3.456446039999999851e+07
7.634696385000000894e+07 1.688523310000000000e+08 1.317072300000000000e+07 5.685387300000000000e+07
1.187757185499999821e+08 7.276038604000000656e+07 1.159844100000000000e+07 7.189347581999999285e+07
1.092272605699999928e+08 8.157502490000000596e+07 1.133597200000000000e+07 1.924745474399999976e+08
7.040182851800000668e+07 1.071875895629999936e+08 1.741607500000000000e+07 2.955474647000000346e+06
1.029664445520000160e+08 7.630632366910000145e+07 1.239283600000000000e+07 1.732588017071999907e+08
8.562764532000000775e+07 9.346353322900000215e+07 1.502175500000000000e+07 7.846895820000000531e+05
8.365032749000000954e+07 1.283401148400000036e+08 1.293059000000000000e+07 7.655118696999999881e+07
1.111704988799999952e+08 7.563437559999999404e+07 1.202439100000000000e+07 7.554467712000000477e+07
4.756171529999999702e+07 2.576479246999999881e+08 3.553162300000000000e+07 2.088402900000000000e+07
8.625724357000000775e+07 1.294708669000000060e+08 1.274090400000000000e+07 2.512503903999999911e+07
8.105086671000000834e+07 9.749725173600000143e+07 1.553204900000000000e+07 1.038161131000000052e+06
1.022985540699999928e+08 8.263966832000000775e+07 1.200591600000000000e+07 1.859315732400000095e+08
5.604696970100000501e+07 1.286697795100000054e+08 2.021605200000000000e+07 2.700810529000000097e+06
7.877726688000001013e+07 9.929467496999999881e+07 1.608482900000000000e+07 5.329476149999999907e+05
1.023486531519999951e+08 8.085545011699999869e+07 1.308145600000000000e+07 3.342748593600000069e+07
8.113089488899999857e+07 1.609448890000000000e+08 1.266423700000000000e+07 4.342295989999999851e+07
5.316198694000000507e+07 1.401248120699999928e+08 2.168323900000000000e+07 3.546330177000000607e+06
1.231091728700000048e+08 7.160490729999999702e+07 1.119513300000000000e+07 8.588448868000000715e+07
1.188376954130000025e+08 7.473527301929999888e+07 1.201270700000000000e+07 3.170178724859999865e+07
9.489077304299999774e+07 8.191662412360000610e+07 1.322259700000000000e+07 1.560125343928999901e+08
8.927604575999999046e+07 1.416451890000000000e+08 1.204665000000000000e+07 3.400046971999999881e+07
1.227443072900000066e+08 7.442666157000000775e+07 1.062958800000000000e+07 1.448598380999999940e+08
5.369024640999999642e+07 1.408609716999999881e+08 1.984942700000000000e+07 9.863695810000000522e+06
7.214147765300001204e+07 1.028340929300000072e+08 1.677351500000000000e+07 2.524834769663000107e+07
9.359079766590000689e+07 8.690419260537000000e+07 1.413937300000000000e+07 5.943371926249999553e+06
9.527941470999999344e+07 1.346916440000000000e+08 1.163074300000000000e+07 3.155712842000000179e+07
9.340809640000000596e+07 8.934256078999999166e+07 1.295023200000000000e+07 1.558456363600000143e+08
5.443322981000000238e+07 1.783557710000000000e+08 1.799431600000000000e+07 3.539646610000000149e+07
7.010963964139999449e+07 1.047823081154900044e+08 1.714219000000000000e+07 3.826169236793000251e+07
8.680935289900000393e+07 8.829576740530000627e+07 1.433978500000000000e+07 1.191698795134000033e+08
8.191477356000000238e+07 9.387046596400000155e+07 1.533300800000000000e+07 1.858781560799999908e+07
9.774986125000000000e+07 8.585021683799999952e+07 1.384727700000000000e+07 4.786831550000000279e+05
1.010189752965999991e+08 7.809741361797000468e+07 1.258990900000000000e+07 1.335887784282499999e+08
8.728604693000002205e+07 1.570813950000000000e+08 1.190703100000000000e+07 5.890981900000000000e+07
6.856220959000000358e+07 1.678355700000000000e+08 1.458025200000000000e+07 3.990490360000000149e+07
9.498829915000000596e+07 1.255810972000000030e+08 1.160212800000000000e+07 9.466115768999999762e+07
1.077690384000000060e+08 7.442487689000000060e+07 1.201239700000000000e+07 1.392810445990000069e+08
1.174490873499999940e+08 6.992271095999999344e+07 1.131077800000000000e+07 1.484006482509999871e+08
