1.2518928951000002E8 1.245254012E8 1.3767119E7 1.052231245E8
1.0522933849E8 1.104025713E8 1.799128E7 9513218.856
1.3294022234000002E8 7.83037217E7 1.5058088E7 1.1974701556E8
1.0639660865E8 9.7481540695E7 1.9250866E7 549162.482
8.983016613999999E7 1.0802767856E8 2.1804677E7 2.6393669119E7
1.09578566883E8 9.42162089288E7 1.8871391E7 2872550.75185
1.2326312511200002E8 1.29356338E8 1.4431049E7 2.77218377789E7
7.209525000999999E7 1.98711304E8 2.1976675E7 4.90381155E7
1.2426155823E8 8.71138602E7 1.6797779E7 1.725452175E7
1.1469262207000002E8 1.105182148E8 1.6239822E7 1.3816667976E7
1.209014735E8 1.096548336E8 1.5624535E7 1.47456318E7
1.0922677325E8 1.317710108E8 1.5670306E7 9.409170784E7
1.2842806245E8 7.7665459658E7 1.5046398E7 1.675805563031E8
1.2620169943100002E8 8.334473482E7 1.6263951E7 4.983995923E7
1.18037135213E8 1.130413197E8 1.5654884E7 1.6470955113E7
9.314832547E7 1.182952306E8 2.011533E7 8123838.501999999
6.258368457000001E7 1.540472788E8 2.8265564E7 7705593.100000001
8.032820775999999E7 1.79772792E8 2.0009007E7 4.97250291E7
8.646709214000002E7 1.33859842E8 2.0603701E7 1.512893949E7
7.604490355E7 1.93664139E8 2.0902078E7 4.61763431E7
7.8281286494E7 1.2923795215E8 2.343262E7 6374662.134
1.1905113896000002E8 8.9287109149E7 1.7475803E7 752420.2069999999
1.3576288726E8 7.3398908919E7 1.4600373E7 1.7607678149E8
1.0401872333E8 1.249748799E8 1.7270873E7 1.880352459E7
8.499546135E7 1.1618955527E8 2.2898836E7 1303395.023
5.848782473E7 2.526267948E8 4.6416251E7 1.1183919420000002E7
1.0159622991E8 1.63385932E8 1.6128789E7 5.5227277E7
8.5456377538E7 1.11993580278E8 2.2507429E7 6.323442259938E7
8.233644967999999E7 1.78003528E8 1.9567266E7 5.12434854E7
9.4419689863E7 1.1074961001E8 2.0428741E7 4187310.717
8.251048738999999E7 1.483009113E8 2.0781852E7 2.215073364E7
1.2066433413E8 9.338838848E7 1.6871791E7 3731447.72
1.1689133961E8 9.185473949E7 1.7450864E7 1872411.576
1.273925544E8 1.111127318E8 1.4321436E7 7.121699001E7
7.093054699000001E7 1.97276366E8 2.2354061E7 4.6967638E7
1.2250725967999998E8 8.80306583E7 1.6824397E7 1.75450824E7
1.3486647304E8 7.88417969E7 1.4465741E7 1.51784353E8
1.1334044049E8 8.71900459787E7 1.7308984E7 1.303082577607E8
1.0481756746E8 1.48312263E8 1.6126338E7 3.324473999E7
1.1777069033E8 1.2609959E8 1.5024808E7 2.4250741519E7
1.2668463670000002E8 1.199498944E8 1.386015E7 8.76326341E7
1.0194959587E8 1.00562037724E8 2.0049258E7 495985.993
6.057059920999999E7 2.4013969695E8 4.6743095E7 3858450.535
1.143372491E8 1.56401897E8 1.4371855E7 6.0284092E7
7.1963922177E7 1.285219202092E8 2.620584E7 3.451715758892E7
1.0835001712900002E8 1.038313142E8 1.795184E7 6058703.179
1.105049636E8 1.59339759E8 1.4844405E7 6.0670956E7
7.7816155201E7 1.204901588855E8 2.4481493E7 3.780396402944E7
1.2918848511E8 8.372295664E7 1.4457521E7 1.9296475826E8
1.370299999E8 8.2897489E7 1.3865112E7 1.7949470114E8
1.2745208877E8 7.8820605287E7 1.5090384E7 1.83139181432E8
1.30507713158E8 7.52602014232E7 1.4965901E7 1.815221508549E8
1.1417602011E8 9.081869762E7 1.8168027E7 4101110.241
1.1660410662E8 1.2518145215E8 1.4736097E7 8.927308481E7
6.647728876000001E7 1.3852247137E8 2.8196428E7 3.170642623E7
1.2400592283999996E8 9.08604072E7 1.6822351E7 5252091.4
1.273408301E8 1.186244874E8 1.3799567E7 9.570195161E7
8.740216825999999E7 1.1341681262E8 2.2734849E7 652828.179
8.088976580000001E7 1.2780063161E8 2.2676061E7 7443547.548
9.556076277E7 1.06349134489E8 2.1010014E7 659024.328
1.1019419641E8 1.38308833E8 1.5573465E7 2.977721523E7
7.310799296000001E7 1.3256348514E8 2.5154844E7 4262061.023
1.17928349084E8 1.047340938E8 1.6203702E7 1.09197323509E7
1.26342644552E8 8.447268566E7 1.4980622E7 1.421879699E8
1.3084320314000002E8 8.17515518E7 1.5065422E7 1.095463899E8
1.23302206E8 9.6050973E7 1.6108649E7 2.20263369E7
7.507170461000001E7 1.2761590388E8 2.5314257E7 1539240.678
7.337245885000001E7 1.598855784E8 2.2873134E7 2.34291582E7
7.0951143283E7 1.309948089288E8 2.6707414E7 1.485790195185E7
7.7247855735E7 1.2521996376E8 2.4485935E7 2207794.2498000003
9.381222717000002E7 1.07420570724E8 2.1504528E7 495985.993
6.769194867E7 1.556293078E8 2.5404467E7 1.489222622E7
8.545457642999998E7 1.24822535E8 2.1543454E7 8588803.68
1.2330785921E8 1.1551450345E8 1.4345258E7 7.535111368E7
9.633586989E7 1.420885404E8 1.7944408E7 2.541494998E7
1.2326116003000002E8 8.286348412E7 1.6253417E7 6.6539228048E7
1.2424694370000002E8 1.25178835E8 1.4409789E7 3.47024619E7
1.1687142872E8 1.49120772E8 1.433822E7 3.850953789E7
1.3363654218999998E8 8.246361471E7 1.4282269E7 1.5564960282E8
8.136647711E7 1.18946240252E8 2.316758E7 6.2097536501E7
9.5636846669E7 1.018831626274E8 2.0335087E7 1.102120904412E8
1.23698557466E8 7.95121070722E7 1.5846065E7 1.860984583905E8
1.2365325288E8 8.292141764E7 1.5436579E7 1.8017019367E8
1.232401047E8 1.39908128E8 1.3862838E7 4.6487352E7
1.16874311866E8 8.4634669266E7 1.6688388E7 1.688652376178E8
8.334147344E7 1.1541708212E8 2.3414482E7 1.0956879074E7
9.609806075E7 1.1262898431E8 1.9812055E7 6528337.183
7.658491282000001E7 1.2981847157E8 2.398552E7 5614675.4350000005
9.935329902E7 1.02618982037E8 2.0433271E7 579668.67
8.088334064199999E7 1.20256025976E8 2.4030002E7 1029785.133
1.225552627E8 1.075318821E8 1.5668578E7 1.34958443E7
1.1630320801E8 9.9982624E7 1.6819824E7 6743171.943
7.140831554E7 1.5274531987E8 2.3976657E7 2.820861192E7
8.624794321900001E7 1.84047037E8 1.8607805E7 5.9810104E7
8.97900855E7 1.186964952E8 2.0884082E7 6977228.774
1.012310688234E8 1.0249354468E8 1.9652198E7 2081761.7024
8.094969847799999E7 1.168536765476E8 2.3642268E7 4.322960435844E7
1.0794422174E8 1.3137499469E8 1.5908258E7 9.141835402E7
1.1735774006E8 9.025467375E7 1.6117829E7 1.7816370859E8
8.933606674000001E7 1.11624443612E8 2.2099437E7 1017645.011
1.059866729E8 1.63866121E8 1.5500537E7 4.95889223E7
1.1613878668E8 1.34075981E8 1.4842992E7 2.931586992E7
6.952661776E7 1.4166589508E8 2.5806315E7 6921446.477999999
1.169010423E8 1.44697503E8 1.4279811E7 4.70261157E7
1.0390355047E8 1.41980808E8 1.651665E7 2.892024935E7
1.2102578056E8 8.315598947E7 1.625136E7 9.428142096E7
6.144609300000001E7 1.90101349E8 2.6494048E7 3.09608491E7
7.419709794999999E7 1.98753531E8 2.1361482E7 5.1546159E7
1.1251629187E8 1.48369539E8 1.4896518E7 3.74409406E7
8.952018423000002E7 1.80079261E8 1.8010293E7 5.978052E7
1.1101962611200002E8 1.033986673E8 1.7459046E7 6981812.545
1.2879879687000002E8 1.156965579E8 1.3859812E7 9.124180704E7
1.3639488586E8 7.3440764725E7 1.4593379E7 1.71511773581E8
1.0441861764E8 9.7177719046E7 1.9292555E7 1.2010342291E7
6.2126007113E7 1.5630724851E8 3.0038441E7 4376116.359
9.6714921875E7 1.007734289523E8 2.0268899E7 1.246689037485E8
1.0134486232E8 1.65365849E8 1.6267207E7 4.25518165E7
9.936377052E7 1.67878695E8 1.652768E7 4.4242256E7
9.691671818E7 1.18844086E8 1.9125173E7 1.1122325319E7
6.209223642E7 1.966271043E8 2.5898651E7 3.5814243900000006E7
1.1808585313E8 1.39353607E8 1.443564E7 3.302473925E7
1.0998758548999998E8 1.1775111839E8 1.634648E7 4.236331192E7
1.2721172287E8 1.125395336E8 1.4337726E7 6.621750922E7
7.50221267E7 1.2500499137E8 2.5504338E7 1.355101523E7
9.34405211E7 1.74057666E8 1.7464435E7 4.42890118E7
1.23144533712E8 8.3025024311E7 1.656906E7 5.545532053E7
1.0180669686E8 1.252696924E8 1.7687593E7 1.777795645E7
8.281595897999999E7 1.88287293E8 1.9282689E7 5.7885351E7
7.9050679264E7 1.418962932E8 2.2197703E7 1.513777988E7
6.477676931099999E7 1.4511010568E8 2.8731397E7 2089228.0056
1.1198674132E8 9.356788044E7 1.6972276E7 1.68480447547E8
1.3033071925E8 7.699225738E7 1.4952981E7 1.50711415E8
1.2102588788999996E8 8.7440635964E7 1.7477956E7 2067258.708
1.1490057372E8 1.197730219E8 1.5673399E7 1.9877831001E7
1.24294149805E8 1.0250170678E8 1.5477309E7 3.268617762E7
1.0338221731E8 1.53289851E8 1.6213986E7 3.566498068E7
1.2485035905570003E8 9.9898043763E7 1.5478885E7 3.9192573062E7
9.1929481174E7 1.1154381936E8 2.1059399E7 3084175.3938
7.520463667999999E7 1.69507117E8 2.1862742E7 3.044455961E7
9.407348669E7 1.69658562E8 1.7434731E7 4.1527822E7
7.6447203122E7 1.2219396968366E8 2.4871534E7 3.648238209187E7
1.2109676518E8 1.195582038E8 1.5032421E7 2.1224261846E7
1.2094729282E8 1.00644182E8 1.6244055E7 8744801.9
1.1251453238E8 1.098749156E8 1.6646862E7 1.2543889356E7
5.939036713E7 1.775330825E8 3.0137116E7 1.518562379E7
1.32290336775E8 7.7679060696E7 1.4454247E7 1.82794083924E8
7.8808296436E7 1.2350706316E8 2.4051064E7 2352215.722
8.4485732814E7 1.150418673386E8 2.3326924E7 5838570.380759999
1.1222972160999998E8 9.3182505678E7 1.8555077E7 342849.374
9.1793609976E7 1.055348089666E8 2.1155669E7 9.86972390874E7
1.0396652646E8 1.072856332E8 1.8492501E7 6935068.448
8.942998322999999E7 1.4827460832E8 1.8919287E7 7.633743282E7
1.1380237473E8 9.2292209454E7 1.8081133E7 871254.3139999999
1.121621523E8 1.46581151E8 1.490991E7 4.35121097E7
1.2008142104E8 8.576000738E7 1.6781981E7 4.112297999E7
9.79452413E7 1.03797039966E8 2.0568205E7 810559.776
5.917846104E7 1.915527982E8 2.9427758E7 2.44487539E7
1.0154120041E8 9.64210244194E7 1.9314266E7 1.331658729519E8
1.3565033044E8 8.37546056E7 1.3839134E7 1.8797470322E8
8.151202830000001E7 1.408582074E8 2.1493368E7 1.66347765E7
1.18951046722E8 8.6355069403E7 1.7114933E7 2.9701860761E7
1.26308093683E8 8.3757522794E7 1.6451112E7 3.96901326805E7
1.0743767199E8 1.34511319E8 1.6219544E7 2.574805072E7
1.2248026374E8 8.61175957E7 1.6741702E7 2.854416627E7
8.3439588145E7 1.189692621E8 2.2840461E7 2913402.416
1.09819752362E8 8.967654235800001E7 1.7853345E7 1.572779625753E8
9.444192369E7 1.44440886E8 1.8222858E7 2.59510101E7
7.512905644399999E7 1.2392651474377E8 2.5257598E7 3.570599417508E7
6.686205638E7 1.786931093E8 2.4399364E7 3.06919414E7
6.8788620882E7 1.3716588823E8 2.7119145E7 2169722.7429
1.2623743719E8 8.204628986E7 1.5038663E7 1.8492533623E8
1.1038772542E8 1.0511630016E8 1.733329E7 1.071180226E7
6.632827117E7 1.4191760935E8 2.8235174E7 1753181.145
1.1483148058E8 8.7681550313E7 1.7430596E7 5.6970897415E7
1.12376770617E8 9.579450931E7 1.7848905E7 2915849.0489
7.720436981E7 1.4569817532E8 2.2384882E7 3.215749715E7
1.14385200572E8 9.01436206824E7 1.7940321E7 9891532.07752
6.790989528E7 2.05819241E8 2.3321249E7 4.77750001E7
8.316816413E7 1.1837836288E8 2.3224067E7 1539489.932
1.17017156627E8 1.079459451E8 1.6085793E7 1.2831750606E7
6.945903878E7 1.694146324E8 2.3841359E7 2.575694502E7
1.0427849777E8 1.0001653754E8 1.9200583E7 1972580.35
1.3068906679E8 8.005833003E7 1.5540349E7 8.987499953E7
5.779943538999999E7 2.655307697E8 4.5785524E7 2.01103598E7
1.33458227433E8 7.6496374023E7 1.5028557E7 1.30125856714E8
1.0207445542E8 1.173071397E8 1.8126113E7 1.2789159469E7
7.602726652E7 1.75652599E8 2.1322427E7 3.79680675E7
9.4718071764E7 1.05294677844E8 2.0199796E7 1.09887479727E8
1.0591091749E8 1.15734225E8 1.7472371E7 1.353018937E7
8.322053023999998E7 1.271562846E8 2.2079913E7 8000604.313
1.0983442006E8 9.2308112932E7 1.8438516E7 2.2040498859E7
6.267168519000001E7 1.5171921306E8 2.8587032E7 5834947.78
6.441102691E7 1.499302379E8 2.7564279E7 7411928.96
1.211179227E8 1.47926337E8 1.3850848E7 5.1010269E7
1.1689163484E8 9.0101582437E7 1.77793E7 598857.959
1.2286128710000002E8 1.169823102E8 1.507038E7 1.98047642E7
1.288446446E8 7.9776500622E7 1.5652911E7 9.044809231E7
1.32144495331E8 7.6936075163E7 1.5161052E7 1.24275586144E8
1.1984312612999998E8 1.35277127E8 1.4441395E7 3.0458882208E7
7.501352805E7 1.361697054E8 2.4005101E7 8223065.348
8.529552853999999E7 1.532376208E8 1.9795384E7 2.93809453E7
1.185254359E8 1.288618438E8 1.4364802E7 8.34079456E7
1.3579377222000003E8 7.62666341E7 1.4412013E7 1.669076535E8
9.730360071E7 1.0170890137E8 2.034689E7 2.453348923E7
1.14291236652E8 1.029902598E8 1.6840909E7 8545654.422
7.494343358999999E7 1.3178540594E8 2.4517381E7 4919395.782
1.0413552504E8 9.4229469506E7 1.8851036E7 1.357796082644E8
6.4926731525E7 1.548312021E8 2.6812352E7 1.128421266E7
1.21658191748E8 1.1344870148E8 1.4632549E7 6.91770584E7
9.347899447100002E7 1.039911317745E8 2.0730633E7 1.018966506225E8
1.23534460413E8 8.3733360773E7 1.6518741E7 4.6158907387E7
9.6994203075E7 1.71677825E8 1.6876383E7 4.50982089E7
1.0724072689E8 1.58295317E8 1.5481693E7 4.050197819E7
1.1885698088E8 9.509014035E7 1.6865606E7 4676265.78
6.160198793E7 1.770609655E8 2.7019623E7 2.205791294E7
1.18166519094E8 8.394397733860001E7 1.6674483E7 1.1723849628076E8
1.085041715E8 9.65022887E7 1.8669768E7 1447133.071
7.029498061500001E7 1.3484782313000005E8 2.642803E7 2708121.682
1.1681531216E8 1.167527909E8 1.558461E7 1.8413598165E7
8.453109394799998E7 1.8240118E8 1.9060138E7 4.4479592E7
6.878726466174E7 1.33962917166171E8 2.7293118E7 3.2846767583122E7
7.854852709E7 1.83855948E8 2.0421362E7 4.17949845E7
1.31559222698E8 8.144053580000001E7 1.4315861E7 1.7810443411E8
1.0265950625E8 1.223516628E8 1.7689029E7 1.6333749597E7
1.0865759479E8 1.137043851E8 1.7075931E7 1.394280618E7
6.596327174999999E7 2.08549564E8 2.402266E7 4.69755657E7
8.0219563663E7 1.1890051137E8 2.4170465E7 1.070067723E7
9.188041575E7 1.67455741E8 1.7899769E7 3.903280783E7
9.175047794E7 1.318239186E8 1.9429134E7 1.700991879E7
6.435785145999999E7 2.03347677E8 2.4703014E7 4.21359703E7
6.042991908E7 1.659056124E8 3.0505392E7 8065727.48
6.060852657E7 1.915594867E8 2.7465818E7 2.92263191E7
9.462278218E7 1.4215167432E8 1.8029813E7 7.938451891E7
1.28090262145E8 7.66965176602E7 1.5260619E7 1.82910024975E8
9.8163154537E7 1.0709788689E8 1.9870278E7 3641137.5014
7.882331542E7 1.75067331E8 2.0580848E7 3.708074933E7
1.3159175574E8 7.938424666999999E7 1.4382519E7 1.94508972825E8
9.399074128E7 1.04731118731E8 2.1114897E7 1.5758910587E7
9.494564026E7 1.47656173E8 1.7942533E7 2.877280618E7
1.14129557615E8 9.689240705E7 1.7384137E7 4441637.7797
8.938379991E7 1.353449632E8 1.9824678E7 1.737470789E7
1.2122233279999998E8 1.244958346E8 1.4261582E7 6.91396988E7
6.150308534E7 1.743893574E8 2.7195769E7 2.056200442E7
1.2779135326E8 8.25021457E7 1.5672423E7 7.9545597E7
