1.251892895100000203e+08 1.245254012000000030e+08 1.376711900000000000e+07 1.052231245000000000e+08
1.123131687339999974e+08 9.656501934000000358e+07 1.777503700000000000e+07 3.425946047199999914e+06
1.052293384899999946e+08 1.104025712999999970e+08 1.799128000000000000e+07 9.513218856000000611e+06
1.329402223400000185e+08 7.830372170000000298e+07 1.505808800000000000e+07 1.197470155600000024e+08
1.063966086500000060e+08 9.748154069499999285e+07 1.925086600000000000e+07 5.491624819999999600e+05
1.221775988500000238e+08 9.915875559999999404e+07 1.627599900000000000e+07 7.963387400000000373e+06
1.333409019399999976e+08 7.793077336999998987e+07 1.431125100000000000e+07 1.919688696069999933e+08
1.211350898780000061e+08 8.465788722900000215e+07 1.677163500000000000e+07 4.238094238899999857e+07
1.302071689599999934e+08 8.455864340000000596e+07 1.426877000000000000e+07 1.988902072700000107e+08
9.401678667000000179e+07 1.072855852870000005e+08 2.141192700000000000e+07 5.284375679999999702e+05
1.355554332647999823e+08 7.837930960209999979e+07 1.444335300000000000e+07 1.537274518298000097e+08
1.336878390100000054e+08 7.537121862999999523e+07 1.483518300000000000e+07 1.492965611759999990e+08
1.182668770030000210e+08 1.065599469000000060e+08 1.609801500000000000e+07 1.165341995630000159e+07
8.983016613999998569e+07 1.080276785600000024e+08 2.180467700000000000e+07 2.639366911899999902e+07
1.234403107999999970e+08 1.410924050000000000e+08 1.377114400000000000e+07 5.374517900000000000e+07
1.095785668830000013e+08 9.421620892880000174e+07 1.887139100000000000e+07 2.872550751850000117e+06
1.232631251120000184e+08 1.293563380000000000e+08 1.443104900000000000e+07 2.772183777890000120e+07
1.105456502800000012e+08 9.546625746199999750e+07 1.854473900000000000e+07 7.546363659999999218e+05
7.209525000999999046e+07 1.987113040000000000e+08 2.197667500000000000e+07 4.903811550000000000e+07
1.222545447999999970e+08 1.445857490000000000e+08 1.377758800000000000e+07 5.489807000000000000e+07
1.309833883900000006e+08 8.123546609999999404e+07 1.498702400000000000e+07 1.164866227999999970e+08
1.035263875300000012e+08 9.950552852899999917e+07 1.989255800000000000e+07 3.378341720000000205e+05
1.242615582300000042e+08 8.711386020000000298e+07 1.679777900000000000e+07 1.725452175000000000e+07
1.257205240499999970e+08 1.027570787699999958e+08 1.526850900000000000e+07 4.026036611999999732e+07
1.146926220700000226e+08 1.105182147999999970e+08 1.623982200000000000e+07 1.381666797599999979e+07
1.153854268023999929e+08 9.388935681999999285e+07 1.746305900000000000e+07 2.871697850880000275e+06
1.356627507799999714e+08 8.404099129999999702e+07 1.380057600000000000e+07 1.947963831500000060e+08
7.431751193999999762e+07 1.287504042670000046e+08 2.570280000000000000e+07 1.178290418000000063e+06
6.149261967999999970e+07 1.904607305999999940e+08 2.644746000000000000e+07 3.123227050000000000e+07
1.022619993499999940e+08 1.004805106289999932e+08 2.009850600000000000e+07 3.434274880000000121e+05
1.311461017390000224e+08 7.943101378000000119e+07 1.548789500000000000e+07 9.465039451100000739e+07
1.363230711200000048e+08 7.337168801700000465e+07 1.458828400000000000e+07 1.734406953140000105e+08
1.351044786700000167e+08 8.361412859999999404e+07 1.383600600000000000e+07 2.028103831500000060e+08
1.207795331410000175e+08 8.639083681000000238e+07 1.700748700000000000e+07 2.259302019999999925e+07
1.367775431400000155e+08 8.389786909999999404e+07 1.380267000000000000e+07 1.840709323700000048e+08
6.682465806000000238e+07 1.425104139210000038e+08 2.875961900000000000e+07 7.195546640000001062e+05
9.541587018999999762e+07 1.063091558700000048e+08 2.082529500000000000e+07 1.297631879999999888e+06
8.984814322999998927e+07 1.111403192650000006e+08 2.230696200000000000e+07 5.049172040000000270e+05
1.276787511899999976e+08 1.140300472000000030e+08 1.407141300000000000e+07 8.105749415999999642e+07
1.209014735000000000e+08 1.096548335999999940e+08 1.562453500000000000e+07 1.474563180000000075e+07
8.929587150999999046e+07 1.128524864899999946e+08 2.197662000000000000e+07 1.304533101999999955e+06
7.666424284999999404e+07 1.321256143799999952e+08 2.372478000000000000e+07 7.150403903000000864e+06
6.728260444000001252e+07 1.540647003199999928e+08 2.562225600000000000e+07 2.242547419000000134e+07
1.218385554200000167e+08 9.237509734000000358e+07 1.687173100000000000e+07 3.267322620000000112e+06
8.763036284000000358e+07 1.134495270069999993e+08 2.280985600000000000e+07 4.429892110000000102e+05
1.116921899200000167e+08 9.353930071999999881e+07 1.842715900000000000e+07 7.622640130000000354e+05
1.367052752999999821e+08 7.496786540000000596e+07 1.445695600000000000e+07 1.684600693600000143e+08
1.225369328753000051e+08 1.194966410000000000e+08 1.499181600000000000e+07 2.079746266493000090e+07
1.261750067699999958e+08 1.216625624000000060e+08 1.376743500000000000e+07 1.010897187000000030e+08
1.202982992789999992e+08 8.184013142800000310e+07 1.633415500000000000e+07 1.879204116353000104e+08
1.228971074300000072e+08 8.698423787199999392e+07 1.738315700000000000e+07 1.498921181000000099e+06
1.158454922900000066e+08 1.255512120999999940e+08 1.522846700000000000e+07 2.463575105000000075e+07
6.797218989000000060e+07 1.355136813700000048e+08 2.760106700000000000e+07 3.260112123000000045e+07
1.137557004000000060e+08 1.576375360000000000e+08 1.444159000000000000e+07 6.043027900000000000e+07
8.329384265999999642e+07 1.877031390000000000e+08 1.918354000000000000e+07 5.832991700000000000e+07
7.702522214000000060e+07 1.256774974370000064e+08 2.525618300000000000e+07 5.988579590000000317e+05
1.188256872699999958e+08 9.540062679000000656e+07 1.684109200000000000e+07 4.877379530000000261e+06
6.041481943999999762e+07 2.406820602199999988e+08 4.673313400000000000e+07 4.160805492999999784e+06
1.357548172500000000e+08 7.450220779999999702e+07 1.446093300000000000e+07 1.771338412899999917e+08
1.092267732500000000e+08 1.317710107999999970e+08 1.567030600000000000e+07 9.409170784000000358e+07
7.265372606000000238e+07 1.316428930010000020e+08 2.662075100000000000e+07 6.385939939999999478e+05
7.914352910000000894e+07 1.926559190000000000e+08 2.009097600000000000e+07 5.541218120000000298e+07
1.238654357999999970e+08 8.453823482999999821e+07 1.528241100000000000e+07 1.833144239379999936e+08
9.865779400100001693e+07 1.093364469500000030e+08 1.950133800000000000e+07 5.697546791000000201e+06
9.904498379999999702e+07 1.029647384710000008e+08 2.036832000000000000e+07 7.936381240000000689e+05
1.276084323129999936e+08 7.751669872550000250e+07 1.531124200000000000e+07 1.494201454307900071e+08
9.010417442000000179e+07 1.108913169340000004e+08 2.196117300000000000e+07 9.671629440000000177e+05
1.284280624500000030e+08 7.766545965800000727e+07 1.504639800000000000e+07 1.675805563030999899e+08
6.232730807999999821e+07 1.981678520000000000e+08 2.572182400000000000e+07 3.735029229999999702e+07
1.262016994310000241e+08 8.334473481999999285e+07 1.626395100000000000e+07 4.983995922999999672e+07
1.180371352129999995e+08 1.130413197000000030e+08 1.565488400000000000e+07 1.647095511299999990e+07
9.314832546999999881e+07 1.182952305999999940e+08 2.011533000000000000e+07 8.123838501999999397e+06
1.145416960300000012e+08 1.053391700999999940e+08 1.660895300000000000e+07 1.047143337500000186e+07
6.258368457000000775e+07 1.540472788000000119e+08 2.826556400000000000e+07 7.705593100000000559e+06
9.811641351000000536e+07 1.037611785310000032e+08 2.072613000000000000e+07 4.363525100000000093e+05
8.032820775999999046e+07 1.797727920000000000e+08 2.000900700000000000e+07 4.972502910000000149e+07
1.154342545100000054e+08 1.008187479000000060e+08 1.681000500000000000e+07 7.669573776000000536e+06
6.976148245000000298e+07 2.036352740000000000e+08 2.270204400000000000e+07 4.878364729999999702e+07
6.480239721000001580e+07 1.944471420000000000e+08 2.469570700000000000e+07 3.853709850000000000e+07
8.646709214000001550e+07 1.338598420000000000e+08 2.060370100000000000e+07 1.512893949000000022e+07
6.873468824000000954e+07 1.373278760699999928e+08 2.741093300000000000e+07 1.538591871000000043e+06
7.604490354999999702e+07 1.936641390000000000e+08 2.090207800000000000e+07 4.617634310000000149e+07
1.209246614500000030e+08 1.520756750000000000e+08 1.376758400000000000e+07 6.012661300000000000e+07
5.778143692999999225e+07 2.671580170999999940e+08 4.571490600000000000e+07 2.106035119999999925e+07
6.042205392999999225e+07 1.659624405000000000e+08 3.050388300000000000e+07 8.099113139999999665e+06
7.828128649400000274e+07 1.292379521500000060e+08 2.343262000000000000e+07 6.374662133999999613e+06
1.190511389600000232e+08 8.928710914900000393e+07 1.747580300000000000e+07 7.524202069999999367e+05
6.916785816999998689e+07 1.440721766800000072e+08 2.558582300000000000e+07 1.395858241300000064e+07
1.357628872599999905e+08 7.339890891899999976e+07 1.460037300000000000e+07 1.760767814900000095e+08
1.299893504370000064e+08 7.555552423549999297e+07 1.502603500000000000e+07 1.817127625624000132e+08
1.147801629200000018e+08 9.178590066699999571e+07 1.797964200000000000e+07 6.916395000000000000e+05
1.040187233299999982e+08 1.249748799000000060e+08 1.727087300000000000e+07 1.880352458999999985e+07
8.322395289299999177e+07 1.181519656400000006e+08 2.387192600000000000e+07 4.185545370000000112e+05
8.499546134999999404e+07 1.161895552699999958e+08 2.289883600000000000e+07 1.303395023000000045e+06
9.634164209000000358e+07 1.727857240000000000e+08 1.686862800000000000e+07 5.903259100000000000e+07
1.164198879769999981e+08 9.049646401700000465e+07 1.801547300000000000e+07 2.799324057000000030e+05
1.000893835000000000e+08 1.692059540000000000e+08 1.628788600000000000e+07 6.086368700000000000e+07
5.848782472999999672e+07 2.526267948000000119e+08 4.641625100000000000e+07 1.118391942000000179e+07
8.130847039540000260e+07 1.205161463639999926e+08 2.440821700000000000e+07 3.579293910000000033e+05
1.015962299099999964e+08 1.633859320000000000e+08 1.612878900000000000e+07 5.522727700000000000e+07
7.039171932000000775e+07 1.354580779000000060e+08 2.691091500000000000e+07 1.332872218000000110e+06
8.845603357999999821e+07 1.362601823000000119e+08 1.994193700000000000e+07 1.808817212999999896e+07
6.403872915999999642e+07 2.098811620000000000e+08 2.478093800000000000e+07 4.542575460000000149e+07
8.545637753800000250e+07 1.119935802779999971e+08 2.250742900000000000e+07 6.323442259938000143e+07
1.182633527500000000e+08 1.396692120000000000e+08 1.438720100000000000e+07 3.416734750000000000e+07
8.233644967999999225e+07 1.780035280000000000e+08 1.956726600000000000e+07 5.124348539999999851e+07
6.170268895000000298e+07 1.593798726599999964e+08 3.066601500000000000e+07 4.290459103000000119e+06
1.204022387300000042e+08 1.278093334000000060e+08 1.410869500000000000e+07 1.057161686099999994e+08
6.461600687300000340e+07 1.460870335300000012e+08 2.892553600000000000e+07 2.083167140799999936e+06
9.441968986300000548e+07 1.107496100100000054e+08 2.042874100000000000e+07 4.187310717000000179e+06
1.134039616190000027e+08 1.011377430999999940e+08 1.713755600000000000e+07 7.032238699000000022e+06
8.251048738999998569e+07 1.483009113000000119e+08 2.078185200000000000e+07 2.215073364000000060e+07
