1.251358715530000031e+08 8.470452989599999785e+07 1.668752700000000000e+07 2.838182865949999914e+07
1.301318459699999988e+08 7.992864670000000298e+07 1.534212100000000000e+07 1.025861177800000012e+08
8.464048635000000894e+07 1.165797352979999930e+08 2.328885000000000000e+07 6.326692550000000047e+05
1.206643341299999952e+08 9.338838848000000417e+07 1.687179100000000000e+07 3.731447720000000205e+06
1.197779471400000006e+08 1.377620850000000000e+08 1.433405400000000000e+07 3.245693292000000179e+07
1.168913396099999994e+08 9.185473948999999464e+07 1.745086400000000000e+07 1.872411575999999885e+06
1.273925544000000060e+08 1.111127317999999970e+08 1.432143600000000000e+07 7.121699001000000536e+07
7.093054699000000954e+07 1.972763660000000000e+08 2.235406100000000000e+07 4.696763800000000000e+07
5.776968304000000656e+07 2.692542086999999881e+08 4.559449200000000000e+07 2.263566819999999925e+07
1.227539512000000030e+08 1.075261480999999940e+08 1.565520700000000000e+07 1.361319890000000037e+07
1.225072596799999774e+08 8.803065829999999702e+07 1.682439700000000000e+07 1.754508239999999851e+07
1.224959005753000230e+08 1.186053790000000000e+08 1.500695300000000000e+07 2.063925336493000016e+07
1.236932817530000061e+08 1.288818640000000000e+08 1.443675500000000000e+07 2.741391066290000081e+07
1.163509491299999952e+08 1.208567320000000000e+08 1.541873100000000000e+07 2.094709447899999842e+07
1.133381444000000060e+08 8.908138466300000250e+07 1.767593300000000000e+07 4.604263742599999905e+07
1.302479113599999994e+08 8.169877270000000298e+07 1.531625400000000000e+07 9.610179429999999702e+07
1.259477030199999958e+08 8.249413632999999821e+07 1.505699600000000000e+07 1.852461035500000119e+08
1.348664730399999917e+08 7.884179690000000596e+07 1.446574100000000000e+07 1.517843530000000000e+08
1.182973972999999970e+08 9.009032940299999714e+07 1.746771100000000000e+07 1.050447938000000082e+06
1.133404404899999946e+08 8.719004597869999707e+07 1.730898400000000000e+07 1.303082577607000023e+08
1.048682891350000054e+08 9.362643126970000565e+07 1.871481600000000000e+07 1.380479269309999943e+08
1.101348545900000036e+08 9.365562037000000477e+07 1.876099600000000000e+07 3.563982629999999888e+06
1.048175674599999934e+08 1.483122630000000000e+08 1.612633800000000000e+07 3.324473998999999836e+07
6.266517839400000125e+07 1.565575277199999988e+08 3.072764100000000000e+07 2.689575393000000156e+06
1.177706903299999982e+08 1.260995900000000000e+08 1.502480800000000000e+07 2.425074151900000125e+07
1.359625925000000298e+08 7.343930399400000274e+07 1.458339300000000000e+07 1.751679800119999945e+08
8.984696526000000536e+07 1.115507495600000024e+08 2.184351000000000000e+07 1.389485362999999896e+06
1.063122834399999976e+08 9.736954188799999654e+07 1.930170000000000000e+07 5.148114020000000019e+05
5.918147864000000060e+07 1.916096781999999881e+08 2.942029300000000000e+07 2.449148789999999851e+07
1.266846367000000179e+08 1.199498944000000060e+08 1.386015000000000000e+07 8.763263409999999404e+07
9.554201254000000656e+07 1.735752050000000000e+08 1.699535200000000000e+07 6.023209000000000000e+07
1.177088479399999976e+08 1.436089840000000000e+08 1.437259100000000000e+07 3.510957621000000089e+07
1.325989474679999799e+08 7.437382979149000347e+07 1.477337600000000000e+07 1.776720405298599899e+08
1.002263314280000031e+08 1.052088203499999940e+08 1.957699900000000000e+07 3.349948512800000142e+06
6.832118842999999225e+07 1.389258564749999940e+08 2.799184700000000000e+07 8.739748140000000130e+05
1.019495958700000048e+08 1.005620377240000069e+08 2.004925800000000000e+07 4.959859930000000168e+05
6.057059920999999344e+07 2.401396969499999881e+08 4.674309500000000000e+07 3.858450535000000149e+06
1.143372490999999940e+08 1.564018970000000000e+08 1.437185500000000000e+07 6.028409200000000000e+07
6.889201453000000119e+07 2.046127070000000000e+08 2.298761000000000000e+07 4.834367250000000000e+07
7.196392217700000107e+07 1.285219202091999948e+08 2.620584000000000000e+07 3.451715758891999722e+07
1.083500171290000230e+08 1.038313142000000030e+08 1.795184000000000000e+07 6.058703178999999538e+06
1.105049635999999940e+08 1.593397590000000000e+08 1.484440500000000000e+07 6.067095600000000000e+07
1.164941342090000063e+08 1.029443472000000030e+08 1.656007300000000000e+07 8.799900010299999267e+06
9.758078718000000715e+07 1.040723451030000001e+08 2.064466600000000000e+07 8.002862339999999385e+05
6.320202925000000745e+07 2.051635880000000000e+08 2.517916300000000000e+07 4.197692820000000298e+07
7.781615520100000501e+07 1.204901588854999989e+08 2.448149300000000000e+07 3.780396402944000065e+07
1.323997827399999946e+08 8.026187809999999404e+07 1.489309800000000000e+07 1.223942620000000000e+08
1.291884851099999994e+08 8.372295664000000060e+07 1.445752100000000000e+07 1.929647582599999905e+08
1.355762758899999857e+08 8.289509709999999404e+07 1.385811700000000000e+07 1.929002670800000131e+08
1.370299999000000060e+08 8.289748900000000000e+07 1.386511200000000000e+07 1.794947011399999857e+08
1.274520887699999958e+08 7.882060528700000048e+07 1.509038400000000000e+07 1.831391814320000112e+08
1.305077131580000073e+08 7.526020142319999635e+07 1.496590100000000000e+07 1.815221508549000025e+08
1.166948956300000399e+08 1.106087794000000060e+08 1.600464800000000000e+07 1.394412474799999967e+07
1.175909899610000402e+08 1.147639519000000060e+08 1.565097500000000000e+07 1.686263934100000188e+07
1.141760201099999994e+08 9.081869762000000477e+07 1.816802700000000000e+07 4.101110240999999922e+06
1.071814248400000036e+08 9.708634761399999261e+07 1.892988200000000000e+07 1.240427279000000097e+06
1.033876141299999952e+08 9.955935631299999356e+07 1.976544600000000000e+07 5.145675879999999888e+05
1.192488775550000072e+08 8.261438676799999177e+07 1.643926400000000000e+07 1.821048342628999949e+08
1.029232798850000054e+08 1.023292012500000000e+08 1.922717000000000000e+07 2.931516069200000260e+06
1.166041066200000048e+08 1.251814521500000060e+08 1.473609700000000000e+07 8.927308481000000238e+07
9.711373789000000060e+07 1.720569340000000000e+08 1.674565700000000000e+07 6.031700700000000000e+07
1.277029260799999982e+08 8.381938290000000596e+07 1.598649100000000000e+07 5.800156750999999791e+07
6.647728876000001281e+07 1.385224713700000048e+08 2.819642800000000000e+07 3.170642623000000045e+07
1.219932204699999988e+08 8.503633396999999881e+07 1.646303500000000000e+07 4.998988871000000089e+07
1.207667307999999821e+08 1.533381410000000000e+08 1.376783000000000000e+07 6.088282400000000000e+07
1.240059228399999589e+08 9.086040720000000298e+07 1.682235100000000000e+07 5.252091400000000373e+06
1.273408300999999940e+08 1.186244874000000060e+08 1.379956700000000000e+07 9.570195160999999940e+07
1.101200361099999845e+08 1.357677630000000000e+08 1.568138100000000000e+07 2.829690937000000104e+07
8.740216825999999046e+07 1.134168126200000048e+08 2.273484900000000000e+07 6.528281790000000037e+05
8.088976580000001192e+07 1.278006316099999994e+08 2.267606100000000000e+07 7.443547548000000417e+06
8.218845856000000238e+07 1.235242302699999958e+08 2.268620900000000000e+07 5.293327115000000224e+06
9.556076276999999583e+07 1.063491344889999926e+08 2.101001400000000000e+07 6.590243279999999795e+05
6.235985324000000209e+07 1.540373611999999881e+08 2.852640900000000000e+07 6.865908750000000000e+06
1.101941964099999964e+08 1.383088330000000000e+08 1.557346500000000000e+07 2.977721523000000045e+07
1.355839390799999833e+08 7.624754179999999702e+07 1.433510700000000000e+07 1.758408306999999881e+08
9.372786176999999583e+07 1.754385140000000000e+08 1.729012800000000000e+07 6.019735300000000000e+07
1.197166109989999980e+08 1.213422920999999940e+08 1.504241000000000000e+07 2.212723494700000063e+07
7.310799296000000834e+07 1.325634851400000006e+08 2.515484400000000000e+07 4.262061023000000045e+06
1.217999237600000054e+08 8.742602337000000477e+07 1.745567500000000000e+07 1.020631619999999995e+06
1.179283490840000063e+08 1.047340937999999970e+08 1.620370200000000000e+07 1.091973235089999996e+07
1.263426445520000011e+08 8.447268565999999642e+07 1.498062200000000000e+07 1.421879699000000060e+08
6.459121410400000215e+07 1.454653382500000000e+08 2.872456000000000000e+07 2.285549978500000201e+06
1.195734043100000471e+08 1.243349592999999970e+08 1.432499500000000000e+07 9.775788198999999464e+07
1.308432031400000155e+08 8.175155179999999702e+07 1.506542200000000000e+07 1.095463899000000060e+08
1.233022060000000000e+08 9.605097300000000000e+07 1.610864900000000000e+07 2.202633689999999851e+07
1.208378613200000226e+08 1.014335699000000060e+08 1.618432600000000000e+07 9.406581199999999255e+06
1.107380181700000018e+08 9.528805956999999285e+07 1.859645200000000000e+07 5.413850010000000475e+05
1.202269292000000030e+08 1.541087300000000000e+08 1.380239500000000000e+07 5.996668400000000000e+07
1.081078292999999970e+08 1.621417520000000000e+08 1.515425800000000000e+07 6.074528200000000000e+07
5.815647834000000358e+07 2.568557863000000119e+08 4.624698700000000000e+07 1.388793308999999985e+07
7.891720363999998569e+07 1.469212731200000048e+08 2.176954300000000000e+07 4.064045338000000268e+07
7.962310864000000060e+07 1.920512990000000000e+08 1.997883800000000000e+07 5.605466600000000000e+07
7.866564121999999881e+07 1.933164630000000000e+08 2.020563000000000000e+07 5.477855920000000298e+07
7.507170461000001431e+07 1.276159038799999952e+08 2.531425700000000000e+07 1.539240678000000073e+06
7.337245885000000894e+07 1.598855784000000060e+08 2.287313400000000000e+07 2.342915819999999925e+07
7.095114328300000727e+07 1.309948089288000017e+08 2.670741400000000000e+07 1.485790195185000077e+07
8.287928328000000119e+07 1.193013606299999952e+08 2.335310900000000000e+07 1.351093956999999937e+06
7.724785573499999940e+07 1.252199637600000054e+08 2.448593500000000000e+07 2.207794249800000340e+06
9.381222717000001669e+07 1.074205707240000069e+08 2.150452800000000000e+07 4.959859930000000168e+05
7.470533815000000596e+07 1.248774613700000048e+08 2.547328000000000000e+07 2.024103623000000045e+07
1.126306308599999994e+08 9.291369079899999499e+07 1.835541500000000000e+07 5.487661770000000251e+05
6.769194867000000179e+07 1.556293078000000119e+08 2.540446700000000000e+07 1.489222622000000067e+07
1.143500386840000004e+08 9.735612843000000715e+07 1.729707900000000000e+07 4.864681949200000614e+06
1.294583578100000173e+08 7.935068935000000894e+07 1.469221000000000000e+07 1.882401993540000021e+08
9.966368704999999702e+07 1.023921387070000023e+08 2.043732900000000000e+07 4.946378319999999949e+05
1.159301689099999964e+08 9.073020162899999321e+07 1.803790600000000000e+07 3.434274880000000121e+05
8.545457642999997735e+07 1.248225350000000000e+08 2.154345400000000000e+07 8.588803679999999702e+06
1.233078592099999934e+08 1.155145034500000030e+08 1.434525800000000000e+07 7.535111368000000715e+07
9.633586989000000060e+07 1.420885404000000060e+08 1.794440800000000000e+07 2.541494998000000045e+07
1.273987910500000417e+08 8.411522279999999702e+07 1.592384300000000000e+07 6.072503300000000000e+07
5.924503370000000298e+07 1.814626345999999940e+08 2.993101900000000000e+07 1.778556173999999836e+07
1.328231488690000027e+08 7.862500085000000894e+07 1.432251600000000000e+07 1.854768591439999938e+08
1.232611600300000161e+08 8.286348412000000477e+07 1.625341700000000000e+07 6.653922804800000042e+07
1.242469437000000179e+08 1.251788350000000000e+08 1.440978900000000000e+07 3.470246189999999851e+07
1.190856987399999797e+08 9.590813148999999464e+07 1.676880700000000000e+07 5.331083209999999963e+06
1.168714287199999988e+08 1.491207720000000000e+08 1.433822000000000000e+07 3.850953789000000060e+07
6.303630838399998844e+07 1.524732344699999988e+08 2.811400900000000000e+07 1.060404337299999967e+07
1.336365421899999827e+08 8.246361470999999344e+07 1.428226900000000000e+07 1.556496028199999928e+08
6.813085045000000298e+07 1.352070913700000048e+08 2.754033900000000000e+07 3.260112123000000045e+07
7.054060431000000238e+07 1.340926745300000012e+08 2.667512400000000000e+07 1.769590932999999961e+06
6.675300471999999136e+07 1.425715423709999919e+08 2.875985000000000000e+07 7.495628969999999972e+05
1.148565456500000060e+08 9.332650185999999940e+07 1.764086200000000000e+07 2.170684979000000283e+06
6.025232606000000238e+07 1.672647200999999940e+08 3.046862900000000000e+07 8.865706639999998733e+06
8.136647710999999940e+07 1.189462402520000041e+08 2.316758000000000000e+07 6.209753650100000203e+07
9.563684666899999976e+07 1.018831626273999959e+08 2.033508700000000000e+07 1.102120904412000030e+08
1.236985574660000056e+08 7.951210707220000029e+07 1.584606500000000000e+07 1.860984583905000091e+08
1.222371483499999940e+08 1.284715050000000000e+08 1.442338700000000000e+07 3.266548900000000000e+07
6.159253329999999702e+07 1.917079475999999940e+08 2.634174400000000000e+07 3.215955239999999851e+07
1.236532528799999952e+08 8.292141764000000060e+07 1.543657900000000000e+07 1.801701936699999869e+08
7.950421727900001407e+07 1.221764730900000036e+08 2.403952500000000000e+07 1.850345712999999989e+06
1.232401047000000030e+08 1.399081280000000000e+08 1.386283800000000000e+07 4.648735200000000000e+07
1.364917179000000060e+08 7.431168965000000596e+07 1.449855800000000000e+07 1.705885808499999940e+08
8.472896732379999757e+07 1.858110290000000000e+08 1.889748500000000000e+07 5.933761600000000000e+07
1.168743118659999967e+08 8.463466926600000262e+07 1.668838800000000000e+07 1.688652376177999973e+08
8.334147343999999762e+07 1.154170821200000048e+08 2.341448200000000000e+07 1.095687907399999909e+07
1.062540539099999815e+08 9.642601251299999654e+07 1.904175900000000000e+07 7.912254304999999702e+06
9.609806075000000000e+07 1.126289843100000024e+08 1.981205500000000000e+07 6.528337183000000194e+06
1.084640370489999950e+08 9.958375370999999344e+07 1.826379400000000000e+07 3.738288073900000192e+06
1.273635406190000474e+08 8.339683765000000596e+07 1.629152900000000000e+07 4.618572182000000030e+07
7.658491282000000775e+07 1.298184715699999928e+08 2.398552000000000000e+07 5.614675435000000522e+06
