9.935329901999999583e+07 1.026189820370000005e+08 2.043327100000000000e+07 5.796686700000000419e+05
1.219481982000000030e+08 1.423441320000000000e+08 1.383837900000000000e+07 5.307237700000000000e+07
8.088334064199998975e+07 1.202560259759999961e+08 2.403000200000000000e+07 1.029785133000000031e+06
1.225552627000000030e+08 1.075318820999999940e+08 1.566857800000000000e+07 1.349584430000000075e+07
1.141139832300000042e+08 8.935780396400000155e+07 1.778742100000000000e+07 2.504124660799999908e+07
1.224487508100000173e+08 9.922924490000000596e+07 1.626905100000000000e+07 7.892074800000000745e+06
1.353229765300000012e+08 7.345367643999999762e+07 1.461379900000000000e+07 1.786548451290000081e+08
1.125832733199999928e+08 9.292491996699999273e+07 1.842578000000000000e+07 4.372888649999999907e+05
1.229183820900000036e+08 9.190197242000000179e+07 1.685172200000000000e+07 3.084229620000000112e+06
1.348239190260000229e+08 7.601008196999999881e+07 1.487804100000000000e+07 1.384984434300000072e+08
1.211979109900000393e+08 9.961999940999999642e+07 1.618018600000000000e+07 1.369570716000000015e+07
7.451486495999999344e+07 1.288276784389999956e+08 2.609847600000000000e+07 5.787170029999999097e+05
1.036014191899999976e+08 9.936847287500000000e+07 1.982627300000000000e+07 4.049020740000000224e+05
1.326898582140000015e+08 7.676913989499999583e+07 1.509886600000000000e+07 1.266791877999999970e+08
1.225729922009999752e+08 1.195780790000000000e+08 1.498560600000000000e+07 2.085319877182000130e+07
7.045614726999999583e+07 1.348613466250000000e+08 2.717817400000000000e+07 8.915942269999999553e+05
1.270194702670000046e+08 8.245469996940000355e+07 1.620984200000000000e+07 5.466127938149999827e+07
1.233476394089999944e+08 7.974675569200000167e+07 1.589505100000000000e+07 1.862569474801999927e+08
1.354102713959999979e+08 7.906874296999999881e+07 1.437057700000000000e+07 1.564168294359999895e+08
1.224164857599999756e+08 1.309930510000000000e+08 1.437800800000000000e+07 2.972011613000000268e+07
9.155197379000000656e+07 1.096010944580000043e+08 2.163851300000000000e+07 1.032652915999999968e+06
1.201948282099999934e+08 1.122001967000000030e+08 1.550120200000000000e+07 1.701572098000000045e+07
1.163032080100000054e+08 9.998262400000000000e+07 1.681982400000000000e+07 6.743171942999999970e+06
7.339029840000000596e+07 1.297133016599999964e+08 2.592007900000000000e+07 1.420512960999999894e+06
1.170171739009999931e+08 9.009193894400000572e+07 1.792227100000000000e+07 2.986638157999999821e+05
1.163178029899999797e+08 1.502574720000000000e+08 1.437693100000000000e+07 3.918428820000000298e+07
1.177212989599999934e+08 1.277432040000000000e+08 1.491896500000000000e+07 2.578569490100000054e+07
1.331416376900000423e+08 7.763369426999999583e+07 1.504980600000000000e+07 1.231263484599999934e+08
9.557502651100000739e+07 1.018540580652000010e+08 2.046814500000000000e+07 1.200396340083000064e+08
1.064952756200000048e+08 9.754577845200000703e+07 1.924095100000000000e+07 5.228346689999999944e+05
1.086814354399999976e+08 9.666036682999999821e+07 1.861144400000000000e+07 1.551875162999999942e+06
1.275167394969999939e+08 8.309956728000000119e+07 1.626853900000000000e+07 4.815235461599999666e+07
1.353539532199999988e+08 7.478150579999999702e+07 1.444377300000000000e+07 1.798243963000000119e+08
1.181403725779999942e+08 1.066416482999999970e+08 1.604778700000000000e+07 1.229909128329999931e+07
1.234372742300000191e+08 8.274886614699999988e+07 1.623560500000000000e+07 6.714747239100000262e+07
7.140831554000000656e+07 1.527453198700000048e+08 2.397665700000000000e+07 2.820861192000000179e+07
8.583291696999999881e+07 1.153681185259999931e+08 2.281839400000000000e+07 1.016962111000000034e+06
9.421946334000000358e+07 1.157757705199999958e+08 1.998687800000000000e+07 7.811502440000000410e+06
7.870101953999999166e+07 1.242370618900000006e+08 2.421733100000000000e+07 1.812313387000000104e+06
8.624794321900001168e+07 1.840470370000000000e+08 1.860780500000000000e+07 5.981010400000000000e+07
1.210249550000000000e+08 1.489032900000000000e+08 1.383289900000000000e+07 5.281615600000000000e+07
1.357507310099999905e+08 8.374325359999999404e+07 1.381309400000000000e+07 1.929474030699999928e+08
1.247308475199999958e+08 1.263657932000000030e+08 1.376721800000000000e+07 1.080292432999999970e+08
1.262549495960000008e+08 8.331720859890000522e+07 1.639009400000000000e+07 4.441800873390000314e+07
8.979008550000000000e+07 1.186964952000000030e+08 2.088408200000000000e+07 6.977228774000000209e+06
1.250322460000000000e+08 1.377058760000000000e+08 1.378045500000000000e+07 5.130339900000000000e+07
1.012310688234000057e+08 1.024935446800000072e+08 1.965219800000000000e+07 2.081761702400000067e+06
7.730018314000000060e+07 1.247438469479999989e+08 2.519245300000000000e+07 6.896869080000000540e+05
1.233378445999999940e+08 1.179590784000000060e+08 1.499917600000000000e+07 2.041452010000000149e+07
8.094969847799998522e+07 1.168536765476000011e+08 2.364226800000000000e+07 4.322960435843999684e+07
1.185661637900000066e+08 8.977691300800000131e+07 1.747988600000000000e+07 8.549953289999999106e+05
1.079442217399999946e+08 1.313749946899999976e+08 1.590825800000000000e+07 9.141835401999999583e+07
8.496471084000000358e+07 1.160350965269999951e+08 2.336233100000000000e+07 5.371097550000000047e+05
1.173577400600000024e+08 9.025467375000000000e+07 1.611782900000000000e+07 1.781637085900000036e+08
1.020883790400000066e+08 1.006270095230000019e+08 2.013132700000000000e+07 3.385936439999999711e+05
8.933606674000000954e+07 1.116244436120000035e+08 2.209943700000000000e+07 1.017645011000000057e+06
1.059866729000000060e+08 1.638661210000000000e+08 1.550053700000000000e+07 4.958892229999999702e+07
1.161387866800000072e+08 1.340759810000000000e+08 1.484299200000000000e+07 2.931586992000000179e+07
6.952661776000000536e+07 1.416658950800000131e+08 2.580631500000000000e+07 6.921446477999999188e+06
8.358994581000000238e+07 1.174536111889999956e+08 2.359247200000000000e+07 6.257158649999999907e+05
1.209969175849999934e+08 8.736193130500000715e+07 1.746790200000000000e+07 2.624021065000000410e+06
1.045146271800000072e+08 1.134619329000000060e+08 1.790144400000000000e+07 1.134481823100000061e+07
6.730357047300000489e+07 2.066529710000000000e+08 2.353359600000000000e+07 4.753607320000000298e+07
1.169010422999999970e+08 1.446975030000000000e+08 1.427981100000000000e+07 4.702611570000000298e+07
1.223197755999999940e+08 1.286445660000000000e+08 1.435248100000000000e+07 3.711306050000000000e+07
5.948794114000000805e+07 1.960809276999999881e+08 2.889643800000000000e+07 2.784299819999999925e+07
1.039035504699999988e+08 1.419808080000000000e+08 1.651665000000000000e+07 2.892024935000000149e+07
1.210257805600000024e+08 8.315598946999999881e+07 1.625136000000000000e+07 9.428142095999999344e+07
7.884992443999999762e+07 1.930645450000000000e+08 2.016109400000000000e+07 5.512971429999999702e+07
6.144609300000000745e+07 1.901013490000000000e+08 2.649404800000000000e+07 3.096084910000000149e+07
6.231741274000000209e+07 1.538835730000000000e+08 2.849113400000000000e+07 7.128472210000000894e+06
1.302704981130000055e+08 7.539366576510000229e+07 1.499146500000000000e+07 1.818884587245000005e+08
7.419709794999998808e+07 1.987535310000000000e+08 2.136148200000000000e+07 5.154615900000000000e+07
1.125162918700000048e+08 1.483695390000000000e+08 1.489651800000000000e+07 3.744094060000000149e+07
8.952018423000001907e+07 1.800792610000000000e+08 1.801029300000000000e+07 5.978052000000000000e+07
9.734632209999999404e+07 1.718280660000000000e+08 1.670908000000000000e+07 6.036150600000000000e+07
6.621764725000000745e+07 1.421501160499999821e+08 2.828217800000000000e+07 1.750332430000000168e+06
1.182088586210000068e+08 8.333413636729998887e+07 1.664122600000000000e+07 1.891265813709000051e+08
1.288053195499999970e+08 7.997348665999999642e+07 1.554811100000000000e+07 9.508443395000000298e+07
1.110196261120000184e+08 1.033986672999999970e+08 1.745904600000000000e+07 6.981812544999999925e+06
9.395797210999999940e+07 1.073180786219999939e+08 2.149712600000000000e+07 4.699946030000000028e+05
1.287987968700000197e+08 1.156965579000000060e+08 1.385981200000000000e+07 9.124180704000000656e+07
9.156899587000000477e+07 1.778216610000000000e+08 1.765330900000000000e+07 5.997307100000000000e+07
6.043236728000000864e+07 2.406186482899999917e+08 4.673433700000000000e+07 4.125346873999999836e+06
1.363948858600000143e+08 7.344076472499999404e+07 1.459337900000000000e+07 1.715117735810000002e+08
1.044186176400000006e+08 9.717771904600000381e+07 1.929255500000000000e+07 1.201034229099999927e+07
8.447182240549999475e+07 1.839245300000000000e+08 1.895881800000000000e+07 5.802607100000000000e+07
9.544456720000000298e+07 1.065740853799999952e+08 2.072021900000000000e+07 1.710834112999999896e+06
6.212600711299999803e+07 1.563072485099999905e+08 3.003844100000000000e+07 4.376116359000000171e+06
1.078548109399999976e+08 1.610578300000000000e+08 1.532560800000000000e+07 4.403352420000000298e+07
6.455148895499999821e+07 2.102884720000000000e+08 2.457164700000000000e+07 4.635190939999999851e+07
1.228813145499999970e+08 1.204267110000000000e+08 1.407116100000000000e+07 9.454458439000000060e+07
1.140062147600000054e+08 9.075962777199999988e+07 1.816337000000000000e+07 5.084123341000000015e+06
9.671492187500000000e+07 1.007734289522999972e+08 2.026889900000000000e+07 1.246689037485000044e+08
1.254544870000000000e+08 8.546778000000000000e+07 1.685813600000000000e+07 1.845586500000000000e+07
7.562296432999999821e+07 1.948560030000000000e+08 2.100050500000000000e+07 4.695899739999999851e+07
1.370559810500000119e+08 8.449556800000000000e+07 1.378844500000000000e+07 1.816311185099999905e+08
1.013448623199999928e+08 1.653658490000000000e+08 1.626720700000000000e+07 4.255181650000000000e+07
1.200616657099999785e+08 8.512230806399999559e+07 1.677774600000000000e+07 4.596070444600000232e+07
9.936377051999999583e+07 1.678786950000000000e+08 1.652768000000000000e+07 4.424225600000000000e+07
9.691671818000000715e+07 1.188440860000000000e+08 1.912517300000000000e+07 1.112232531900000013e+07
6.209223642000000179e+07 1.966271043000000119e+08 2.589865100000000000e+07 3.581424390000000596e+07
1.248920773569999933e+08 8.462418160390000045e+07 1.673008100000000000e+07 2.792424105942000076e+07
7.187094041999998689e+07 1.322538777900000066e+08 2.624508900000000000e+07 1.685947763999999966e+06
1.180858531299999952e+08 1.393536070000000000e+08 1.443564000000000000e+07 3.302473925000000000e+07
8.000372482299999893e+07 1.475784249000000060e+08 2.149750700000000000e+07 2.091948946999999881e+07
1.099875854899999797e+08 1.177511183900000006e+08 1.634648000000000000e+07 4.236331192000000179e+07
5.778658796000000089e+07 2.667398460999999940e+08 4.573708300000000000e+07 2.075094369999999925e+07
1.167922862440000027e+08 8.582242224499998987e+07 1.656583400000000000e+07 1.699067799589999914e+08
8.203850223999999464e+07 1.273889578599999994e+08 2.229841400000000000e+07 1.101599258000000007e+07
1.108206260300000012e+08 1.132126717000000030e+08 1.672700400000000000e+07 1.401826777600000054e+07
6.836354823999999464e+07 1.380848438499999940e+08 2.760200400000000000e+07 1.435865831000000006e+06
1.302425425579999983e+08 7.959443038600000739e+07 1.559434700000000000e+07 9.042206392900000513e+07
1.183760007900000215e+08 9.570311982999999821e+07 1.686065200000000000e+07 4.989985190000000410e+06
1.187129405999999940e+08 1.281442117000000030e+08 1.432613700000000000e+07 1.026438863499999940e+08
1.272117228700000048e+08 1.125395335999999940e+08 1.433772600000000000e+07 6.621750921999999881e+07
7.502212670000000298e+07 1.250049913700000048e+08 2.550433800000000000e+07 1.355101523000000045e+07
1.302423475499999821e+08 8.327613667000000179e+07 1.432430800000000000e+07 1.970751780800000131e+08
7.165812099000000954e+07 2.015245900000000000e+08 2.210528800000000000e+07 4.957666929999999702e+07
1.325494712500000000e+08 7.622566801999999583e+07 1.486153200000000000e+07 1.469638867700000107e+08
5.832637637000000477e+07 2.544967679000000060e+08 4.634674600000000000e+07 1.235968975999999978e+07
9.344052109999999404e+07 1.740576660000000000e+08 1.746443500000000000e+07 4.428901179999999702e+07
1.231445337119999975e+08 8.302502431100000441e+07 1.656906000000000000e+07 5.545532053000000119e+07
1.018066968599999994e+08 1.252696924000000060e+08 1.768759300000000000e+07 1.777795644999999925e+07
1.174286287900000066e+08 1.204380497000000030e+08 1.529259400000000000e+07 2.151643279000000283e+07
6.391556507500000298e+07 2.051941590000000000e+08 2.485860800000000000e+07 4.326957620000000298e+07
1.134672435600000024e+08 9.388111089000000060e+07 1.785538700000000000e+07 2.073572931000000099e+06
1.168246302500000000e+08 9.356899696999999881e+07 1.726326500000000000e+07 3.096939959999999963e+06
8.334765496600000560e+07 1.194020528400000036e+08 2.280082800000000000e+07 3.205150197000000160e+06
8.281595897999998927e+07 1.882872930000000000e+08 1.928268900000000000e+07 5.788535100000000000e+07
7.905067926399999857e+07 1.418962931999999881e+08 2.219770300000000000e+07 1.513777988000000082e+07
6.477676931099998951e+07 1.451101056800000072e+08 2.873139700000000000e+07 2.089228005600000033e+06
5.978365045000000298e+07 1.722712981999999881e+08 3.033615900000000000e+07 1.155793016999999993e+07
1.324724785059999973e+08 7.954581046000000834e+07 1.431695600000000000e+07 1.813694410079999864e+08
1.119867413199999928e+08 9.356788043999999762e+07 1.697227600000000000e+07 1.684804475469999909e+08
