1.290812073589999974e+08 7.987854506000000238e+07 1.560744600000000000e+07 9.119608096400000155e+07
1.303307192500000000e+08 7.699225737999999523e+07 1.495298100000000000e+07 1.507114150000000000e+08
1.357428843499999940e+08 8.261128659999999404e+07 1.413671100000000000e+07 1.590098144399999976e+08
1.198867230999999940e+08 1.355951760000000000e+08 1.437358200000000000e+07 3.227140260000000149e+07
1.210258878899999559e+08 8.744063596400000155e+07 1.747795600000000000e+07 2.067258708000000101e+06
1.226368390999999940e+08 1.080970464000000060e+08 1.563015300000000000e+07 1.383895700000000000e+07
1.229662327000000030e+08 1.173026354000000060e+08 1.504854100000000000e+07 2.000460100000000000e+07
1.149005737199999988e+08 1.197730219000000060e+08 1.567339900000000000e+07 1.987783100099999830e+07
8.911210024000000954e+07 1.805790200000000000e+08 1.808292700000000000e+07 5.982706900000000000e+07
1.242941498050000072e+08 1.025017067800000012e+08 1.547730900000000000e+07 3.268617762000000104e+07
8.083757489100000262e+07 1.204466768799999952e+08 2.385488300000000000e+07 1.433882347999999998e+06
1.033822173100000024e+08 1.532898510000000000e+08 1.621398600000000000e+07 3.566498067999999970e+07
1.248503590557000339e+08 9.989804376299999654e+07 1.547888500000000000e+07 3.919257306199999899e+07
1.185704625699999928e+08 8.995228648000000417e+07 1.744628800000000000e+07 1.050560487999999896e+06
7.810810679999998212e+07 1.345726100000000000e+08 2.299412400000000000e+07 1.000605865000000037e+07
7.714361329999999702e+07 1.246521295540000051e+08 2.496562100000000000e+07 1.149642200999999885e+06
9.192948117399999499e+07 1.115438193599999994e+08 2.105939900000000000e+07 3.084175393800000194e+06
7.520463667999999225e+07 1.695071170000000000e+08 2.186274200000000000e+07 3.044455960999999940e+07
1.060572633700000048e+08 9.750320286800000072e+07 1.941590300000000000e+07 4.282519899999999907e+05
9.407348668999999762e+07 1.696585620000000000e+08 1.743473100000000000e+07 4.152782200000000000e+07
7.644720312199999392e+07 1.221939696836600006e+08 2.487153400000000000e+07 3.648238209187000245e+07
1.210967651800000072e+08 1.195582037999999970e+08 1.503242100000000000e+07 2.122426184600000083e+07
1.209472928199999928e+08 1.006441820000000000e+08 1.624405500000000000e+07 8.744801900000000373e+06
8.007601698399998248e+07 1.287419544000000060e+08 2.285540300000000000e+07 7.501152734000000171e+06
1.367107746099999845e+08 8.441314240000000596e+07 1.382801400000000000e+07 1.784148946699999869e+08
1.125145323799999952e+08 1.098749155999999940e+08 1.664686200000000000e+07 1.254388935600000061e+07
1.333552334399999976e+08 7.767282529999999702e+07 1.498553500000000000e+07 1.262463580699999928e+08
1.369627259100000262e+08 8.318931750000000000e+07 1.384466100000000000e+07 1.808777881800000072e+08
5.939036713000000268e+07 1.775330825000000000e+08 3.013711600000000000e+07 1.518562378999999911e+07
1.322903367750000060e+08 7.767906069599999487e+07 1.445424700000000000e+07 1.827940839239999950e+08
7.880829643600000441e+07 1.235070631599999964e+08 2.405106400000000000e+07 2.352215722000000067e+06
1.171075066899999976e+08 1.151953700999999940e+08 1.560559600000000000e+07 1.866905312000000104e+07
8.448573281399999559e+07 1.150418673385999948e+08 2.332692400000000000e+07 5.838570380759999156e+06
1.122297216099999845e+08 9.318250567800000310e+07 1.855507700000000000e+07 3.428493740000000107e+05
1.206091471899999976e+08 9.374756223999999464e+07 1.682935600000000000e+07 4.117191089999999851e+06
9.179360997599999607e+07 1.055348089666000009e+08 2.115566900000000000e+07 9.869723908740000427e+07
1.181644361239999980e+08 8.336646351800000668e+07 1.664699900000000000e+07 1.890741845503000021e+08
9.299850662000000477e+07 1.081356547939999998e+08 2.155776500000000000e+07 6.247326350000000093e+05
6.053221857000000030e+07 2.402678143300000131e+08 4.674080100000000000e+07 3.929699989000000060e+06
1.225566082750000060e+08 1.300596100000000000e+08 1.443598600000000000e+07 2.808222991000000015e+07
1.185532911299999952e+08 1.408433650000000000e+08 1.431835500000000000e+07 3.532015279999999702e+07
1.206071049899999797e+08 1.267444640000000000e+08 1.410924400000000000e+07 1.045265087199999988e+08
1.039665264599999934e+08 1.072856332000000030e+08 1.849250100000000000e+07 6.935068447999999858e+06
1.278084800600000471e+08 1.158922249000000060e+08 1.390467900000000000e+07 9.003470048999999464e+07
8.942998322999998927e+07 1.482746083199999928e+08 1.891928700000000000e+07 7.633743281999999285e+07
7.859325811199998856e+07 1.195577259931000024e+08 2.426757000000000000e+07 3.891150926981999725e+07
1.233948776309999973e+08 7.971509863920000196e+07 1.588847400000000000e+07 1.862494256238000095e+08
1.138023747300000042e+08 9.229220945399999619e+07 1.808113300000000000e+07 8.712543139999998966e+05
1.203912263750000000e+08 1.109519082999999970e+08 1.558146900000000000e+07 1.549515043299999833e+07
6.245365729000000656e+07 1.998177390000000000e+08 2.563285400000000000e+07 3.816727650000000000e+07
6.458185575999999046e+07 1.454839463800000548e+08 2.872419100000000000e+07 2.295857651999999769e+06
1.121621522999999970e+08 1.465811510000000000e+08 1.490991000000000000e+07 4.351210970000000298e+07
1.200814210400000066e+08 8.576000737999999523e+07 1.678198100000000000e+07 4.112297999000000209e+07
9.794524129999999702e+07 1.037970399660000056e+08 2.056820500000000000e+07 8.105597759999999544e+05
1.158381043499999940e+08 9.074703096199999750e+07 1.798706800000000000e+07 4.439944749999999767e+05
5.917846103999999911e+07 1.915527981999999881e+08 2.942775800000000000e+07 2.444875389999999851e+07
1.015412004099999964e+08 9.642102441940000653e+07 1.931426600000000000e+07 1.331658729519000053e+08
1.356503304399999976e+08 8.375460559999999404e+07 1.383913400000000000e+07 1.879747032199999988e+08
8.151202830000001192e+07 1.408582074000000060e+08 2.149336800000000000e+07 1.663477650000000000e+07
1.100328877699999958e+08 9.558895981000000238e+07 1.844014400000000000e+07 1.446100409999999916e+06
1.188286778000000417e+08 9.659640009999999404e+07 1.673335300000000000e+07 5.759464860000000335e+06
1.231162485999999940e+08 1.417914150000000000e+08 1.377733500000000000e+07 5.348283300000000000e+07
1.189510467220000029e+08 8.635506940299999714e+07 1.711493300000000000e+07 2.970186076099999994e+07
1.263080936829999983e+08 8.375752279399999976e+07 1.645111200000000000e+07 3.969013268050000072e+07
1.074376719899999946e+08 1.345113190000000000e+08 1.621954400000000000e+07 2.574805071999999881e+07
1.224802637399999946e+08 8.611759570000000298e+07 1.674170200000000000e+07 2.854416626999999955e+07
7.448422216400000453e+07 1.291208152000000030e+08 2.511959500000000000e+07 2.637321083800000139e+06
8.343958814499999583e+07 1.189692620999999940e+08 2.284046100000000000e+07 2.913402416000000201e+06
1.314126526400000006e+08 8.379494237000000477e+07 1.482604100000000000e+07 1.159844610999999940e+08
1.098197523620000035e+08 8.967654235800001025e+07 1.785334500000000000e+07 1.572779625753000081e+08
8.715815920000001788e+07 1.136110469379999936e+08 2.271082700000000000e+07 7.788495720000000438e+05
1.236005027300000340e+08 1.213530529000000060e+08 1.398835500000000000e+07 9.280038945000000298e+07
1.255646187399999946e+08 8.554996203900000453e+07 1.685526800000000000e+07 1.811413816499999911e+07
1.024075685000000000e+08 1.671181140000000000e+08 1.594464900000000000e+07 6.083739000000000000e+07
7.106221095000000298e+07 1.332761685100000054e+08 2.661903300000000000e+07 1.501577561999999918e+06
7.893876864000001550e+07 1.929361270000000000e+08 2.013976100000000000e+07 5.513474379999999702e+07
9.444192368999999762e+07 1.444408860000000000e+08 1.822285800000000000e+07 2.595101010000000149e+07
1.016988590869999975e+08 1.009967113390000015e+08 2.022167000000000000e+07 3.086081971999999951e+05
1.183664591800000221e+08 1.287155040000000000e+08 1.481642200000000000e+07 2.644514934299999848e+07
8.506206611199998856e+07 1.853987990000000000e+08 1.883333200000000000e+07 5.952859200000000000e+07
7.512905644399999082e+07 1.239265147437700033e+08 2.525759800000000000e+07 3.570599417508000135e+07
6.686205638000000268e+07 1.786931093000000119e+08 2.439936400000000000e+07 3.069194139999999851e+07
6.146592404999999702e+07 1.903355705000000000e+08 2.647276300000000000e+07 3.113393939999999851e+07
1.354664165099999905e+08 7.481937340000000596e+07 1.444940900000000000e+07 1.769209003000000119e+08
1.312868135600000024e+08 8.352343492000000179e+07 1.417535400000000000e+07 2.013777983100000024e+08
1.302784067870000005e+08 7.538900590160000324e+07 1.499200300000000000e+07 1.816438527080999911e+08
6.148595753000000119e+07 1.620898188000000119e+08 2.811632000000000000e+07 1.218717877999999933e+07
6.878862088199999928e+07 1.371658882299999893e+08 2.711914500000000000e+07 2.169722742899999954e+06
1.262374371899999976e+08 8.204628985999999940e+07 1.503866300000000000e+07 1.849253362299999893e+08
1.225896650900000185e+08 8.287580253000000119e+07 1.624442900000000000e+07 7.262401364399999380e+07
1.359547005799999833e+08 7.549333259999999404e+07 1.446582800000000000e+07 1.666943818000000119e+08
1.196612189870000035e+08 8.245373352699999511e+07 1.632339700000000000e+07 1.746477982624000013e+08
1.103877254200000018e+08 1.051163001599999964e+08 1.733329000000000000e+07 1.071180225999999978e+07
6.632827117000000179e+07 1.419176093499999940e+08 2.823517400000000000e+07 1.753181145000000019e+06
1.250171278199999779e+08 1.251180584000000060e+08 1.376756300000000000e+07 1.061070540000000000e+08
1.148314805799999982e+08 8.768155031299999356e+07 1.743059600000000000e+07 5.697089741499999911e+07
1.123767706169999987e+08 9.579450931000000238e+07 1.784890500000000000e+07 2.915849048899999820e+06
7.720436981000000238e+07 1.456981753199999928e+08 2.238488200000000000e+07 3.215749714999999851e+07
8.973343226000000536e+07 1.378465356999999881e+08 1.955821700000000000e+07 1.961697439999999851e+07
1.248292785000000447e+08 1.370803710000000000e+08 1.383793700000000000e+07 4.743370150000000000e+07
1.143852005719999969e+08 9.014362068240000308e+07 1.794032100000000000e+07 9.891532077519999817e+06
6.790989528000000119e+07 2.058192410000000000e+08 2.332124900000000000e+07 4.777500010000000149e+07
6.458476326400000602e+07 2.102855760000000000e+08 2.455830300000000000e+07 4.638224029999999702e+07
8.316816412999999523e+07 1.183783628799999952e+08 2.322406700000000000e+07 1.539489932000000030e+06
6.196623795300000161e+07 1.808762115999999940e+08 2.658604300000000000e+07 2.546976905000000075e+07
5.834535771000000089e+07 2.542609320999999940e+08 4.635574100000000000e+07 1.221019230000000075e+07
8.384603874999998510e+07 1.180917298400000036e+08 2.285573000000000000e+07 2.387492348999999929e+06
7.637786260299998522e+07 1.278759483599999994e+08 2.433418200000000000e+07 3.883257265000000130e+06
7.323686584999999404e+07 1.677512165000000000e+08 2.252781400000000000e+07 2.853420407999999821e+07
1.170171566270000041e+08 1.079459450999999940e+08 1.608579300000000000e+07 1.283175060600000061e+07
6.945903878000000119e+07 1.694146324000000060e+08 2.384135900000000000e+07 2.575694501999999955e+07
7.437654096999999881e+07 1.335222748400000036e+08 2.443821000000000000e+07 6.456683406000000425e+06
5.979261521899999678e+07 1.951768949000000060e+08 2.849245000000000000e+07 2.840679180000000075e+07
7.914530348399999738e+07 1.464167860999999940e+08 2.183575100000000000e+07 1.865568537999999896e+07
6.607835661999998987e+07 2.085191140000000000e+08 2.397940900000000000e+07 4.706560920000000298e+07
1.042784977699999958e+08 1.000165375400000066e+08 1.920058300000000000e+07 1.972580350000000093e+06
1.306890667900000066e+08 8.005833003000000119e+07 1.554034900000000000e+07 8.987499953000000119e+07
5.779943538999999315e+07 2.655307696999999881e+08 4.578552400000000000e+07 2.011035980000000075e+07
8.980748567000001669e+07 1.116331502500000000e+08 2.184144900000000000e+07 1.418776473999999929e+06
1.136891466400000155e+08 9.862215360999999940e+07 1.727942200000000000e+07 6.462908120000000112e+06
9.612122195000000298e+07 1.134249788199999928e+08 1.973349300000000000e+07 7.124328503000000492e+06
1.334582274329999983e+08 7.649637402300000191e+07 1.502855700000000000e+07 1.301258567140000015e+08
1.285478644899999797e+08 8.335698650000000000e+07 1.552473700000000000e+07 8.223412309999999404e+07
9.948517996999999881e+07 1.024912910199999958e+08 2.042105700000000000e+07 5.817914690000000410e+05
1.020744554200000018e+08 1.173071397000000030e+08 1.812611300000000000e+07 1.278915946900000051e+07
7.602726651999999583e+07 1.756525990000000000e+08 2.132242700000000000e+07 3.796806750000000000e+07
1.268781438149999976e+08 8.303877740999999642e+07 1.624095800000000000e+07 5.065915255699999630e+07
9.471807176399999857e+07 1.052946778439999968e+08 2.019979600000000000e+07 1.098874797269999981e+08
1.059109174899999946e+08 1.157342250000000000e+08 1.747237100000000000e+07 1.353018936999999918e+07
8.322053023999997973e+07 1.271562845999999940e+08 2.207991300000000000e+07 8.000604313000000082e+06
1.098344200600000024e+08 9.230811293199999630e+07 1.843851600000000000e+07 2.204049885900000110e+07
5.963107445000000298e+07 1.736479379000000060e+08 3.027463600000000000e+07 1.273696641000000015e+07
6.267168519000001252e+07 1.517192130600000024e+08 2.858703200000000000e+07 5.834947780000000261e+06
7.287700967000000179e+07 1.321416106599999964e+08 2.532882400000000000e+07 3.859731748000000138e+06
1.121902979699999988e+08 1.499436570000000000e+08 1.490434200000000000e+07 3.840536750000000000e+07
9.139564798000000417e+07 1.730070450000000000e+08 1.784532000000000000e+07 4.302518570000000298e+07
6.103565309000000358e+07 1.768013250000000000e+08 2.735565800000000000e+07 2.185105255000000075e+07
6.441102690999999642e+07 1.499302379000000060e+08 2.756427900000000000e+07 7.411928959999999963e+06
1.078136501599999964e+08 9.642238717000000179e+07 1.899481800000000000e+07 6.527609270000000251e+05
1.156198208299999982e+08 1.346509500000000000e+08 1.489273100000000000e+07 2.948797501000000164e+07
6.196559665999999642e+07 1.590154612299999893e+08 3.068542100000000000e+07 3.777149711999999825e+06
1.167203432900000066e+08 9.213189759999999404e+07 1.743786600000000000e+07 2.106258583999999799e+06
1.211179227000000030e+08 1.479263370000000000e+08 1.385084800000000000e+07 5.101026900000000000e+07
1.214016583000000417e+08 9.777459300000000000e+07 1.607670300000000000e+07 2.455924889999999851e+07
