1.168916348400000036e+08 9.010158243700000644e+07 1.777930000000000000e+07 5.988579590000000317e+05
1.226745094000000060e+08 1.414932820000000000e+08 1.385420500000000000e+07 4.764576700000000000e+07
1.221590877999999821e+08 1.078617494000000060e+08 1.565990100000000000e+07 1.379327200000000000e+07
1.228612871000000238e+08 1.169823102000000030e+08 1.507038000000000000e+07 1.980476419999999925e+07
1.256905180160000026e+08 8.355871145000000298e+07 1.641424700000000000e+07 4.344960809200000018e+07
1.316941514099999964e+08 8.316730329000000656e+07 1.474141400000000000e+07 1.233838948199999928e+08
1.227822432800000161e+08 9.917070350000000000e+07 1.624427300000000000e+07 8.070586099999999627e+06
1.206239170085999817e+08 1.100713665999999940e+08 1.562419100000000000e+07 1.488102350306000002e+07
1.039640142399999946e+08 9.898627152099999785e+07 1.965919400000000000e+07 6.125762820000000065e+05
1.237273268910000026e+08 1.284533480000000000e+08 1.445435800000000000e+07 2.715141634510000050e+07
1.021092214300000072e+08 1.005254388270000070e+08 2.008571500000000000e+07 3.961444689999999828e+05
1.207445534800000340e+08 1.017228245000000000e+08 1.617491400000000000e+07 9.479806900000000373e+06
1.288446445999999940e+08 7.977650062199999392e+07 1.565291100000000000e+07 9.044809231000000238e+07
1.227641701940000057e+08 8.739512636300000548e+07 1.739868000000000000e+07 2.047965804000000062e+05
1.321444953310000002e+08 7.693607516300000250e+07 1.516105200000000000e+07 1.242755861439999938e+08
1.186364107699999958e+08 1.293628500000000000e+08 1.466406800000000000e+07 3.300166210000000149e+07
1.225853887699999958e+08 1.316762290000000000e+08 1.436619900000000000e+07 2.911108471700000018e+07
1.056195017399999946e+08 9.778351662899999321e+07 1.947508400000000000e+07 4.648802359999999753e+05
1.249588509000000060e+08 1.369465560000000000e+08 1.383406700000000000e+07 4.760708450000000000e+07
1.188493910400000066e+08 8.964003027700001001e+07 1.745862600000000000e+07 8.406756709999999730e+05
1.198431261299999803e+08 1.352771270000000000e+08 1.444139500000000000e+07 3.045888220800000057e+07
9.293084201999999583e+07 1.760432480000000000e+08 1.745744600000000000e+07 5.129321029999999702e+07
1.357731233200000226e+08 7.345440306599999964e+07 1.458764500000000000e+07 1.760293431360000074e+08
1.282647602499999553e+08 1.169845844000000060e+08 1.382869500000000000e+07 9.243218254999999702e+07
9.079385576999999583e+07 1.181904832999999970e+08 2.073318200000000000e+07 6.662328421000000089e+06
1.188758553700000048e+08 8.553049433300000429e+07 1.698210200000000000e+07 4.610628079599999636e+07
9.508753806999999285e+07 1.070991202500000000e+08 2.079047200000000000e+07 1.590156236000000034e+06
1.073064516800000072e+08 1.346420640000000000e+08 1.620784500000000000e+07 2.617862882000000030e+07
1.193827070600000471e+08 1.192720604800000042e+08 1.459251800000000000e+07 7.695815653999999166e+07
7.723986100999999046e+07 1.248838276519999951e+08 2.524002100000000000e+07 6.444971629999999423e+05
7.501352804999999702e+07 1.361697054000000060e+08 2.400510100000000000e+07 8.223065348000000231e+06
1.357489697300000191e+08 8.389163340000000596e+07 1.382059600000000000e+07 1.894875329799999893e+08
1.145438709099999964e+08 9.183106751700000465e+07 1.799370000000000000e+07 7.979674039999999804e+05
1.297117800620000213e+08 7.572790154490000010e+07 1.504832700000000000e+07 1.831263316967000067e+08
1.156817603799999952e+08 1.510700130000000000e+08 1.444019500000000000e+07 3.941978300000000000e+07
6.875257007000000775e+07 1.394775820370000005e+08 2.810725300000000000e+07 5.796686700000000419e+05
1.320201637199999988e+08 7.800080079999999702e+07 1.503337600000000000e+07 1.252804865400000066e+08
8.529552853999999166e+07 1.532376208000000119e+08 1.979538400000000000e+07 2.938094530000000075e+07
1.185254359000000060e+08 1.288618437999999970e+08 1.436480200000000000e+07 8.340794559999999404e+07
9.520199095000000298e+07 1.164791052999999970e+08 1.971507200000000000e+07 8.456466025000000373e+06
1.357937722200000286e+08 7.626663409999999404e+07 1.441201300000000000e+07 1.669076535000000000e+08
9.254680268000000715e+07 1.086078237460000068e+08 2.156381900000000000e+07 7.572692460000000428e+05
9.730360070999999344e+07 1.017089013700000048e+08 2.034689000000000000e+07 2.453348923000000045e+07
1.176134448289999962e+08 1.048742969000000060e+08 1.623687200000000000e+07 1.082673711749999970e+07
1.142912366519999951e+08 1.029902597999999970e+08 1.684090900000000000e+07 8.545654422000000253e+06
7.494343358999998868e+07 1.317854059399999976e+08 2.451738100000000000e+07 4.919395781999999657e+06
1.041355250400000066e+08 9.422946950599999726e+07 1.885103600000000000e+07 1.357796082644000053e+08
1.346091955929999948e+08 7.618223790999999642e+07 1.490564300000000000e+07 1.363425594900000095e+08
1.209842635799999982e+08 1.515750270000000000e+08 1.376789900000000000e+07 5.983822400000000000e+07
1.205077052399999946e+08 9.348828609000000358e+07 1.686033700000000000e+07 3.952269890000000130e+06
6.492673152499999851e+07 1.548312020999999940e+08 2.681235200000000000e+07 1.128421266000000015e+07
1.256819174000000060e+08 8.552641876199999452e+07 1.685337800000000000e+07 1.812122720899999887e+07
1.216581917479999959e+08 1.134487014800000042e+08 1.463254900000000000e+07 6.917705840000000596e+07
6.053527042000000179e+07 2.402575321500000060e+08 4.674098700000000000e+07 3.923973422999999952e+06
9.347899447100001574e+07 1.039911317744999975e+08 2.073063300000000000e+07 1.018966506225000024e+08
1.235344604130000025e+08 8.373336077300000191e+07 1.651874100000000000e+07 4.615890738700000197e+07
1.262735310920000225e+08 8.288807139300000668e+07 1.626197400000000000e+07 5.186758988099999726e+07
9.699420307500000298e+07 1.716778250000000000e+08 1.687638300000000000e+07 4.509820889999999851e+07
8.902529659999999404e+07 1.118996521770000011e+08 2.228786000000000000e+07 7.521787369999999646e+05
5.851221431999999285e+07 2.523730405999999940e+08 4.642519700000000000e+07 1.102534502999999933e+07
1.208739623219999969e+08 8.672618744300000370e+07 1.720680600000000000e+07 1.310534038599999994e+07
1.072407268900000006e+08 1.582953170000000000e+08 1.548169300000000000e+07 4.050197818999999762e+07
1.025527284699999988e+08 1.536842910000000000e+08 1.632225800000000000e+07 3.597833428999999911e+07
1.188569808799999952e+08 9.509014034999999404e+07 1.686560600000000000e+07 4.676265780000000261e+06
6.160198792999999970e+07 1.770609655000000000e+08 2.701962300000000000e+07 2.205791294000000134e+07
1.181665190939999968e+08 8.394397733860000968e+07 1.667448300000000000e+07 1.172384962807600051e+08
5.913079264000000060e+07 1.904906935000000000e+08 2.957637000000000000e+07 2.365157669999999925e+07
8.322390117999999225e+07 1.178111747939999998e+08 2.371353400000000000e+07 6.247326350000000093e+05
1.085041715000000000e+08 9.650228870000000298e+07 1.866976800000000000e+07 1.447133070999999996e+06
7.867309880000001192e+07 1.234199351030000001e+08 2.465622400000000000e+07 8.002862339999999385e+05
1.065376849963999987e+08 9.879658070999999344e+07 1.879844200000000000e+07 2.279523216219999827e+06
7.029498061500000954e+07 1.348478231300000548e+08 2.642803000000000000e+07 2.708121682000000030e+06
1.168153121599999964e+08 1.167527909000000060e+08 1.558461000000000000e+07 1.841359816499999911e+07
6.184899854999999702e+07 1.943417196999999881e+08 2.610018900000000000e+07 3.412383039999999851e+07
6.821937703000000119e+07 2.055530160000000000e+08 2.321476700000000000e+07 4.802253520000000298e+07
8.711068862999998033e+07 1.137578449420000017e+08 2.265376200000000000e+07 8.372307070000000531e+05
8.803471837999999523e+07 1.185056167300000042e+08 2.138378800000000000e+07 5.860875162000000477e+06
8.453109394799998403e+07 1.824011800000000000e+08 1.906013800000000000e+07 4.447959200000000000e+07
8.092909910499998927e+07 1.202811921770000011e+08 2.418937400000000000e+07 7.521787369999999646e+05
1.221093484479999989e+08 8.094975344700001180e+07 1.594696000000000000e+07 1.757856921976999938e+08
6.878726466174000502e+07 1.339629171661709994e+08 2.729311800000000000e+07 3.284676758312200010e+07
7.854852709000000358e+07 1.838559480000000000e+08 2.042136200000000000e+07 4.179498450000000000e+07
6.239733337000000477e+07 1.993547290000000000e+08 2.567201700000000000e+07 3.783078110000000149e+07
1.315592226979999989e+08 8.144053580000001192e+07 1.431586100000000000e+07 1.781044341100000143e+08
8.170055385199999809e+07 1.818501080000000000e+08 1.962031100000000000e+07 5.342605000000000000e+07
1.026595062500000000e+08 1.223516627999999970e+08 1.768902900000000000e+07 1.633374959699999914e+07
1.086575947900000066e+08 1.137043850999999940e+08 1.707593100000000000e+07 1.394280617999999970e+07
1.181138111500000209e+08 1.303386760000000000e+08 1.476572900000000000e+07 2.750793396499999985e+07
7.252433532999999821e+07 1.310569031650000066e+08 2.628454000000000000e+07 1.229296035999999847e+06
6.596327174999999255e+07 2.085495640000000000e+08 2.402266000000000000e+07 4.697556570000000298e+07
1.366115653700000048e+08 8.301627650000000000e+07 1.386196100000000000e+07 1.812514874000000060e+08
6.615593939999999106e+07 1.422126256699999869e+08 2.824265600000000000e+07 1.881312972999999998e+06
7.624907931000000238e+07 1.950433560000000000e+08 2.082900200000000000e+07 4.790481239999999851e+07
7.437115212999999523e+07 1.285438751469999999e+08 2.575762400000000000e+07 1.079550269000000088e+06
8.021956366300000250e+07 1.189005113700000048e+08 2.417046500000000000e+07 1.070067723000000045e+07
6.259529181000000238e+07 2.356832569799999893e+08 4.681551500000000000e+07 1.425592144000000088e+06
9.188041575000000000e+07 1.674557410000000000e+08 1.789976900000000000e+07 3.903280782999999821e+07
9.175047793999999762e+07 1.318239185999999940e+08 1.942913400000000000e+07 1.700991878999999911e+07
6.435785145999999344e+07 2.033476770000000000e+08 2.470301400000000000e+07 4.213597029999999702e+07
6.042991907999999821e+07 1.659056124000000060e+08 3.050539200000000000e+07 8.065727480000000447e+06
6.060852657000000030e+07 1.915594866999999881e+08 2.746581800000000000e+07 2.922631910000000149e+07
9.462278218000000715e+07 1.421516743199999928e+08 1.802981300000000000e+07 7.938451890999999642e+07
9.711245706999999285e+07 1.046053812650000006e+08 2.076055100000000000e+07 6.444431409999999451e+05
1.162587628599999845e+08 1.358791920000000000e+08 1.471780500000000000e+07 3.282356710000000149e+07
8.341180039000000060e+07 1.875328570000000000e+08 1.915945000000000000e+07 5.841827200000000000e+07
8.917729453000000119e+07 1.804952040000000000e+08 1.807128000000000000e+07 5.981216400000000000e+07
1.280902621449999958e+08 7.669651766019999981e+07 1.526061900000000000e+07 1.829100249749999940e+08
8.485534982999999821e+07 1.163613113690000027e+08 2.331664600000000000e+07 5.348352179999999935e+05
1.336484922399999946e+08 7.415715400100000203e+07 1.477416100000000000e+07 1.694046379729999900e+08
1.252316677999999970e+08 8.526189000000000000e+07 1.680557600000000000e+07 2.144790600000000000e+07
9.816315453700000048e+07 1.070978868900000006e+08 1.987027800000000000e+07 3.641137501399999950e+06
7.882331542000000179e+07 1.750673310000000000e+08 2.058084800000000000e+07 3.708074932999999821e+07
1.315917557399999946e+08 7.938424666999998689e+07 1.438251900000000000e+07 1.945089728249999881e+08
1.162845197000000030e+08 1.482520770000000000e+08 1.433018300000000000e+07 4.290491889999999851e+07
9.399074128000000119e+07 1.047311187310000062e+08 2.111489700000000000e+07 1.575891058699999936e+07
7.006821115999999642e+07 2.033124180000000000e+08 2.260313700000000000e+07 4.897261820000000298e+07
9.494564026000000536e+07 1.476561730000000000e+08 1.794253300000000000e+07 2.877280617999999970e+07
1.054853125999999940e+08 9.491543549699999392e+07 1.893871800000000000e+07 3.562973975199999660e+07
6.464264290500000119e+07 1.453647902800000012e+08 2.872652600000000000e+07 2.229894401800000109e+06
5.788909842999999970e+07 2.622828640999999940e+08 4.598086600000000000e+07 1.755639485999999940e+07
9.922511037999999523e+07 1.028805984389999956e+08 2.042037400000000000e+07 5.787170029999999097e+05
1.006755172999999821e+08 1.686142890000000000e+08 1.620710700000000000e+07 5.683041300000000000e+07
1.364400747199999988e+08 7.341330019900000095e+07 1.457503100000000000e+07 1.732387627470000088e+08
1.141295576149999946e+08 9.689240704999999702e+07 1.738413700000000000e+07 4.441637779699999839e+06
1.189078102600000203e+08 1.456104530000000000e+08 1.421692300000000000e+07 3.668261304999999702e+07
5.776978806000000238e+07 2.690332181999999881e+08 4.560884600000000000e+07 2.246878960000000149e+07
8.938379990999999642e+07 1.353449631999999881e+08 1.982467800000000000e+07 1.737470789000000060e+07
1.035532343550000042e+08 1.038967402099999934e+08 1.890325100000000000e+07 4.358723781000000425e+06
6.156776858000000566e+07 1.643937504000000060e+08 2.786128200000000000e+07 1.383520363000000082e+07
1.212223327999999821e+08 1.244958345999999940e+08 1.426158200000000000e+07 6.913969879999999702e+07
6.150308534000000358e+07 1.743893574000000060e+08 2.719576900000000000e+07 2.056200442000000179e+07
7.260441986699999869e+07 1.335075473700000048e+08 2.539463600000000000e+07 3.812365229999999981e+06
1.349804266399999857e+08 7.817261229999999702e+07 1.441994600000000000e+07 1.583503540999999940e+08
1.277913532600000054e+08 8.250214570000000298e+07 1.567242300000000000e+07 7.954559700000000000e+07
