1.2437792073000002E8 1.078345511E8 1.3209534E7 7.741315301E7
1.2168310120000002E8 9.555349535E7 1.4409091E7 3.525961076E7
1.2624186237E8 7.5038663E7 1.441691E7 9.252403305E7
1.17867737417E8 7.9891322265E7 1.5891827E7 2.4813047686E7
1.26714703843E8 7.3115609006E7 1.4443475E7 9.9830764504E7
1.2320314439000002E8 1.0046512931E8 1.3757297E7 5.81756512E7
1.1449631142E8 8.60214845E7 1.6187224E7 2206280.11
1.29584234663E8 6.94775399737E7 1.3845583E7 1.6797341606893E8
9.89580707E7 9.000363232200001E7 1.6813782E7 1.60190948675E8
1.1814722048999998E8 1.31344132E8 1.3256595E7 4.12761948E7
6.235283232000001E7 1.27531339736E8 2.5539408E7 2.5384033592E7
8.525148130000001E7 9.972854037E7 1.9991786E7 1.488521323E7
6.56731845108E7 1.4527405236E8 2.2216943E7 2.807400461E7
9.3995246491E7 1.023859084E8 1.7814618E7 6080370.077
1.2190612011E8 1.2229223E8 1.3251918E7 4.05327467E7
7.211590492999998E7 1.312246102E8 2.1068781E7 1.244403565E7
1.120676335E8 8.193114173E7 1.5019743E7 1.8907121502E8
1.3014576976000002E8 7.33755423E7 1.3809714E7 1.295533463E8
1.0833270281E8 8.861779588000001E7 1.6859426E7 1495335.095
8.961594082E7 1.353392488E8 1.665824E7 2.524712052E7
1.1255175574800004E8 9.92438749E7 1.5347583E7 1.06718930901E7
7.921031752000001E7 1.0830909415E8 2.1052113E7 1791970.956
1.2523546957999998E8 7.3361528165E7 1.4490847E7 1.03067119526E8
1.2329260388E8 7.6205649805E7 1.5045096E7 6.09737342838E7
1.0001923084000002E8 1.16157745E8 1.5924426E7 1.7730062324E7
6.054589938E7 1.3526101341E8 2.5538195E7 4375039.596
6.2531637551E7 1.3387706647E8 2.4534737E7 5885840.996
9.9257197759E7 1.030162383E8 1.6857169E7 8771960.137
1.21036578742E8 7.356488772600001E7 1.4451919E7 1.759510095117E8
9.7360753621E7 8.78120909689E7 1.7404392E7 1.475437883354E8
8.318394195599999E7 1.010784017688E8 1.9922427E7 8.53109609841E7
9.3746121271E7 9.07163003847E7 1.8040425E7 1.298493455365E8
1.1506857614E8 1.175888589E8 1.3723692E7 6.39466977E7
1.1050761015E8 8.74958099E7 1.4957436E7 1.9743716516E8
8.481978483999999E7 1.249229239E8 1.81418E7 1.623231835E7
1.1006148667E8 9.171159659E7 1.621851E7 4806296.79
1.2945048549E8 6.9647367076E7 1.3915853E7 1.54105151418E8
1.0406603134E8 1.270487925E8 1.4499744E7 9.539492112E7
6.4878907712000005E7 1.352513791E8 2.3307823E7 9536320.25
1.0200659409E8 8.6628778761E7 1.7163338E7 4.5817408082E7
1.2322753359900002E8 7.6673891895E7 1.5121475E7 5.48848966193E7
6.803816983E7 1.86114355E8 1.9837243E7 4.46601992E7
9.145856762E7 1.62913088E8 1.5513395E7 4.65057168E7
1.2075895754E8 1.24849422E8 1.3251787E7 3.90279288E7
1.2524544217E8 7.85715415E7 1.4468214E7 7.84497673E7
1.0782364122E8 8.4570035832E7 1.6778816E7 2.3493714996E7
1.1483972642800002E8 7.59678991329E7 1.5133455E7 1.791101032898E8
9.8405740267E7 8.69517001192E7 1.7254145E7 1.518534248648E8
9.532490120000002E7 1.294943801E8 1.5981365E7 2.391317175E7
7.394733718000002E7 1.1723403429E8 2.1650971E7 4485311.031
1.1978827689E8 9.1267126E7 1.4930429E7 2.38356054E7
1.08541808047E8 8.3906010431E7 1.6616968E7 3.0084859146E7
1.0327747771E8 1.53144748E8 1.4190716E7 5.7328838E7
7.01306698963E7 1.15342901549E8 2.3249287E7 3.566239973809E7
8.149370994E7 1.1069226111E8 1.9936431E7 5385511.509
1.1952207384E8 8.2307744E7 1.5666371E7 1.73244491E7
7.411969528999999E7 1.80039654E8 1.8386032E7 4.51011662E7
7.294595600999998E7 1.82875139E8 1.8621383E7 4.6019459E7
1.0374548394E8 8.9542164349E7 1.7411064E7 1097949.494
6.025940413E7 1.750935478E8 2.2705243E7 3.23580869E7
8.0854801E7 1.237992778E8 1.9085494E7 1.3733281434E7
1.1525666386E8 9.0924843E7 1.5467548E7 1.56264434E7
1.1693422480000004E8 1.3857211E8 1.3234974E7 4.57482418E7
1.3157613779000002E8 6.9593635399E7 1.3858668E7 1.4388769888E8
1.1380770004000002E8 1.29315674E8 1.3782771E7 2.989923123E7
9.165374089E7 1.47459509E8 1.5836339E7 3.4168044099999994E7
9.814233719E7 9.3006407686E7 1.8005748E7 1321245.91
1.3095419881E8 7.631955460000001E7 1.3262461E7 1.6700941424E8
9.999728236E7 1.228569412E8 1.5588309E7 2.1981432055E7
8.405193107999998E7 1.133061856E8 1.9055085E7 8606940.521
7.715177992E7 1.1063984646E8 2.1476804E7 1798899.605
1.1910480292E8 7.877756535E7 1.5464444E7 4.43271088E7
1.18284094579E8 1.17531768E8 1.3820754E7 2.3641212742E7
1.0029538492000002E8 9.0942651098E7 1.8051798E7 381194.711
1.21029054274E8 7.91808544561E7 1.5673169E7 2.43683681636E7
8.5216334822E7 1.0384174223E8 1.9674107E7 2956833.152
1.0236315643E8 1.162964054E8 1.564188E7 1.80282735E7
1.2953179686E8 7.8553694E7 1.3239252E7 1.8706853702E8
9.252727557999998E7 9.335516175E7 1.8570194E7 3.1046224733E7
8.1184988955E7 1.026376883831E8 2.0440546E7 6.961509564253E7
6.605166907300001E7 1.2114680854766E8 2.4393762E7 3.772989596888E7
1.2068498583E8 7.6079021759E7 1.5077717E7 7.7482821594E7
1.3202897531000002E8 7.75761258E7 1.3252657E7 1.5321612067E8
8.376583828E7 1.429955657E8 1.7405162E7 2.806951079E7
9.538401820000002E7 1.55701602E8 1.5002934E7 5.6545579E7
5.714405716E7 1.497951649E8 2.7110058E7 7970368.65
8.988535353999999E7 1.091093149E8 1.8083647E7 8770860.576
1.1874566734E8 1.213472788E8 1.3242909E7 9.35047222E7
1.0922770566E8 1.48107446E8 1.3700255E7 5.5326081E7
9.594613705E7 9.0615835874E7 1.7975122E7 4.1382515108E7
6.037890849E7 1.3756283148E8 2.5242761E7 6045048.477
1.1137821722E8 8.392175469E7 1.6781109E7 5408939.217
5.830537793E7 1.576602677E8 2.4570035E7 1.852786239E7
7.089111189000002E7 1.17833227083E8 2.3238009E7 1234152.562
1.0913280853E8 1.10513267E8 1.5069133E7 1.7029963489E7
1.1017019644E8 8.5840047095E7 1.6873865E7 632668.1270000001
5.640063149E7 1.567165308E8 2.6913357E7 1.210787731E7
1.123454562E8 9.066899462E7 1.6010299E7 4870922.5600000005
1.1411220719E8 1.143007947E8 1.4337788E7 2.0708326943E7
1.2299717843E8 8.14045086E7 1.373765E7 1.9295217371E8
8.764346524E7 1.5731824E8 1.6214462E7 3.855116617E7
1.0604512021E8 9.117138456E7 1.6839711E7 3025468.26
1.00104899059E8 9.668528747E7 1.730351E7 4223145.220279999
1.1842701683E8 9.52320469E7 1.5059516E7 9310099.3
1.11464940148E8 7.78956190293E7 1.547804E7 1.814125738648E8
1.19987876107E8 8.02787868407E7 1.5965819E7 1.13931612293E7
1.01245667082E8 8.48811843E7 1.6784082E7 1.60167436457E8
1.1871675173000002E8 8.704476254E7 1.5672541E7 3865251.33
9.061690747E7 1.182761724E8 1.7322086E7 1.5239578461E7
7.9808528012E7 1.0404230854766E8 2.0783551E7 5.576792096888E7
9.288932713E7 1.104528638E8 1.7399758E7 1.1126160324E7
7.507028704E7 1.1940887208E8 2.1092083E7 6510523.441
1.1105231394E8 1.4400869E8 1.3588312E7 5.3002604E7
5.59194259E7 1.765385576E8 2.5920086E7 2.50970648E7
9.439131609E7 1.42052113E8 1.5625217E7 3.134792575E7
1.05084377222E8 9.9657665E7 1.6262213E7 8484236.1096
7.8115741069E7 1.69180768E8 1.770483E7 4.20958732E7
9.603748665E7 9.3633091776E7 1.8546105E7 529447.302
9.368495117E7 1.52524452E8 1.5434488E7 3.746685713E7
1.07885231463E8 8.0165013394E7 1.5885763E7 1.804138702393E8
6.777803269E7 1.187284339787E8 2.3845128E7 3.92017367607E7
6.461029068999999E7 1.80122474E8 2.1018956E7 3.82441397E7
1.107648163E8 8.421178536E7 1.5071702E7 1.914142776E8
1.0554311256E8 8.701164937E7 1.7377617E7 3971492.43
6.202520848E7 1.3138381626E8 2.5288263E7 3066241.793
1.1459368534E8 8.356670496700001E7 1.65495E7 437288.865
1.202851566E8 1.1432079E8 1.3859798E7 2.1910863E7
1.23714446563E8 7.6563558873E7 1.5068663E7 5.669866795E7
1.2065083551999998E8 1.167233749E8 1.3173741E7 8.853498309E7
8.7333811377E7 9.778521098E7 1.951325E7 2.061572072563E7
1.2914750023E8 7.39329263E7 1.3842549E7 1.276190592E8
7.214235523000002E7 1.557350815E8 1.9677443E7 2.844171169E7
9.102839934E7 1.260526551E8 1.6816836E7 2.042817227E7
1.0206021547E8 9.222488496E7 1.7346839E7 2501463.652
1.13532086484E8 8.1750908997E7 1.6233887E7 2.484292711E7
7.506725799E7 1.0954012435E8 2.2078958E7 2.0429382245E7
9.635924504E7 1.35671952E8 1.5542475E7 2.880465462E7
1.2212473479E8 7.305657578E7 1.4438851E7 1.5336156617E8
8.56537975951E7 9.908555224636E7 1.9773111E7 2.372601230499E7
9.164857868E7 9.6800913211E7 1.9168197E7 640425.7620000001
9.603962033E7 1.149015035E8 1.6589845E7 1.5318068842E7
6.8526048749E7 1.20924115297E8 2.4069003E7 1038461.784
5.635876849E7 1.822868445E8 2.528789E7 2.9401284E7
1.0760034495E8 1.235863564E8 1.4199556E7 9.251266506E7
1.039538447E8 1.126818668E8 1.563037E7 1.6230360419E7
6.660620351000001E7 1.23772539025E8 2.4690797E7 962973.406
8.707342363E7 1.00527146799E8 1.9827268E7 918410.047
9.771969058E7 1.54812274E8 1.4865319E7 4.32497213E7
7.888795082E7 1.76528594E8 1.7426867E7 4.59805972E7
1.2612839808E8 7.941419569999999E7 1.3504243E7 1.8963875647E8
6.4665178792E7 1.2683022709E8 2.4615251E7 2457205.4715
5.93206447E7 1.569700371E8 2.4035433E7 1.896596795E7
1.20445852464E8 7.318137633860001E7 1.4606453E7 1.7248228628076E8
8.258614794999999E7 1.170811211E8 1.9117785E7 1.0391716114E7
1.03516528877E8 9.553271161E7 1.6795431E7 5370029.469
1.2379078676000002E8 7.93539576E7 1.4899978E7 5.48288512E7
8.224536055999999E7 1.433966614E8 1.7744715E7 2.67517872E7
1.0425338324E8 8.699945311E7 1.722636E7 1.611402987E7
9.7717616875E7 1.084178361E8 1.6724675E7 1.1758455878E7
7.665534157999998E7 1.78406454E8 1.7857368E7 4.56226765E7
1.0522528434E8 1.243347399E8 1.4836228E7 2.60788649E7
7.464973694000001E7 1.13045071593E8 2.2301177E7 1183738.0680000002
7.721773619E7 1.446038588E8 1.8851623E7 2.467659916E7
6.7593020272E7 1.2423752801E8 2.3374146E7 3991603.031
9.361253656E7 9.5633187744E7 1.8688015E7 1071095.594
7.013993914E7 1.2963702639E8 2.1738398E7 1.88406645E7
8.2489589256E7 1.72060326E8 1.6823089E7 4.5126219E7
8.976955942E7 9.876514388E7 1.9212518E7 1300003.756
6.403944016874E7 1.24151287166171E8 2.509428E7 3.2865631583122E7
8.971536123E7 9.725239537E7 1.9494611E7 4566981.03
6.885640105000001E7 1.2549569909E8 2.2652468E7 6291559.620999999
1.0531566564000002E8 1.386571E8 1.4371261E7 3.323026856E7
1.1695927348E8 8.2869014078E7 1.6275739E7 635796.9909999999
6.2669624396E7 1.83049174E8 2.1578247E7 3.84172377E7
9.1425088882E7 9.3936804758E7 1.8262461E7 1.186729773891E8
1.2280768605E8 1.097857307E8 1.3224098E7 7.760507705E7
8.321576793800001E7 1.7005844E8 1.6618164E7 5.9145587E7
1.0938781583E8 1.31468705E8 1.4146673E7 3.004825488E7
9.239648036E7 1.342970299E8 1.6227733E7 2.5785739470000003E7
1.084516471E8 8.133785951E7 1.6119667E7 9.2454173865E7
8.943588196E7 9.6194666146E7 1.9281272E7 1.584183302E7
1.1682329002E8 7.607368128E7 1.5039764E7 1.28893625362E8
1.1995640924E8 7.94710833E7 1.4345185E7 1.359588219E8
8.940227141999999E7 1.53684865E8 1.6039324E7 3.647555929E7
9.830261243E7 1.44568796E8 1.5012468E7 3.471696029000001E7
5.837504544E7 1.4344769474E8 2.725496E7 4331000.051
7.820289078999999E7 1.25884866E8 1.960932E7 1.391064915E7
8.681455414E7 1.255298813E8 1.7629602E7 1.904275859E7
6.031093698E7 1.88753133E8 2.2260298E7 4.09103831E7
9.7270044652E7 9.94874432E7 1.7458697E7 5615019.8371
7.280726113E7 1.73934498E8 1.8841284E7 4.03598404E7
1.02138734419E8 1.06649569E8 1.6185592E7 1.2266804707E7
8.30270541E7 1.0484150034E8 2.0270191E7 1794120.823
9.036060284E7 1.353291614E8 1.62359E7 8.701322716E7
1.2124231512E8 7.96116508E7 1.5007996E7 5.6655022E7
1.0393162706E8 1.32076791E8 1.4714117E7 2.898191448E7
1.3123525452E8 7.7240081E7 1.3246096E7 1.6007696363E8
1.0434081052E8 8.359904837E7 1.6640035E7 9.2629862356E7
7.298830705E7 1.15018271696E8 2.2813062E7 1022934.263
1.1908873687E8 1.035664425E8 1.4459611E7 1.6381059E7
8.721936305299999E7 1.0581535229E8 1.9022094E7 4625419.357000001
1.1574023338E8 1.25267434E8 1.3729308E7 2.802099114E7
1.1477067115E8 7.84556049001E7 1.5013248E7 1.427364290925E8
1.0776446167000002E8 1.51019762E8 1.3808321E7 5.6178068E7
5.792828537000001E7 1.573167217E8 2.5003539E7 1.690344994E7
1.08067477561E8 9.64889508E7 1.6090696E7 7449349.378
1.152494747E8 9.16516803E7 1.5594519E7 6243035.609999999
8.101742226E7 1.152288519E8 1.973113E7 7555046.924000001
5.830721225000001E7 1.876388623E8 2.3607025E7 3.65103683E7
5.591762981E7 1.666453858E8 2.6456873E7 1.852125926E7
7.177612092E7 1.1884177364E8 2.2273503E7 4031254.976
8.1357700277E7 1.67340016E8 1.7024544E7 5.487722E7
1.2302615067E8 1.061080849E8 1.3597359E7 5.34725952E7
1.1997563826E8 9.897414077E7 1.4344971E7 3.335701189E7
7.910333825E7 1.499114547E8 1.8130335E7 2.968118566E7
1.1027596218E8 1.208244321E8 1.4003916E7 8.542530755E7
7.60864825218E7 1.71776883E8 1.8044666E7 5.22203228E7
5.736167805E7 1.528819733E8 2.6134653E7 1.17102942E7
6.537049799999999E7 1.7278585E8 2.1021006E7 3.423058624E7
8.973139334E7 1.65984769E8 1.5635994E7 6.0565898E7
1.2404468065E8 7.359668196E7 1.4392055E7 1.2015894E8
7.663366267999999E7 1.1540380747E8 2.0906877E7 5463408.383
1.19004316528E8 1.0522921673E8 1.3812778E7 6.0709698088E7
1.1621484471E8 8.316419606E7 1.440459E7 1.9375994184E8
8.600198632E7 1.3153993554E8 1.7269487E7 6.789558476E7
8.447184114000002E7 1.53883168E8 1.6872266E7 3.48611627E7
1.14955655911E8 1.002795457E8 1.5066037E7 1.14293442935E7
1.2909765633000004E8 7.34161538E7 1.3716514E7 1.422167706E8
1.1660997155E8 1.071203046E8 1.4439649E7 1.77842781E7
6.632677278E7 1.87631918E8 2.0298101E7 4.43118165E7
