1.243779207300000191e+08 1.078345510999999940e+08 1.320953400000000000e+07 7.741315301000000536e+07
1.216831012000000179e+08 9.555349534999999404e+07 1.440909100000000000e+07 3.525961075999999791e+07
1.055321759459999949e+08 9.744645590000000596e+07 1.636563100000000000e+07 7.154114889800000004e+06
1.262418623700000048e+08 7.503866300000000000e+07 1.441691000000000000e+07 9.252403304999999702e+07
1.197012912000000030e+08 9.286623600000000000e+07 1.474371500000000000e+07 2.955418789999999851e+07
1.316238446099999994e+08 7.792452259999999404e+07 1.318028800000000000e+07 1.643938230200000107e+08
1.191207366400000006e+08 8.735915829999999702e+07 1.563021000000000000e+07 4.069321220000000205e+06
1.178677374169999957e+08 7.989132226500000060e+07 1.589182700000000000e+07 2.481304768600000069e+07
1.267147038429999948e+08 7.311560900599999726e+07 1.444347500000000000e+07 9.983076450399999321e+07
1.232031443900000155e+08 1.004651293100000024e+08 1.375729700000000000e+07 5.817565120000000298e+07
1.144963114200000018e+08 8.602148450000000000e+07 1.618722400000000000e+07 2.206280109999999870e+06
1.076704341650000066e+08 8.684573917200000584e+07 1.725067400000000000e+07 3.333428290000000270e+05
1.162594264300000072e+08 9.476523240000000596e+07 1.525879100000000000e+07 8.600351000000000000e+06
1.186675498090000004e+08 7.800639345200000703e+07 1.558582100000000000e+07 5.129795138499999791e+07
1.304723467399999946e+08 7.630533479999999702e+07 1.326178800000000000e+07 1.797276829799999893e+08
1.186077897099999934e+08 1.049074802999999970e+08 1.443821500000000000e+07 1.559975019999999925e+07
1.295842346630000025e+08 6.947753997370000184e+07 1.384558300000000000e+07 1.679734160689300001e+08
1.169434055300000161e+08 1.417047250000000000e+08 1.316657900000000000e+07 5.282581300000000000e+07
9.895807070000000298e+07 9.000363232200001180e+07 1.681378200000000000e+07 1.601909486750000119e+08
9.728082059000000358e+07 1.583585560000000000e+08 1.476022000000000000e+07 5.870037900000000000e+07
1.181472204899999797e+08 1.313441320000000000e+08 1.325659500000000000e+07 4.127619479999999702e+07
6.235283232000000775e+07 1.275313397360000014e+08 2.553940800000000000e+07 2.538403359200000018e+07
1.312734135250000060e+08 6.958063842700000107e+07 1.385717100000000000e+07 1.451369562849999964e+08
1.196991416299999952e+08 1.150637530000000000e+08 1.384766700000000000e+07 2.230925039999999851e+07
6.842284209619998932e+07 1.214540783289999962e+08 2.432831900000000000e+07 6.868436950000000652e+05
8.525148130000001192e+07 9.972854037000000477e+07 1.999178600000000000e+07 1.488521323000000045e+07
1.186807852000000030e+08 1.258166090000000000e+08 1.348280500000000000e+07 2.888143262400000170e+07
9.647758622920002043e+07 9.725934762999999523e+07 1.789376000000000000e+07 3.120231452599999961e+06
9.785788760300001502e+07 1.011614575999999940e+08 1.728500200000000000e+07 6.417978752600000240e+06
7.719004473000000417e+07 1.108053533299999982e+08 2.143928300000000000e+07 1.877356681000000099e+06
6.567318451079999655e+07 1.452740523600000143e+08 2.221694300000000000e+07 2.807400460999999940e+07
9.395884604999999702e+07 9.643697564200000465e+07 1.859961800000000000e+07 1.147138681000000099e+06
7.287488987000000477e+07 1.152246842399999946e+08 2.263249800000000000e+07 1.473908892999999924e+06
1.176094432800000012e+08 9.604519650000000000e+07 1.505442600000000000e+07 9.726977900000000373e+06
1.246978864609999955e+08 7.131503263750000298e+07 1.423673200000000000e+07 1.688306121266799867e+08
6.636075686000000685e+07 1.239458322210000008e+08 2.460497500000000000e+07 1.258260002000000095e+06
9.399524649099999666e+07 1.023859084000000060e+08 1.781461800000000000e+07 6.080370076999999583e+06
1.219061201099999994e+08 1.222922300000000000e+08 1.325191800000000000e+07 4.053274670000000298e+07
8.471774905000001192e+07 1.027851541749999970e+08 2.046220900000000000e+07 4.846722679999999818e+05
7.211590492999997735e+07 1.312246102000000030e+08 2.106878100000000000e+07 1.244403565000000037e+07
1.320369598200000226e+08 7.724982450000000000e+07 1.323442900000000000e+07 1.568754026299999952e+08
1.061055379699999988e+08 8.631566537000000477e+07 1.720292600000000000e+07 8.129331730000000447e+06
1.120676335000000000e+08 8.193114173000000417e+07 1.501974300000000000e+07 1.890712150200000107e+08
1.301457697600000203e+08 7.337554229999999702e+07 1.380971400000000000e+07 1.295533462999999970e+08
8.751205119999998808e+07 1.003661687409999967e+08 1.984268100000000000e+07 6.104577210000000196e+05
6.471170395199999213e+07 1.266976439800000042e+08 2.496683200000000000e+07 1.431916124000000069e+06
1.206909094700000435e+08 1.170999400000000000e+08 1.316626800000000000e+07 8.929810215999999642e+07
1.186128215199999958e+08 8.354219650000000000e+07 1.412083100000000000e+07 1.957949458199999928e+08
1.140765925000000000e+08 8.381816236399999261e+07 1.661562100000000000e+07 3.579293910000000033e+05
1.014558861700000018e+08 9.027380934000000358e+07 1.794742700000000000e+07 3.236554891000000061e+05
1.083327028100000024e+08 8.861779588000001013e+07 1.685942600000000000e+07 1.495335094999999972e+06
8.961594081999999285e+07 1.353392488000000119e+08 1.665824000000000000e+07 2.524712051999999955e+07
1.113758321940000057e+08 8.030924458200000226e+07 1.524320600000000000e+07 1.853507186389999986e+08
1.125517557480000407e+08 9.924387490000000596e+07 1.534758300000000000e+07 1.067189309009999968e+07
9.537156195999999344e+07 9.410392129799999297e+07 1.859021400000000000e+07 6.326692550000000047e+05
1.150423417199999988e+08 1.104283987000000030e+08 1.443155500000000000e+07 1.851790352000000328e+07
7.921031752000001073e+07 1.083090941500000060e+08 2.105211300000000000e+07 1.791970956000000006e+06
1.252354695799999833e+08 7.336152816500000656e+07 1.449084700000000000e+07 1.030671195259999931e+08
1.131170798879999965e+08 7.696601254809999466e+07 1.529765900000000000e+07 1.803159174560000002e+08
1.232926038799999952e+08 7.620564980500000715e+07 1.504509600000000000e+07 6.097373428379999846e+07
1.000192308400000185e+08 1.161577450000000000e+08 1.592442600000000000e+07 1.773006232400000095e+07
8.867351310999999940e+07 1.001217393199999928e+08 1.929028900000000000e+07 1.685480927999999840e+06
7.441889412000000477e+07 1.133158224300000072e+08 2.227313300000000000e+07 1.409964585999999894e+06
6.054589938000000268e+07 1.352610134099999964e+08 2.553819500000000000e+07 4.375039595999999903e+06
1.221041242000000030e+08 1.124412040000000000e+08 1.317376100000000000e+07 8.286700431999999285e+07
6.264341142000000179e+07 1.296747174599999934e+08 2.565358300000000000e+07 1.548296296000000089e+06
1.070061865729999989e+08 9.742872470000000298e+07 1.615792600000000000e+07 7.763504394799999893e+06
6.243316399881000817e+07 1.941803950000000000e+08 2.140150000000000000e+07 4.487863350000000000e+07
6.253163755099999905e+07 1.338770664699999988e+08 2.453473700000000000e+07 5.885840996000000276e+06
9.925719775900000334e+07 1.030162382999999970e+08 1.685716900000000000e+07 8.771960137000000104e+06
1.208695828310000002e+08 7.897516468140000105e+07 1.564694100000000000e+07 2.673843209140000120e+07
5.740589182999999821e+07 1.479914644699999988e+08 2.712682700000000000e+07 1.023150437299999967e+07
5.678968914899999648e+07 1.594742896999999881e+08 2.600884900000000000e+07 1.580292098999999836e+07
1.210365787419999987e+08 7.356488772600001097e+07 1.445191900000000000e+07 1.759510095117000043e+08
9.736075362100000679e+07 8.781209096889999509e+07 1.740439200000000000e+07 1.475437883353999853e+08
7.458558015999999642e+07 1.826676970000000000e+08 1.821459900000000000e+07 5.637658700000000000e+07
1.168895411200000197e+08 8.296062576200000942e+07 1.626880800000000000e+07 6.872133489999999292e+05
8.547027189900001884e+07 9.832349087729999423e+07 1.955709800000000000e+07 9.255815903370000422e+07
5.866790501000001281e+07 1.727688159000000060e+08 2.358138100000000000e+07 2.875980650000000000e+07
8.693112682299999893e+07 9.687628227429999411e+07 1.934264500000000000e+07 1.038753004599599987e+08
8.300112920000000298e+07 1.731616220000000000e+08 1.663686600000000000e+07 6.061086100000000000e+07
1.055982475390000045e+08 1.045241122999999970e+08 1.585937200000000000e+07 1.193849842100000009e+07
7.397608942759999633e+07 1.105043870754899979e+08 2.223936500000000000e+07 3.635307928277000040e+07
5.850755759000000358e+07 1.600502150000000000e+08 2.427470700000000000e+07 2.033504498000000045e+07
8.318394195599998534e+07 1.010784017688000053e+08 1.992242700000000000e+07 8.531096098409999907e+07
9.374612127099999785e+07 9.071630038470000029e+07 1.804042500000000000e+07 1.298493455365000069e+08
1.150685761400000006e+08 1.175888589000000060e+08 1.372369200000000000e+07 6.394669770000000298e+07
8.582730962100000679e+07 1.700898830000000000e+08 1.619533800000000000e+07 6.072035400000000000e+07
8.278848770000000298e+07 1.047137863199999928e+08 2.050868900000000000e+07 1.119401520999999950e+06
1.105076101500000060e+08 8.749580990000000596e+07 1.495743600000000000e+07 1.974371651599999964e+08
8.481978483999998868e+07 1.249229239000000060e+08 1.814180000000000000e+07 1.623231834999999963e+07
1.100614866700000018e+08 9.171159659000000358e+07 1.621851000000000000e+07 4.806296790000000037e+06
1.313939989469999969e+08 6.961807854500000179e+07 1.386698700000000000e+07 1.437128905699999928e+08
1.294504854899999946e+08 6.964736707600000501e+07 1.391585300000000000e+07 1.541051514180000126e+08
5.635920985000000149e+07 1.572483235999999940e+08 2.689601400000000000e+07 1.243387546000000089e+07
1.040660313400000036e+08 1.270487925000000000e+08 1.449974400000000000e+07 9.539492112000000477e+07
5.835669684000000358e+07 1.440354031899999976e+08 2.725346900000000000e+07 4.370606634000000544e+06
9.935463879000000656e+07 9.160602671999999881e+07 1.801045700000000000e+07 7.622640130000000354e+05
1.136961032900000066e+08 1.321920590000000000e+08 1.371790200000000000e+07 3.158115830000000075e+07
6.487890771200000495e+07 1.352513790999999940e+08 2.330782300000000000e+07 9.536320250000000000e+06
6.690287614800000191e+07 1.267022998299999982e+08 2.334211000000000000e+07 5.251554325000000186e+06
5.995416198000001162e+07 1.823923750000000000e+08 2.256983000000000000e+07 3.684072850000000000e+07
5.975921084000000358e+07 1.396164424000000060e+08 2.525933600000000000e+07 7.397648529999999329e+06
1.020065940900000036e+08 8.662877876100000739e+07 1.716333800000000000e+07 4.581740808200000226e+07
8.082921353000000119e+07 1.753214300000000000e+08 1.700145700000000000e+07 5.976095700000000000e+07
1.105272104599999934e+08 8.717521262000000477e+07 1.659962000000000000e+07 1.876755281999999890e+06
1.232275335990000218e+08 7.667389189499999583e+07 1.512147500000000000e+07 5.488489661930000037e+07
9.405648362999999523e+07 1.428256070000000000e+08 1.562535100000000000e+07 3.211691244999999925e+07
1.035527014399999976e+08 8.996906176199999452e+07 1.740851900000000000e+07 1.161758998999999836e+06
9.149289293999999762e+07 9.698910939000000060e+07 1.920851400000000000e+07 5.714549029999999329e+05
9.101911951999999583e+07 1.532218120000000000e+08 1.574584400000000000e+07 3.945139479999999702e+07
6.803816982999999821e+07 1.861143550000000000e+08 1.983724300000000000e+07 4.466019920000000298e+07
1.204878397140000015e+08 8.017261182099999487e+07 1.589892200000000000e+07 1.303480226039999910e+07
9.145856762000000477e+07 1.629130880000000000e+08 1.551339500000000000e+07 4.650571679999999702e+07
9.685648459999999404e+07 1.356183908000000119e+08 1.518886700000000000e+07 9.445512729999999702e+07
7.069004168999999762e+07 1.181399200799999982e+08 2.310872300000000000e+07 1.706031112999999896e+06
7.514398519999998808e+07 1.177828445799999982e+08 2.115042200000000000e+07 6.052465735000000335e+06
9.970279919200000167e+07 8.599918377730000019e+07 1.703044600000000000e+07 1.555287825392000079e+08
1.207589575400000066e+08 1.248494220000000000e+08 1.325178700000000000e+07 3.902792879999999702e+07
