8.253677742099998891e+07 1.060169821599999964e+08 2.021155400000000000e+07 2.448986601499999873e+06
1.236987963009999990e+08 7.616211696899999678e+07 1.501738000000000000e+07 6.126558726460000128e+07
1.252454421700000018e+08 7.857154150000000000e+07 1.446821400000000000e+07 7.844976729999999702e+07
1.189141545799999982e+08 1.042694230999999940e+08 1.445864400000000000e+07 1.523754940000000037e+07
1.294172019520999938e+08 6.947607027469000220e+07 1.387503300000000000e+07 1.648612447039929926e+08
1.068114128400000185e+08 8.071832771739999950e+07 1.606668500000000000e+07 1.824308195464999974e+08
8.403635406200000644e+07 9.972628960340000689e+07 1.987448700000000000e+07 8.477568166778999567e+07
1.078236412199999988e+08 8.457003583200000226e+07 1.677881600000000000e+07 2.349371499599999934e+07
1.209704237189999819e+08 7.318382828669999540e+07 1.450690100000000000e+07 1.752818912518000007e+08
1.021965730639999956e+08 8.402464422930000722e+07 1.672424000000000000e+07 1.752778657017999887e+08
7.336154440099999309e+07 1.112965566375000030e+08 2.233672300000000000e+07 4.210599112668000162e+07
8.843621281000000238e+07 1.502573950000000000e+08 1.629877600000000000e+07 3.397283984000000358e+07
1.148397264280000180e+08 7.596789913289999962e+07 1.513345500000000000e+07 1.791101032897999883e+08
8.915803801929999888e+07 9.999401529999999702e+07 1.913815900000000000e+07 2.050571705569999991e+06
1.195167503543999791e+08 1.150669190000000000e+08 1.385828900000000000e+07 2.223732994190999866e+07
9.840574026700000465e+07 8.695170011920000613e+07 1.725414500000000000e+07 1.518534248648000062e+08
9.532490120000001788e+07 1.294943800999999940e+08 1.598136500000000000e+07 2.391317175000000000e+07
1.163673757000000030e+08 9.111213759999999404e+07 1.551814400000000000e+07 6.230816239999999292e+06
9.897717804999999702e+07 1.197693349000000060e+08 1.592364300000000000e+07 1.907651589000000060e+07
8.661234028000000119e+07 1.009620885160000026e+08 1.986319700000000000e+07 1.033016474000000046e+06
9.121641540700000525e+07 9.285806205949999392e+07 1.857181000000000000e+07 1.211818433099000007e+08
1.229785688700000197e+08 7.715930959999999404e+07 1.491448400000000000e+07 6.439627990999999642e+07
9.547678534000000358e+07 9.403484240199999511e+07 1.866080600000000000e+07 4.701002210000000196e+05
1.109104635999999940e+08 1.342631240000000000e+08 1.393814700000000000e+07 3.173474846999999881e+07
1.084715484800000042e+08 8.674186237000000477e+07 1.700578800000000000e+07 7.769417369999999646e+05
7.394733718000002205e+07 1.172340342900000066e+08 2.165097100000000000e+07 4.485311031000000425e+06
1.197882768900000006e+08 9.126712600000000000e+07 1.493042900000000000e+07 2.383560539999999851e+07
1.085418080470000058e+08 8.390601043099999428e+07 1.661696800000000000e+07 3.008485914600000158e+07
1.032774777099999934e+08 1.531447480000000000e+08 1.419071600000000000e+07 5.732883800000000000e+07
6.207592592599999905e+07 1.313855373700000048e+08 2.526090400000000000e+07 3.094463915000000037e+06
1.131684055550000072e+08 1.081346380999999940e+08 1.475076500000000000e+07 1.653930958599999920e+07
7.175632411999998987e+07 1.330581906500000060e+08 2.093832100000000000e+07 2.602803410000000149e+07
8.350516334000000358e+07 1.038060131130000055e+08 2.068227200000000000e+07 5.389020330000000540e+05
7.013066989630000293e+07 1.153429015489999950e+08 2.324928700000000000e+07 3.566239973809000105e+07
1.187285004399999976e+08 9.516632570000000298e+07 1.504858200000000000e+07 9.317602000000000000e+06
1.202983425799999982e+08 1.262369150000000000e+08 1.325041500000000000e+07 3.868734660000000149e+07
1.169435326099999994e+08 8.288895423600000143e+07 1.627430000000000000e+07 6.462473919999999925e+05
8.149370993999999762e+07 1.106922611099999994e+08 1.993643100000000000e+07 5.385511508999999613e+06
6.828232234999999404e+07 1.262941227900000066e+08 2.288048300000000000e+07 5.758387839999999851e+06
1.195220738400000036e+08 8.230774400000000000e+07 1.566637100000000000e+07 1.732444910000000149e+07
7.411969528999999166e+07 1.800396540000000000e+08 1.838603200000000000e+07 4.510116620000000298e+07
7.294595600999997556e+07 1.828751390000000000e+08 1.862138300000000000e+07 4.601945900000000000e+07
9.712580278000000119e+07 1.053889032000000030e+08 1.702042500000000000e+07 9.603593103000000119e+06
1.159379549839999974e+08 1.018224447999999970e+08 1.482501600000000000e+07 1.322544160620000027e+07
7.894413604999999702e+07 1.082747014860000014e+08 2.157222500000000000e+07 6.662636729999999516e+05
1.037454839399999976e+08 8.954216434900000691e+07 1.741106400000000000e+07 1.097949493999999948e+06
1.223849007999999970e+08 1.118653745000000000e+08 1.317119600000000000e+07 8.284794918999999762e+07
1.289887261689999849e+08 7.631146826999999583e+07 1.361041400000000000e+07 1.374244057800000012e+08
6.025940413000000268e+07 1.750935478000000119e+08 2.270524300000000000e+07 3.235808689999999851e+07
8.085480100000000000e+07 1.237992777999999970e+08 1.908549400000000000e+07 1.373328143400000036e+07
1.152566638599999994e+08 9.092484300000000000e+07 1.546754800000000000e+07 1.562644340000000037e+07
1.285282656669999957e+08 7.208084209400001168e+07 1.369186700000000000e+07 1.699755749250000119e+08
9.158381159999999404e+07 9.689433607299999893e+07 1.918795900000000000e+07 5.918266360000000568e+05
1.185564505799999833e+08 8.739089617000000179e+07 1.565550400000000000e+07 4.016951709999999963e+06
1.169342248000000417e+08 1.385721100000000000e+08 1.323497400000000000e+07 4.574824179999999702e+07
1.315761377900000215e+08 6.959363539900000393e+07 1.385866800000000000e+07 1.438876988799999952e+08
1.138077000400000215e+08 1.293156740000000000e+08 1.378277100000000000e+07 2.989923123000000045e+07
9.165374089000000060e+07 1.474595090000000000e+08 1.583633900000000000e+07 3.416804409999999404e+07
7.277541861999998987e+07 1.152869489109999985e+08 2.286453800000000000e+07 1.028461523999999976e+06
8.115346076999999583e+07 1.063207801700000018e+08 2.104360200000000000e+07 6.527609270000000251e+05
9.814233718999999762e+07 9.300640768600000441e+07 1.800574800000000000e+07 1.321245909999999916e+06
1.237831629800000191e+08 1.061720050999999940e+08 1.332832900000000000e+07 7.297403887000000477e+07
1.309541988100000024e+08 7.631955460000000894e+07 1.326246100000000000e+07 1.670094142400000095e+08
9.999728235999999940e+07 1.228569412000000030e+08 1.558830900000000000e+07 2.198143205499999970e+07
8.405193107999998331e+07 1.133061855999999940e+08 1.905508500000000000e+07 8.606940520999999717e+06
6.203711800000000000e+07 1.911341210000000000e+08 2.156234000000000000e+07 4.457136920000000298e+07
7.715177992000000179e+07 1.106398464599999934e+08 2.147680400000000000e+07 1.798899604999999981e+06
1.165067616500000060e+08 1.203961070000000000e+08 1.342905200000000000e+07 9.229949035999999940e+07
1.191048029200000018e+08 7.877756534999999404e+07 1.546444400000000000e+07 4.432710879999999702e+07
1.182840945789999962e+08 1.175317680000000000e+08 1.382075400000000000e+07 2.364121274199999869e+07
6.032114387000000477e+07 1.362491523799999952e+08 2.549994600000000000e+07 4.950209187999999151e+06
1.084269064099999964e+08 8.911918484000000358e+07 1.668650200000000000e+07 2.565276580000000075e+06
1.002953849200000167e+08 9.094265109800000489e+07 1.805179800000000000e+07 3.811947110000000102e+05
1.169220475699999928e+08 1.107566695000000000e+08 1.424332800000000000e+07 1.914196076300000027e+07
1.093549558199999928e+08 8.618547209999999404e+07 1.517389700000000000e+07 1.926867062100000083e+08
1.187994651299999952e+08 1.319106700000000000e+08 1.316735900000000000e+07 4.745908170000000298e+07
8.051161999000000954e+07 1.757287070000000000e+08 1.705751500000000000e+07 5.956510800000000000e+07
5.856800175000000745e+07 1.566461936999999881e+08 2.448812600000000000e+07 1.770284757999999821e+07
9.640343354000000656e+07 1.104199947999999970e+08 1.685104800000000000e+07 1.204949196600000001e+07
6.678326357299999148e+07 1.236590055610000044e+08 2.462150800000000000e+07 9.102474540000000270e+05
1.047471128910000026e+08 8.212562792389999330e+07 1.638705000000000000e+07 1.841129157251000106e+08
1.210290542740000039e+08 7.918085445610000193e+07 1.567316900000000000e+07 2.436836816360000148e+07
8.417278519640000165e+07 1.718403170000000000e+08 1.644978100000000000e+07 6.073478500000000000e+07
8.521633482199999690e+07 1.038417422300000042e+08 1.967410700000000000e+07 2.956833151999999769e+06
1.023631564300000072e+08 1.162964054000000060e+08 1.564188000000000000e+07 1.802827350000000000e+07
1.295317968599999994e+08 7.855369400000000000e+07 1.323925200000000000e+07 1.870685370200000107e+08
5.890629089190000296e+07 1.646357540000000000e+08 2.379716700000000000e+07 2.373092541000000015e+07
9.252727557999998331e+07 9.335516175000000000e+07 1.857019400000000000e+07 3.104622473299999908e+07
6.026121389000000060e+07 1.891861010000000000e+08 2.228486400000000000e+07 4.070203689999999851e+07
1.219502795310000181e+08 7.373711908600001037e+07 1.431100500000000000e+07 1.762834295674000084e+08
8.118498895499999821e+07 1.026376883831000030e+08 2.044054600000000000e+07 6.961509564252999425e+07
6.605166907300000638e+07 1.211468085476599932e+08 2.439376200000000000e+07 3.772989596887999773e+07
1.311047524800000191e+08 7.238635090000000596e+07 1.370036600000000000e+07 1.400446820999999940e+08
1.206849858299999982e+08 7.607902175900000334e+07 1.507771700000000000e+07 7.748282159399999678e+07
6.253460131999999285e+07 1.268917731060000062e+08 2.553835800000000000e+07 2.723051724799999967e+07
6.463750939000000060e+07 1.274933913359999955e+08 2.556684100000000000e+07 5.977932119999999413e+05
5.837518046999999881e+07 1.439649756300000548e+08 2.725497100000000000e+07 4.330710307000000030e+06
6.855647557600000501e+07 1.207928848700000048e+08 2.375664400000000000e+07 1.658499397000000114e+06
1.320289753100000173e+08 7.757612579999999702e+07 1.325265700000000000e+07 1.532161206699999869e+08
9.483076003000000119e+07 1.433090680000000000e+08 1.549605100000000000e+07 3.284400192000000179e+07
8.376583828000000119e+07 1.429955656999999881e+08 1.740516200000000000e+07 2.806951078999999911e+07
9.538401820000001788e+07 1.557016020000000000e+08 1.500293400000000000e+07 5.654557900000000000e+07
7.862375772300000489e+07 1.096220295400000066e+08 2.104071400000000000e+07 2.227190677900000010e+06
7.221954113300001621e+07 1.578666046999999881e+08 1.952663600000000000e+07 3.049183801000000164e+07
5.714405715999999642e+07 1.497951649000000060e+08 2.711005800000000000e+07 7.970368650000000373e+06
8.988535353999999166e+07 1.091093149000000060e+08 1.808364700000000000e+07 8.770860575999999419e+06
1.187456673400000036e+08 1.213472787999999970e+08 1.324290900000000000e+07 9.350472220000000298e+07
1.092277056599999964e+08 1.481074460000000000e+08 1.370025500000000000e+07 5.532608100000000000e+07
9.594613704999999702e+07 9.061583587399999797e+07 1.797512200000000000e+07 4.138251510800000280e+07
1.280861043869999945e+08 7.306858751999999583e+07 1.436937900000000000e+07 1.002570419290000051e+08
6.037890849000000209e+07 1.375628314799999893e+08 2.524276100000000000e+07 6.045048476999999955e+06
1.102911296599999964e+08 1.231316012999999970e+08 1.393550400000000000e+07 9.316577937999999523e+07
1.113782172199999988e+08 8.392175468999999762e+07 1.678110900000000000e+07 5.408939217000000179e+06
1.168972371130000204e+08 7.493542899589999020e+07 1.493923300000000000e+07 1.701073223837299943e+08
9.388682152699999511e+07 1.066861519000000060e+08 1.754204400000000000e+07 8.518916594000000507e+06
1.272502004179999977e+08 7.276893905099999905e+07 1.434695100000000000e+07 1.053955659220000058e+08
5.830537792999999970e+07 1.576602676999999881e+08 2.457003500000000000e+07 1.852786239000000060e+07
7.089111189000001550e+07 1.178332270830000043e+08 2.323800900000000000e+07 1.234152561999999918e+06
1.091328085300000012e+08 1.105132670000000000e+08 1.506913300000000000e+07 1.702996348900000006e+07
9.045761681000000238e+07 1.640273640000000000e+08 1.564890900000000000e+07 4.572617850000000000e+07
1.101701964399999976e+08 8.584004709499999881e+07 1.687386500000000000e+07 6.326681270000000950e+05
7.765724442999999225e+07 1.783562930000000000e+08 1.763827700000000000e+07 4.746744139999999851e+07
9.313327484000000358e+07 9.626364626999999583e+07 1.868138500000000000e+07 1.344244993000000017e+06
5.640063149000000209e+07 1.567165308000000119e+08 2.691335700000000000e+07 1.210787731000000052e+07
1.123454562000000030e+08 9.066899462000000477e+07 1.601029900000000000e+07 4.870922560000000522e+06
1.031264177699999958e+08 8.518185662800000608e+07 1.700982100000000000e+07 6.346524577799999714e+07
1.141122071899999976e+08 1.143007947000000030e+08 1.433778800000000000e+07 2.070832694299999997e+07
1.243392529500000179e+08 7.165089493999999762e+07 1.426174800000000000e+07 1.605826319239999950e+08
8.128318995999999344e+07 1.748342390000000000e+08 1.692312600000000000e+07 6.007608200000000000e+07
1.229971784300000072e+08 8.140450859999999404e+07 1.373765000000000000e+07 1.929521737100000083e+08
1.203782328729999959e+08 8.030108968199999630e+07 1.594470600000000000e+07 1.118277917549999990e+07
8.764346523999999464e+07 1.573182400000000000e+08 1.621446200000000000e+07 3.855116617000000179e+07
