1.283869635000000000e+08 6.988007589000000060e+07 1.395666500000000000e+07 1.611752903160000145e+08
1.189573564699999988e+08 1.044737500000000000e+08 1.444119000000000000e+07 1.545082609999999963e+07
7.729244587000000477e+07 1.099562757639999986e+08 2.179607900000000000e+07 9.382602539999999572e+05
1.209798728480000049e+08 7.838777132899999619e+07 1.553287500000000000e+07 3.417244058190000057e+07
1.060451202099999934e+08 9.117138456000000238e+07 1.683971100000000000e+07 3.025468259999999776e+06
7.935392635999999940e+07 1.081504356650000066e+08 2.164552800000000000e+07 4.403609710000000196e+05
1.001048990590000004e+08 9.668528746999999881e+07 1.730351000000000000e+07 4.223145220279999077e+06
1.184270168299999982e+08 9.523204690000000596e+07 1.505951600000000000e+07 9.310099300000000745e+06
7.875268353000000119e+07 1.051541335678600073e+08 2.103554200000000000e+07 4.901006250003000349e+07
1.114649401480000019e+08 7.789561902930000424e+07 1.547804000000000000e+07 1.814125738648000062e+08
1.199878761069999933e+08 8.027878684070000052e+07 1.596581900000000000e+07 1.139316122929999977e+07
6.418943817890000343e+07 1.275453545180000067e+08 2.524145900000000000e+07 1.230708346999999834e+06
8.484174897999998927e+07 1.025484816669999957e+08 2.031403900000000000e+07 6.916395000000000000e+05
1.193867180999999791e+08 1.285708170000000000e+08 1.322263200000000000e+07 4.164125289999999851e+07
1.011346073199999928e+08 9.041514896699999273e+07 1.791875300000000000e+07 4.372888649999999907e+05
1.095742240400000066e+08 1.500759970000000000e+08 1.366310800000000000e+07 5.617808700000000000e+07
1.153563604609999955e+08 1.043189314000000060e+08 1.477920400000000000e+07 1.415064153639999963e+07
6.682676335999999940e+07 1.235145316959999949e+08 2.453285600000000000e+07 1.022934263000000035e+06
1.012456670820000023e+08 8.488118429999999702e+07 1.678408200000000000e+07 1.601674364569999874e+08
1.207232852300000042e+08 7.740249453999999166e+07 1.417631400000000000e+07 1.844561681529999971e+08
1.187167517300000191e+08 8.704476254000000656e+07 1.567254100000000000e+07 3.865251330000000075e+06
1.190891121650000066e+08 1.174120210000000000e+08 1.377206500000000000e+07 2.371311436580000073e+07
5.835415292000000179e+07 1.645777785099999905e+08 3.078785300000000000e+07 4.376116359000000171e+06
1.313681947099999785e+08 7.801832569999998808e+07 1.317307200000000000e+07 1.682811895600000024e+08
9.061690746999999881e+07 1.182761724000000060e+08 1.732208600000000000e+07 1.523957846099999920e+07
7.010399053999999166e+07 1.197187868299999982e+08 2.344012200000000000e+07 1.244074932999999961e+06
7.980852801199999452e+07 1.040423085476599932e+08 2.078355100000000000e+07 5.576792096887999773e+07
1.276226518480000049e+08 7.356401409999999404e+07 1.443459900000000000e+07 9.511328905799999833e+07
9.288932712999999523e+07 1.104528637999999970e+08 1.739975800000000000e+07 1.112616032399999909e+07
1.154222814899999946e+08 8.499495559999999404e+07 1.443013400000000000e+07 1.978054089699999988e+08
1.033253195100000054e+08 8.982092195400001109e+07 1.743959100000000000e+07 1.217261000999999931e+06
1.170180534699999988e+08 8.289338893900001049e+07 1.626750900000000000e+07 6.365539510000000009e+05
1.164069733700000048e+08 1.305249820000000000e+08 1.342902300000000000e+07 3.783003029999999702e+07
1.173891883349999934e+08 7.980882795000000298e+07 1.584211100000000000e+07 2.968005366800000146e+07
1.120761132999999970e+08 8.470656963999998569e+07 1.678233200000000000e+07 4.185545370000000112e+05
7.170352627000001073e+07 1.219646031299999952e+08 2.201652300000000000e+07 5.630689033999999054e+06
1.317329221099999994e+08 7.767561200000000000e+07 1.322914300000000000e+07 1.570319973199999928e+08
6.033112412000000477e+07 1.382140700099999905e+08 2.517958000000000000e+07 6.490162977000000887e+06
7.507028704000000656e+07 1.194088720799999982e+08 2.109208300000000000e+07 6.510523440999999642e+06
1.166826812399999946e+08 1.441006130000000000e+08 1.316613800000000000e+07 5.431600700000000000e+07
1.032075585000000000e+08 8.724538414599999785e+07 1.738369200000000000e+07 1.659040401999999955e+07
1.145306327800000012e+08 1.353721700000000000e+08 1.342717000000000000e+07 4.761822550000000000e+07
7.151690104000000656e+07 1.170259213739999980e+08 2.325375500000000000e+07 9.022758830000000307e+05
1.110523139399999976e+08 1.440086900000000000e+08 1.358831200000000000e+07 5.300260400000000000e+07
6.115476521999999881e+07 1.866563390000000000e+08 2.197771900000000000e+07 3.994684490000000596e+07
9.338007618999999762e+07 9.640775790000000596e+07 1.856947200000000000e+07 1.740945074000000022e+06
1.163573986599999964e+08 1.197240410000000000e+08 1.391157600000000000e+07 2.422860048400000110e+07
5.591942589999999851e+07 1.765385575999999940e+08 2.592008600000000000e+07 2.509706480000000075e+07
9.439131609000000358e+07 1.420521130000000000e+08 1.562521700000000000e+07 3.134792575000000000e+07
1.202441272929999977e+08 7.327814264890000224e+07 1.461872600000000000e+07 1.740857360288000107e+08
6.042972624000000209e+07 1.351487405300000012e+08 2.553310700000000000e+07 4.613913016999999993e+06
9.932595834000000358e+07 9.152748239200000465e+07 1.805441500000000000e+07 6.616824749999999767e+05
9.997551334000000358e+07 1.562521410000000000e+08 1.449495000000000000e+07 5.802601400000000000e+07
1.050843772220000029e+08 9.965766500000000000e+07 1.626221300000000000e+07 8.484236109600000083e+06
5.695631928999999911e+07 1.887213841999999881e+08 2.467636600000000000e+07 3.420867889999999851e+07
8.724781187999998033e+07 1.004182455090000033e+08 1.975812000000000000e+07 1.006192577999999980e+06
7.811574106900000572e+07 1.691807680000000000e+08 1.770483000000000000e+07 4.209587320000000298e+07
6.766599006199999154e+07 1.223026756030000001e+08 2.428049200000000000e+07 1.016072138000000035e+06
9.304920540000000596e+07 9.136190010199999809e+07 1.813787400000000000e+07 1.272879598411999941e+08
9.698519706599999964e+07 1.020535310999999940e+08 1.735929300000000000e+07 6.676501149000000209e+06
1.040243100000000000e+08 8.316084087799999118e+07 1.634026900000000000e+07 1.694475680033999979e+08
9.603748665000000596e+07 9.363309177599999309e+07 1.854610500000000000e+07 5.294473020000000251e+05
1.266358552800000012e+08 7.234005021899999678e+07 1.428815600000000000e+07 1.160744115100000054e+08
1.313892767000000030e+08 6.949163070600000024e+07 1.384041700000000000e+07 1.467222569869999886e+08
9.368495117000000179e+07 1.525244520000000000e+08 1.543448800000000000e+07 3.746685713000000268e+07
1.078852314629999995e+08 8.016501339399999380e+07 1.588576300000000000e+07 1.804138702393000126e+08
1.070576275919999927e+08 8.199810984200000763e+07 1.584086800000000000e+07 1.797266785819999874e+08
6.777803268999999762e+07 1.187284339786999971e+08 2.384512800000000000e+07 3.920173676070000231e+07
8.692171500999999046e+07 1.594120030000000000e+08 1.630545900000000000e+07 3.891408650999999791e+07
5.586619372999999672e+07 1.678502331999999881e+08 2.647244100000000000e+07 1.928900380000000075e+07
6.461029068999999017e+07 1.801224740000000000e+08 2.101895600000000000e+07 3.824413970000000298e+07
1.107648162999999970e+08 8.421178535999999940e+07 1.507170200000000000e+07 1.914142775999999940e+08
1.055431125600000024e+08 8.701164937000000477e+07 1.737761700000000000e+07 3.971492430000000168e+06
5.622841795000000298e+07 1.596286876999999881e+08 2.683783900000000000e+07 1.359166208000000007e+07
9.502480004000000656e+07 1.603769560000000000e+08 1.499826600000000000e+07 5.935268600000000000e+07
7.174996992999999225e+07 1.814982820000000000e+08 1.893139600000000000e+07 4.450658820000000298e+07
6.202520847999999672e+07 1.313838162600000054e+08 2.528826300000000000e+07 3.066241793000000063e+06
7.173336831919999421e+07 1.132735460553099960e+08 2.280589100000000000e+07 3.709238162755999714e+07
1.145936853400000036e+08 8.356670496700000763e+07 1.654950000000000000e+07 4.372888649999999907e+05
1.202851565999999940e+08 1.143207900000000000e+08 1.385979800000000000e+07 2.191086300000000000e+07
1.127309182600000054e+08 8.582682429999999702e+07 1.472829900000000000e+07 1.970491370200000107e+08
8.138653560999998450e+07 1.057787391459999979e+08 2.087222200000000000e+07 9.641011149999999907e+05
5.712479712000000477e+07 1.504533818000000119e+08 2.710665600000000000e+07 8.050895139999999665e+06
1.237144465629999936e+08 7.656355887299999595e+07 1.506866300000000000e+07 5.669866795000000298e+07
1.206508355199999809e+08 1.167233749000000060e+08 1.317374100000000000e+07 8.853498309000000358e+07
8.679253976000000536e+07 1.682236970000000000e+08 1.608845600000000000e+07 5.182913460000000149e+07
1.232609632000000030e+08 1.065698037999999970e+08 1.334554500000000000e+07 7.228609564000000060e+07
8.733381137700000405e+07 9.778521098000000417e+07 1.951325000000000000e+07 2.061572072563000023e+07
1.291475002300000042e+08 7.393292629999999702e+07 1.384254900000000000e+07 1.276190592000000030e+08
9.362306020000000298e+07 1.431294720000000000e+08 1.567650200000000000e+07 3.220947476999999955e+07
8.404248155799998343e+07 1.049855183100000024e+08 1.987693100000000000e+07 2.744073890600000042e+06
1.177740201500000060e+08 7.488439087000000477e+07 1.488382000000000000e+07 1.524002435189999938e+08
7.214235523000001907e+07 1.557350815000000000e+08 1.967744300000000000e+07 2.844171169000000134e+07
1.220348910199999958e+08 7.905836800000000000e+07 1.562135800000000000e+07 2.521218000000000000e+07
7.480016057999999821e+07 1.138918748439999968e+08 2.229681900000000000e+07 1.049012703999999911e+06
9.102839934000000358e+07 1.260526550999999940e+08 1.681683600000000000e+07 2.042817226999999955e+07
6.011636902000000328e+07 1.759351709000000060e+08 2.272904300000000000e+07 3.277625219999999925e+07
1.275144655600000024e+08 7.328124850000000000e+07 1.436051000000000000e+07 1.008200473499999940e+08
8.285233370999999344e+07 1.134954300999999940e+08 1.939716800000000000e+07 7.502026900999999605e+06
8.098288148999999464e+07 1.751445170000000000e+08 1.697470300000000000e+07 5.985688400000000000e+07
9.161866729999999702e+07 9.685849845200000703e+07 1.923174700000000000e+07 5.228346689999999944e+05
1.104587783700000197e+08 1.226293909000000060e+08 1.393021300000000000e+07 9.250830431999999285e+07
1.172837662399999946e+08 1.354693000000000000e+08 1.324052500000000000e+07 4.430272689999999851e+07
9.062308103000000119e+07 1.649150870000000000e+08 1.551766200000000000e+07 6.028524400000000000e+07
1.020602154699999988e+08 9.222488495999999344e+07 1.734683900000000000e+07 2.501463651999999769e+06
8.292866971000000834e+07 1.042621192709999979e+08 2.064897600000000000e+07 7.857238639999999432e+05
1.168452944599999934e+08 9.485710759999999404e+07 1.519625600000000000e+07 8.853411640000000596e+06
1.304239437469999939e+08 6.984220975200000405e+07 1.388588200000000000e+07 1.444092661180000007e+08
1.135320864839999974e+08 8.175090899699999392e+07 1.623388700000000000e+07 2.484292710999999940e+07
8.910158745609997213e+07 9.995220407999999821e+07 1.915382800000000000e+07 2.063602235820000060e+06
1.021160997300000042e+08 1.087498210000000000e+08 1.605031900000000000e+07 1.402867844999999925e+07
5.804526459000000358e+07 1.453140091599999964e+08 2.722633400000000000e+07 5.094126867999999784e+06
1.006648083199999928e+08 1.502938100000000000e+08 1.448468700000000000e+07 5.459124200000000000e+07
8.888469108499999344e+07 9.712624972699999809e+07 1.915957300000000000e+07 2.150127964589999989e+07
6.263584282699999958e+07 1.265640318869999945e+08 2.553687000000000000e+07 2.831863204340000078e+07
7.506725798999999464e+07 1.095401243499999940e+08 2.207895800000000000e+07 2.042938224500000104e+07
1.146142580300000012e+08 8.744701512999999523e+07 1.602735200000000000e+07 3.225887490000000224e+06
9.635924504000000656e+07 1.356719520000000000e+08 1.554247500000000000e+07 2.880465462000000104e+07
8.271708290000000596e+07 1.440340215999999940e+08 1.758506200000000000e+07 2.787706833999999985e+07
1.221247347900000066e+08 7.305657578000000119e+07 1.443885100000000000e+07 1.533615661699999869e+08
5.853321150000000000e+07 1.593489448000000119e+08 2.430078300000000000e+07 1.987632311000000313e+07
1.045045681299999952e+08 1.327379350000000000e+08 1.462401200000000000e+07 2.963050417000000179e+07
7.678708559999999404e+07 1.790418950000000000e+08 1.776195800000000000e+07 5.772081800000000000e+07
1.292409647293000072e+08 7.211024185179999471e+07 1.364164000000000000e+07 1.634535992484000027e+08
8.565379759510000050e+07 9.908555224636000395e+07 1.977311100000000000e+07 2.372601230499000102e+07
1.170720663400000036e+08 7.917366376999999583e+07 1.547237300000000000e+07 5.719286567000000179e+07
