1.184840350499999821e+08 9.602070609999999404e+07 1.500433000000000000e+07 9.795874800000000745e+06
9.035847842000000179e+07 1.492181610000000000e+08 1.598937700000000000e+07 3.462579725999999791e+07
9.164857868000000715e+07 9.680091321099999547e+07 1.916819700000000000e+07 6.404257620000001043e+05
1.082176371379999965e+08 8.661455370699998736e+07 1.722972300000000000e+07 2.699646003999999957e+05
1.316266263190000057e+08 6.927769132099999487e+07 1.381674200000000000e+07 1.498008053089999855e+08
9.603962032999999821e+07 1.149015035000000000e+08 1.658984500000000000e+07 1.531806884200000018e+07
1.305074034399999976e+08 7.636373429999999702e+07 1.325751800000000000e+07 1.794224760800000131e+08
5.996558780000001192e+07 1.858862160000000000e+08 2.248324800000000000e+07 3.838161550000000000e+07
6.334707847999999672e+07 1.977095690000000000e+08 2.109044100000000000e+07 4.923326170000000298e+07
6.852604874899999797e+07 1.209241152970000058e+08 2.406900300000000000e+07 1.038461783999999985e+06
1.188649688400000185e+08 1.048876137000000030e+08 1.442972400000000000e+07 1.556645569999999925e+07
1.190571404300000072e+08 8.704921959000000358e+07 1.565534200000000000e+07 3.926388560000000056e+06
1.087402906099999994e+08 8.230651062899999321e+07 1.644746400000000000e+07 5.801397787600000203e+07
1.201761531299999952e+08 1.194242022999999970e+08 1.316692100000000000e+07 9.268328009999999404e+07
1.190840928120000064e+08 1.217118050000000000e+08 1.359666100000000000e+07 2.641962583300000057e+07
1.057614901200000048e+08 8.784650655200000107e+07 1.737568600000000000e+07 4.860469500000000116e+05
5.635876849000000209e+07 1.822868445000000000e+08 2.528789000000000000e+07 2.940128400000000000e+07
1.147532298599999994e+08 1.290322750000000000e+08 1.358485700000000000e+07 3.981857900000000000e+07
1.076003449500000030e+08 1.235863564000000060e+08 1.419955600000000000e+07 9.251266506000000238e+07
8.122928353999999166e+07 1.058822881139999926e+08 2.090897000000000000e+07 9.799783869999999879e+05
1.039538447000000030e+08 1.126818667999999970e+08 1.563037000000000000e+07 1.623036041899999976e+07
6.660620351000001281e+07 1.237725390250000060e+08 2.469079700000000000e+07 9.629734059999999590e+05
1.199476409699999988e+08 1.146817810000000000e+08 1.386043800000000000e+07 2.199919160000000149e+07
1.247415654099999964e+08 7.334437191500000656e+07 1.449414400000000000e+07 1.070201229749999940e+08
7.492169151000000536e+07 1.819523660000000000e+08 1.814754000000000000e+07 5.333021670000000298e+07
9.651066957999999821e+07 9.566143043999999762e+07 1.808108400000000000e+07 1.953713997999999905e+06
1.294172019520999938e+08 6.947607027469000220e+07 1.387503300000000000e+07 1.648612447039929926e+08
8.707342362999999523e+07 1.005271467989999950e+08 1.982726800000000000e+07 9.184100470000000205e+05
9.162881087999999523e+07 1.094629107000000030e+08 1.769631000000000000e+07 1.007290020900000073e+07
8.043069276999999583e+07 1.739029560000000000e+08 1.707951600000000000e+07 5.912405900000000000e+07
1.224491763310000449e+08 7.644445305200000107e+07 1.510954200000000000e+07 5.958791593500000238e+07
1.172742286899999976e+08 1.385387880000000000e+08 1.319204300000000000e+07 4.849037639999999851e+07
9.924071964900000393e+07 9.034247352799999714e+07 1.792338600000000000e+07 8.259246577300000004e+06
6.263680464999999851e+07 1.296844352800000012e+08 2.565342200000000000e+07 1.553540730999999912e+06
9.771969057999999821e+07 1.548122740000000000e+08 1.486531900000000000e+07 4.324972129999999702e+07
7.888795081999999285e+07 1.765285940000000000e+08 1.742686700000000000e+07 4.598059720000000298e+07
1.017495310600000024e+08 9.003331506800000370e+07 1.784785700000000000e+07 4.503970289999999804e+05
7.083356933699999750e+07 1.180107577629999965e+08 2.354873600000000000e+07 7.595926289999999572e+05
1.082867052080000192e+08 1.007389025999999940e+08 1.581343900000000000e+07 9.805154749500000849e+06
7.750545138199999928e+07 1.707637460000000000e+08 1.783042700000000000e+07 4.124610340000000596e+07
1.036524023799999952e+08 9.295735100000000000e+07 1.701712000000000000e+07 3.513190259999999776e+06
7.081766207999999821e+07 1.190029271969999969e+08 2.347482800000000000e+07 8.073074350000000559e+05
1.261283980799999982e+08 7.941419569999998808e+07 1.350424300000000000e+07 1.896387564699999988e+08
1.269067061800000072e+08 7.459821929999999702e+07 1.440804100000000000e+07 9.325929801000000536e+07
6.466517879200000316e+07 1.268302270900000036e+08 2.461525100000000000e+07 2.457205471499999985e+06
5.932064470000000298e+07 1.569700370999999940e+08 2.403543300000000000e+07 1.896596794999999925e+07
8.479494081999999285e+07 1.481541030000000000e+08 1.700650600000000000e+07 3.144142416000000015e+07
1.204458524640000015e+08 7.318137633860000968e+07 1.460645300000000000e+07 1.724822862807599902e+08
1.149622390550000072e+08 1.101704510999999940e+08 1.444949800000000000e+07 1.840963373400000110e+07
7.285050897999998927e+07 1.151726456030000001e+08 2.287532100000000000e+07 1.016072138000000035e+06
9.691772423999999464e+07 8.854336976000000536e+07 1.765240600000000000e+07 8.987650570600000024e+07
8.258614794999998808e+07 1.170811210999999940e+08 1.911778500000000000e+07 1.039171611400000006e+07
1.245200289500000179e+08 7.689123137000000477e+07 1.491612800000000000e+07 6.128396413000000268e+07
1.035165288770000041e+08 9.553271160999999940e+07 1.679543100000000000e+07 5.370029468999999575e+06
5.596122799000000209e+07 1.771833658000000119e+08 2.584153900000000000e+07 2.557971869999999925e+07
1.015229508850000054e+08 1.025452225000000000e+08 1.654683700000000000e+07 9.354795940999999642e+06
1.143548940499999970e+08 1.306340070000000000e+08 1.371464200000000000e+07 3.042851562000000104e+07
8.880941118000000715e+07 1.386158990000000000e+08 1.666231400000000000e+07 2.693956055999999866e+07
9.548644051999999583e+07 1.419748960000000000e+08 1.541132600000000000e+07 3.451110310000000149e+07
5.607424742000000179e+07 1.623670710000000000e+08 2.670371600000000000e+07 1.534204048000000045e+07
1.237907867600000203e+08 7.935395759999999404e+07 1.489997800000000000e+07 5.482885120000000298e+07
5.920651953000000119e+07 1.396348612700000107e+08 2.638565700000000000e+07 5.944373572999999858e+06
1.307634505000000000e+08 7.182690300000000000e+07 1.381935900000000000e+07 1.349475536100000143e+08
8.041890640999998152e+07 1.142306149899999946e+08 1.990653900000000000e+07 7.129286355999999680e+06
5.588160104999999702e+07 1.677678361999999881e+08 2.648399400000000000e+07 1.889678330000000075e+07
1.199912759189999998e+08 7.931705861399999261e+07 1.567342900000000000e+07 2.653096305499999970e+07
7.937966120000000298e+07 1.077647467199999988e+08 2.141791900000000000e+07 7.622640130000000354e+05
8.224536055999998748e+07 1.433966614000000060e+08 1.774471500000000000e+07 2.675178719999999925e+07
1.042533832399999946e+08 8.699945310999999940e+07 1.722636000000000000e+07 1.611402986999999918e+07
1.138645724699999988e+08 8.392410572399999201e+07 1.659177400000000000e+07 4.959859930000000168e+05
1.193329346200000197e+08 7.988755465299999714e+07 1.581793300000000000e+07 2.023348789999999851e+07
9.771761687500000000e+07 1.084178360999999940e+08 1.672467500000000000e+07 1.175845587800000049e+07
7.665534157999998331e+07 1.784064540000000000e+08 1.785736800000000000e+07 4.562267650000000000e+07
1.052252843400000036e+08 1.243347399000000060e+08 1.483622800000000000e+07 2.607886489999999851e+07
7.464973694000001252e+07 1.130450715929999948e+08 2.230117700000000000e+07 1.183738068000000203e+06
9.421473953399999440e+07 1.036687372999999970e+08 1.766082600000000000e+07 7.116638341000000015e+06
7.721773618999999762e+07 1.446038588000000119e+08 1.885162300000000000e+07 2.467659916000000015e+07
6.943059657999999821e+07 1.891820450000000000e+08 1.942362400000000000e+07 5.226351410000000149e+07
6.759302027199999988e+07 1.242375280100000054e+08 2.337414600000000000e+07 3.991603030999999959e+06
1.079962304200000018e+08 9.711153560999999940e+07 1.590258500000000000e+07 1.706849681700000167e+07
9.361253656000000238e+07 9.563318774400000274e+07 1.868801500000000000e+07 1.071095594000000041e+06
8.453843965999999642e+07 1.663855080000000000e+08 1.650466000000000000e+07 4.630099739999999851e+07
7.013993914000000060e+07 1.296370263900000006e+08 2.173839800000000000e+07 1.884066450000000000e+07
1.036576661990000010e+08 8.297966913509999216e+07 1.649259700000000000e+07 1.638014823668999970e+08
8.248958925599999726e+07 1.720603260000000000e+08 1.682308900000000000e+07 4.512621900000000000e+07
8.976955942000000179e+07 9.876514387999999523e+07 1.921251800000000000e+07 1.300003756000000052e+06
9.965351637999999523e+07 9.136945049899999797e+07 1.800242700000000000e+07 6.694729029999999329e+05
6.403944016873999685e+07 1.241512871661709994e+08 2.509428000000000000e+07 3.286563158312200010e+07
1.149147346110000014e+08 1.055405925000000000e+08 1.470479500000000000e+07 1.542963511299999990e+07
1.163911435100000203e+08 1.445800410000000000e+08 1.320032900000000000e+07 5.160024900000000000e+07
1.230651826340000033e+08 7.591359050200000405e+07 1.495557200000000000e+07 6.800159678900000453e+07
6.013777695000000298e+07 1.389775113900000155e+08 2.734496000000000000e+07 1.832033307000000030e+06
8.971536123000000417e+07 9.725239537000000477e+07 1.949461100000000000e+07 4.566981030000000261e+06
1.227463528600000441e+08 1.030254496700000018e+08 1.361193900000000000e+07 6.254413315999999642e+07
6.885640105000001192e+07 1.254956990900000036e+08 2.265246800000000000e+07 6.291559620999999344e+06
7.632208853999999166e+07 1.111578898139999956e+08 2.216460800000000000e+07 7.148796770000000251e+05
1.157628272389999926e+08 1.005152235000000000e+08 1.492838600000000000e+07 1.222659075180000067e+07
1.053156656400000155e+08 1.386571000000000000e+08 1.437126100000000000e+07 3.323026855999999866e+07
1.169592734800000042e+08 8.286901407799999416e+07 1.627573900000000000e+07 6.357969909999999218e+05
9.891813910500000417e+07 8.655501695800000429e+07 1.717186100000000000e+07 1.539017244681000113e+08
5.636781559000000358e+07 1.790490323000000119e+08 3.061200200000000000e+07 1.236326483999999985e+07
6.266962439599999785e+07 1.830491740000000000e+08 2.157824700000000000e+07 3.841723770000000298e+07
9.142508888199999928e+07 9.393680475800000131e+07 1.826246100000000000e+07 1.186729773891000003e+08
1.087707721800000072e+08 1.161100579000000060e+08 1.450496800000000000e+07 5.252244312000000477e+07
1.228076860499999970e+08 1.097857307000000030e+08 1.322409800000000000e+07 7.760507704999999702e+07
8.321576793800000846e+07 1.700584400000000000e+08 1.661816400000000000e+07 5.914558700000000000e+07
1.093878158299999982e+08 1.314687050000000000e+08 1.414667300000000000e+07 3.004825487999999896e+07
1.018423454189999998e+08 9.735013659999999404e+07 1.690388200000000000e+07 5.845034176699999720e+06
9.239648035999999940e+07 1.342970299000000060e+08 1.622773300000000000e+07 2.578573947000000253e+07
1.084516470999999940e+08 8.133785951000000536e+07 1.611966700000000000e+07 9.245417386499999464e+07
8.943588195999999344e+07 9.619466614599999785e+07 1.928127200000000000e+07 1.584183301999999955e+07
5.890567986999999732e+07 1.452047724000000060e+08 2.518034000000000000e+07 1.055234139000000060e+07
1.204673242999999970e+08 9.436640300000000000e+07 1.457791100000000000e+07 3.199005300000000000e+07
1.204781063900000006e+08 1.245578670000000000e+08 1.324147700000000000e+07 4.199377950000000000e+07
1.075917882199999988e+08 9.174333506000000238e+07 1.662286500000000000e+07 3.490967919999999925e+06
9.930844417700001597e+07 1.053846932000000030e+08 1.673598500000000000e+07 9.825188429999999702e+06
1.168232900199999958e+08 7.607368128000000119e+07 1.503976400000000000e+07 1.288936253620000035e+08
1.170096928900000155e+08 9.339133620000000298e+07 1.529130400000000000e+07 7.829710049999999814e+06
1.199564092399999946e+08 7.947108329999999702e+07 1.434518500000000000e+07 1.359588219000000060e+08
1.136227627099999934e+08 8.644534976999999583e+07 1.624877400000000000e+07 2.349355757999999914e+06
1.291319854960000068e+08 6.974489656750001013e+07 1.385780700000000000e+07 1.693553205299000144e+08
9.216434935999999940e+07 1.575289250000000000e+08 1.554214600000000000e+07 4.008003403999999911e+07
1.277659109660000205e+08 7.295411451500000060e+07 1.437986200000000000e+07 1.010048500080000013e+08
8.940227141999998689e+07 1.536848650000000000e+08 1.603932400000000000e+07 3.647555928999999911e+07
9.492438459000000358e+07 9.439584979000000656e+07 1.865288800000000000e+07 6.587076240000000689e+05
1.106512434099999964e+08 8.557168725699999928e+07 1.682392600000000000e+07 6.966225309999999590e+05
5.693849531000000238e+07 1.880316853000000119e+08 2.469218600000000000e+07 3.407114730000000447e+07
8.683250821899999678e+07 1.688346270000000000e+08 1.604603900000000000e+07 6.061532400000000000e+07
9.830261243000000715e+07 1.445687960000000000e+08 1.501246800000000000e+07 3.471696029000000656e+07
5.837504543999999762e+07 1.434476947400000095e+08 2.725496000000000000e+07 4.331000050999999978e+06
1.262688039599999934e+08 7.296258620399999619e+07 1.437676900000000000e+07 1.067876658990000039e+08
7.820289078999999166e+07 1.258848660000000000e+08 1.960932000000000000e+07 1.391064915000000037e+07
8.681455414000000060e+07 1.255298812999999970e+08 1.762960200000000000e+07 1.904275858999999985e+07
6.031093697999999672e+07 1.887531330000000000e+08 2.226029800000000000e+07 4.091038310000000149e+07
1.134552290100000054e+08 1.163422117999999970e+08 1.430516700000000000e+07 2.195998545199999958e+07
8.378459415999999642e+07 1.690714040000000000e+08 1.664674100000000000e+07 4.366909800000000000e+07
9.727004465199999511e+07 9.948744320000000298e+07 1.745869700000000000e+07 5.615019837100000121e+06
7.280726112999999523e+07 1.739344980000000000e+08 1.884128400000000000e+07 4.035984039999999851e+07
1.021387344189999998e+08 1.066495690000000000e+08 1.618559200000000000e+07 1.226680470700000040e+07
8.302705409999999404e+07 1.048415003400000036e+08 2.027019100000000000e+07 1.794120823000000091e+06
9.036060284000000358e+07 1.353291614000000060e+08 1.623590000000000000e+07 8.701322715999999642e+07
5.924374009000000358e+07 1.401950450099999905e+08 2.637576600000000000e+07 4.718633101999999955e+06
1.212423151200000048e+08 7.961165079999999702e+07 1.500799600000000000e+07 5.665502200000000000e+07
1.218957585000000000e+08 9.764577353000000119e+07 1.424344100000000000e+07 3.826925254999999702e+07
5.700596602000000328e+07 1.508298286999999881e+08 2.708440200000000000e+07 8.572701990000000224e+06
1.039316270600000024e+08 1.320767910000000000e+08 1.471411700000000000e+07 2.898191448000000045e+07
1.312352545199999958e+08 7.724008100000000000e+07 1.324609600000000000e+07 1.600769636299999952e+08
1.294667304899999946e+08 7.689633240000000596e+07 1.368843700000000000e+07 1.257011901800000072e+08
9.048375864000000060e+07 1.651407200000000000e+08 1.553574400000000000e+07 6.034137700000000000e+07
