1.198386836500000060e+08 1.163272590000000000e+08 1.378264800000000000e+07 2.312708080000000075e+07
1.143705087300000191e+08 8.387961677600000799e+07 1.651605600000000000e+07 5.294473020000000251e+05
1.114013482750000060e+08 7.879435293400000036e+07 1.537845700000000000e+07 1.821529856443000138e+08
8.752999095000000298e+07 1.003130873879999965e+08 1.980637300000000000e+07 6.822519529999999795e+05
1.236852470259999931e+08 7.676625532400000095e+07 1.509867800000000000e+07 5.441335495000000298e+07
8.061235948000000417e+07 1.068946652699999958e+08 2.088064400000000000e+07 1.303395023000000045e+06
1.184698874300000221e+08 9.642251490000000596e+07 1.498426100000000000e+07 9.973694400000000373e+06
8.763922240999999642e+07 1.643709140000000000e+08 1.596004800000000000e+07 5.848930100000000000e+07
1.191059236700000167e+08 8.730430083999998868e+07 1.563188300000000000e+07 4.093260459999999963e+06
1.043408105199999958e+08 8.359904837000000477e+07 1.664003500000000000e+07 9.262986235600000620e+07
1.051603443299999982e+08 9.465798812000000477e+07 1.670083200000000000e+07 4.685154190000000410e+06
9.821383173999999464e+07 9.334803443000000715e+07 1.792218700000000000e+07 1.742233230999999912e+06
1.027178898400000185e+08 9.119693015999999642e+07 1.736201100000000000e+07 1.920968093000000110e+06
1.295624445879999846e+08 6.949712256929999590e+07 1.384489200000000000e+07 1.683545721144300103e+08
1.022961528727000058e+08 9.447120500000000000e+07 1.708888700000000000e+07 4.024379254329999909e+06
9.110809381000000238e+07 9.734166570200000703e+07 1.935757500000000000e+07 4.372892370000000228e+05
1.071298451500000060e+08 1.120569922000000030e+08 1.522769200000000000e+07 1.730672977000000328e+07
7.298830704999999702e+07 1.150182716959999949e+08 2.281306200000000000e+07 1.022934263000000035e+06
8.946171640000002086e+07 9.908510501999999583e+07 1.921631300000000000e+07 1.531824835999999894e+06
7.088405225000000000e+07 1.187512541800000072e+08 2.309487600000000000e+07 1.565803611000000034e+06
1.175578903599999845e+08 1.345707800000000000e+08 1.323566800000000000e+07 4.386855750000000000e+07
1.240640175499999970e+08 1.036105759000000060e+08 1.351455800000000000e+07 6.408828720000000298e+07
1.190887368700000048e+08 1.035664425000000000e+08 1.445961100000000000e+07 1.638105900000000000e+07
1.198628827329999954e+08 8.016716296999999881e+07 1.585352100000000000e+07 1.598093472699999996e+07
1.081379169899999946e+08 8.660851330099999905e+07 1.714688500000000000e+07 4.518472619999999879e+05
5.690441017000000179e+07 1.521733699000000060e+08 2.706272200000000000e+07 9.056977570000000298e+06
9.339100285999999940e+07 1.268650827999999970e+08 1.637129000000000000e+07 2.200315747000000253e+07
8.721936305299998820e+07 1.058153522900000066e+08 1.902209400000000000e+07 4.625419357000000775e+06
1.157402333799999952e+08 1.252674340000000000e+08 1.372930800000000000e+07 2.802099114000000060e+07
7.420193490999999642e+07 1.183717055900000036e+08 2.140816400000000000e+07 5.759097376000000164e+06
1.190048710020000041e+08 1.194744510000000000e+08 1.371857000000000000e+07 2.455398030700000003e+07
1.308539391700000018e+08 7.690398490000000596e+07 1.323534000000000000e+07 1.688111377800000012e+08
1.121013660900000036e+08 1.486022390000000000e+08 1.347223800000000000e+07 5.567038900000000000e+07
1.147706711500000060e+08 7.845560490009999275e+07 1.501324800000000000e+07 1.427364290925000012e+08
1.077644616700000167e+08 1.510197620000000000e+08 1.380832100000000000e+07 5.617806800000000000e+07
9.567173018000000715e+07 9.392785931800000370e+07 1.865778900000000000e+07 4.239804799999999814e+05
1.294202081599999964e+08 7.722230606999999285e+07 1.356357700000000000e+07 1.353335264900000095e+08
1.016772626800000072e+08 1.247725777999999970e+08 1.528076800000000000e+07 2.371021152800000086e+07
7.123755267999999225e+07 1.868397400000000000e+08 1.897927700000000000e+07 5.403830060000000149e+07
5.792828537000001222e+07 1.573167216999999881e+08 2.500353900000000000e+07 1.690344994000000134e+07
1.187581787300000042e+08 7.776778180400000513e+07 1.551852200000000000e+07 5.554372731400000304e+07
8.304958220999999344e+07 1.413736015000000000e+08 1.759453400000000000e+07 2.977749550000000000e+07
6.308150522400000691e+07 1.302003588100000024e+08 2.507155600000000000e+07 2.562287463200000580e+06
1.080674775610000044e+08 9.648895079999999702e+07 1.609069600000000000e+07 7.449349377999999560e+06
1.100139058800000399e+08 1.383014510000000000e+08 1.393284000000000000e+07 3.397020938000000268e+07
7.926345939000000060e+07 1.081712710209999979e+08 2.162508100000000000e+07 4.799992719999999972e+05
1.270767175429999977e+08 7.287248149799999595e+07 1.437869000000000000e+07 1.035534592000000030e+08
7.538080937000000477e+07 1.121119516720000058e+08 2.222739600000000000e+07 1.001343234000000055e+06
1.039961687000000030e+08 1.273073075000000000e+08 1.450119600000000000e+07 9.577968292000000179e+07
1.164156082220000029e+08 7.538436509399999678e+07 1.493315400000000000e+07 1.784719111780999899e+08
9.939896714000000060e+07 8.984089492499999702e+07 1.797055400000000000e+07 8.910395815999999642e+06
1.152494747000000030e+08 9.165168029999999702e+07 1.559451900000000000e+07 6.243035609999999404e+06
1.166462301800000072e+08 1.446418990000000000e+08 1.317009000000000000e+07 5.374404300000000000e+07
1.080595679810000062e+08 7.988456953519999981e+07 1.591050300000000000e+07 1.837283274638999999e+08
8.101742226000000536e+07 1.152288519000000060e+08 1.973113000000000000e+07 7.555046924000000581e+06
1.091543250799999982e+08 9.258937487999999523e+07 1.626056900000000000e+07 5.144352469999999739e+06
5.830721225000000745e+07 1.876388623000000119e+08 2.360702500000000000e+07 3.651036829999999702e+07
8.260915933999998868e+07 1.051429137000000030e+08 2.046650700000000000e+07 1.333119004999999888e+06
9.933465778000001609e+07 1.494340870000000000e+08 1.480592400000000000e+07 3.772954432999999821e+07
8.462311804000000656e+07 1.026491615000000000e+08 2.032960000000000000e+07 8.062429639999999199e+05
1.221877488599999994e+08 1.120717067999999970e+08 1.318029700000000000e+07 8.186534248999999464e+07
5.591762981000000238e+07 1.666453858000000119e+08 2.645687300000000000e+07 1.852125926000000164e+07
7.177612092000000179e+07 1.188417736400000006e+08 2.227350300000000000e+07 4.031254975999999791e+06
9.353493511599999666e+07 9.085859368440000713e+07 1.813675000000000000e+07 1.267806433683000058e+08
9.011061206000000238e+07 1.544304350000000000e+08 1.590735600000000000e+07 3.723698947999999672e+07
6.408137053000000119e+07 1.278512564749999940e+08 2.552335500000000000e+07 8.739748140000000130e+05
8.135770027699999511e+07 1.673400160000000000e+08 1.702454400000000000e+07 5.487722000000000000e+07
5.814823239000000060e+07 1.443522563100000024e+08 2.723539000000000000e+07 4.843631666000000201e+06
1.045670073199999928e+08 8.853546436899998784e+07 1.747900200000000000e+07 5.348352179999999935e+05
1.230261506700000018e+08 1.061080849000000060e+08 1.359735900000000000e+07 5.347259520000000298e+07
6.954634454999999702e+07 1.890378560000000000e+08 1.939453100000000000e+07 5.242974860000000149e+07
1.202016197100000232e+08 1.194542930999999940e+08 1.316568000000000000e+07 9.296774875000000000e+07
5.973247359099999070e+07 1.396291150000000000e+08 2.527539300000000000e+07 7.371539659999999218e+06
1.237995537800000012e+08 7.662565398999999464e+07 1.502272700000000000e+07 5.843297329999999702e+07
9.712358382299999893e+07 1.000582855300000012e+08 1.743758300000000000e+07 5.912483553600000218e+06
1.199756382600000054e+08 9.897414076999999583e+07 1.434497100000000000e+07 3.335701189000000060e+07
1.310323728100000024e+08 7.800391829999999702e+07 1.322881000000000000e+07 1.602438787199999988e+08
1.192000999710000157e+08 7.643668588800001144e+07 1.443440300000000000e+07 1.813582317960000038e+08
7.910333825000000000e+07 1.499114546999999881e+08 1.813033500000000000e+07 2.968118566000000015e+07
8.067641197900000215e+07 1.031407381154900044e+08 2.058497200000000000e+07 6.182605736793000251e+07
6.016671573399999738e+07 1.361749974800000191e+08 2.609800700000000000e+07 3.675772554000000004e+06
1.102759621800000072e+08 1.208244320999999940e+08 1.400391600000000000e+07 8.542530754999999702e+07
1.190249367440000027e+08 7.384643830200000107e+07 1.473458300000000000e+07 1.745513540628699958e+08
6.050086009000000358e+07 1.906744640000000000e+08 2.216020100000000000e+07 4.173318120000000298e+07
5.638707907999999821e+07 1.568888628000000119e+08 2.691049000000000000e+07 1.221146328999999911e+07
7.608648252179999650e+07 1.717768830000000000e+08 1.804466600000000000e+07 5.222032279999999702e+07
5.736167804999999702e+07 1.528819733000000119e+08 2.613465300000000000e+07 1.171029419999999925e+07
1.206644061500000060e+08 1.240167920000000000e+08 1.325569500000000000e+07 4.082410370000000298e+07
6.537049799999999255e+07 1.727858500000000000e+08 2.102100600000000000e+07 3.423058624000000209e+07
9.582221456000000238e+07 1.596619270000000000e+08 1.491215300000000000e+07 5.914183400000000000e+07
1.218865641633999944e+08 7.884294322100000083e+07 1.556872500000000000e+07 2.833677201460000128e+07
8.973139334000000358e+07 1.659847690000000000e+08 1.563599400000000000e+07 6.056589800000000000e+07
1.240446806500000060e+08 7.359668195999999344e+07 1.439205500000000000e+07 1.201589400000000000e+08
9.378040092000000179e+07 9.590713509999999404e+07 1.856080000000000000e+07 1.474564622999999905e+06
1.170056162699999958e+08 8.254392544499999285e+07 1.622422500000000000e+07 2.972379427000000142e+06
7.663366267999999225e+07 1.154038074699999988e+08 2.090687700000000000e+07 5.463408383000000380e+06
5.636323529999999702e+07 1.823397245000000000e+08 2.528261300000000000e+07 2.944100700000000000e+07
1.190043165279999971e+08 1.052292167300000042e+08 1.381277800000000000e+07 6.070969808799999952e+07
6.186386929699999839e+07 1.310101708100000024e+08 2.562946600000000000e+07 2.276555752400000114e+06
1.102698801200000048e+08 8.667384773699998856e+07 1.685586300000000000e+07 6.289128390000000363e+05
1.031263258599999994e+08 1.540481940000000000e+08 1.420392100000000000e+07 5.733715300000000000e+07
1.017012341800000072e+08 9.008797656999999285e+07 1.780708500000000000e+07 5.413850010000000475e+05
1.162148447099999934e+08 8.316419606000000238e+07 1.440459000000000000e+07 1.937599418400000036e+08
6.600727475999999791e+07 1.244570234699999988e+08 2.469272200000000000e+07 1.295513129000000190e+06
6.821056210199999809e+07 1.214740507419999987e+08 2.403104800000000000e+07 1.176638271000000183e+06
8.600198631999999285e+07 1.315399355400000066e+08 1.726948700000000000e+07 6.789558476000000536e+07
8.447184114000001550e+07 1.538831680000000000e+08 1.687226600000000000e+07 3.486116270000000298e+07
1.313147098799999952e+08 6.978669312000000477e+07 1.383443100000000000e+07 1.448875443899999857e+08
9.222143268999999762e+07 1.625038330000000000e+08 1.533361400000000000e+07 5.565833100000000000e+07
1.149556559109999985e+08 1.002795457000000030e+08 1.506603700000000000e+07 1.142934429350000061e+07
8.072015125999999046e+07 1.114494424200000018e+08 2.008222400000000000e+07 5.361689367999999784e+06
6.061401115999999642e+07 1.885260980000000000e+08 2.213568600000000000e+07 4.118983420000000298e+07
1.053966799399999976e+08 1.068871552999999970e+08 1.571950800000000000e+07 1.429146009999999963e+07
1.290976563300000429e+08 7.341615379999999702e+07 1.371651400000000000e+07 1.422167705999999940e+08
6.057705632999999821e+07 1.770220233000000119e+08 2.250577100000000000e+07 3.412448810000000149e+07
1.148211562900000066e+08 8.860542221999999881e+07 1.588860000000000000e+07 4.165764930000000168e+06
1.048830911099999994e+08 1.502593170000000000e+08 1.409429200000000000e+07 5.107945300000000000e+07
9.910593419099998474e+07 8.638913192069999874e+07 1.716403200000000000e+07 1.566462751475000083e+08
1.060225402300000042e+08 1.161319132000000030e+08 1.512895200000000000e+07 2.042217166000000015e+07
1.291966726851000041e+08 6.955045920809000731e+07 1.388946400000000000e+07 1.651153110128560066e+08
6.333820103999999166e+07 1.977117070000000000e+08 2.109309000000000000e+07 4.922139670000000298e+07
8.337118708699998260e+07 1.699603860000000000e+08 1.659209600000000000e+07 5.927592700000000000e+07
1.166099715499999970e+08 1.071203045999999940e+08 1.443964900000000000e+07 1.778427810000000149e+07
6.632677278000000119e+07 1.876319180000000000e+08 2.029810100000000000e+07 4.431181650000000000e+07
