6.6554204527E7 1.4270238666E8 2.2577018E7 3608323.218
1.2887072719E8 8.924148376E7 1.446358E7 3.614044196E7
1.2282368992999998E8 9.542862431E7 1.5065734E7 2043010.452
7.186271169699998E7 1.3186464988E8 2.1748043E7 3.19022422201E7
8.258647846E7 1.2323138017E8 2.0331778E7 652760.927
9.2944045005E7 1.103596293963E8 1.8063015E7 1.112277732035E8
1.2558229825000004E8 1.01399645E8 1.4439597E7 6489537.53
1.3457554097E8 8.46471075E7 1.3154573E7 1.264001882E8
1.2087946696E8 9.3906246755E7 1.5516303E7 383798.263
6.254865832000001E7 2.17401787E8 2.039774E7 5.07994859E7
6.44003584261E7 1.4034738661792E8 2.3427759E7 3.522382442823E7
1.2058707695E8 1.52133593E8 1.2626205E7 3.834605549E7
8.544163196E7 1.286406834E8 1.8808399E7 7304602.018
8.119030133E7 1.349309648E8 1.9286242E7 8909288.399999999
1.057303623E8 1.59080118E8 1.4185181E7 3.681111875E7
8.752516346000001E7 1.18702797639E8 1.9705655E7 418347.229
6.7650460019E7 1.562653257E8 2.117989E7 1.402401685E7
1.1377771095E8 1.65288222E8 1.3008107E7 6.2088321E7
8.0890823647E7 1.2948003453E8 1.9790137E7 4797748.146999999
1.272244061E8 1.32887492E8 1.2656678E7 3.48511687E7
1.0220386723E8 1.06636977796E8 1.7451797E7 958705.971
1.2163739029E8 1.35243651E8 1.2623077E7 1.0787664415E8
7.459961285E7 1.531915613E8 1.9698397E7 1.65687124E7
9.17241919E7 1.14921706719E8 1.8955238E7 608557.363
1.2536742222000004E8 9.3499142644E7 1.5069906E7 1165085.975
1.1843499074E8 1.61861199E8 1.2562875E7 6.1618639E7
6.46474364292E7 1.831975105E8 2.0731272E7 2.894110235E7
1.2391663051000002E8 1.00881376E8 1.4357555E7 1.69966678E7
5.4167128925E7 1.837434872E8 2.6450555E7 1.261812966E7
1.0944438901E8 1.59854778E8 1.3709008E7 3.862662769E7
7.21836882548E7 2.08091863E8 1.8470043E7 5.9397349E7
1.0836475421E8 1.42572298E8 1.431313E7 2.805623232E7
6.090933155E7 2.05649016E8 2.099142E7 4.05407418E7
1.1820035492E8 9.5745784462E7 1.5648741E7 754636.3659999999
1.1487725476E8 9.7645690023E7 1.6085551E7 552398.9700000001
9.775887705E7 1.10269476479E8 1.7949766E7 1190233.997
1.3440373585E8 8.898313926E7 1.2518419E7 1.9806651182E8
1.2464406068E8 1.117195314E8 1.3859372E7 1.3156733E7
1.2328195464E8 1.2374330356E8 1.2819458E7 7.697828815E7
1.2737752124E8 1.03716464E8 1.3716459E7 3.73456555E7
1.0221390838500002E8 1.023197867668E8 1.6760931E7 1.402123575066E8
1.23233045873E8 1.26269599E8 1.3244009E7 2.2251886453E7
1.0771322752E8 1.0486235164E8 1.557116E7 1.6478102023E8
6.6941733485E7 1.4466292004999998E8 2.2243923E7 5188085.054
7.665043424E7 1.92162681E8 1.7914004E7 4.27069203E7
6.8752491208E7 1.3853113648999998E8 2.2604679E7 1304533.103
1.00366558539E8 1.034768694444E8 1.7161775E7 1.384141328796E8
1.08157255331E8 1.0820566705E8 1.6077617E7 5180390.9062
1.0023184413E8 1.0919942324E8 1.7478426E7 1952477.769
1.0712717735E8 1.66715871E8 1.3749399E7 5.9491343E7
8.529338417E7 1.20698563515E8 1.9856411E7 732801.519
8.128441393E7 1.85162089E8 1.7244809E7 4.1018718E7
1.33543280824E8 8.3850662415E7 1.368786E7 9.4282148514E7
1.0652091756E8 1.288816072E8 1.5131366E7 1.8006038915E7
9.61352002216E7 1.1237501501E8 1.8002569E7 2034375.9423
6.056559556000008E7 1.4961287101E8 2.4090505E7 2673484.7209999994
9.469504276E7 1.70951742E8 1.5436245E7 3.904742527E7
9.355790062E7 1.10859514798E8 1.8490229E7 1.8515101203E7
1.21938764654E8 1.152611089E8 1.3839258E7 1.49725869715E7
1.3731703671E8 8.777074072E7 1.2551446E7 1.6012679847E8
7.094117364800002E7 1.3640883833E8 2.1900105E7 2419312.0322
1.0592533569E8 1.71819138E8 1.3822737E7 6.2762582E7
1.3520080614000002E8 8.449037735E7 1.2624942E7 2.0361845349E8
1.2969602613E8 8.4697939577E7 1.3842895E7 9.4776378623E7
1.2284576248E8 1.038598605E8 1.4435509E7 7622987.5
8.303411628999999E7 1.78426628E8 1.7098992E7 3.802073999E7
1.2429121346E8 1.40553686E8 1.265349E7 3.1552172752E7
1.2189014958E8 9.206988915E7 1.5056589E7 1.916985234E7
6.8282011468E7 1.636402078E8 2.064367E7 1.929095648E7
1.1102347458E8 1.46639345E8 1.3786646E7 3.66662231E7
5.632987048E7 1.6354352998999998E8 2.537791E7 5483869.093
5.605303125E7 2.36888283775E8 3.8583654E7 574224.389
5.867709555E7 1.881030983E8 2.215682E7 2.83635967E7
1.1906148792000002E8 1.210905634E8 1.3793791E7 1.864555452E7
1.3047315549800004E8 8.720186504E7 1.4241965E7 5.2950243308E7
6.934990599000001E7 1.511883353E8 2.1056845E7 1.171684984E7
6.8843196773E7 1.94752223E8 1.9392564E7 3.96368831E7
1.29461785436E8 8.6932101246E7 1.421962E7 5.77991633001E7
7.228303545E7 1.428676381E8 2.0856281E7 8256099.419
1.20107048862E8 1.067998453E8 1.4464581E7 8956726.766900001
9.1063714027E7 1.120518591936E8 1.8386222E7 8.328347211495E7
8.717130088000001E7 1.387518622E8 1.7852517E7 1.509290278E7
1.2530608505E8 8.915014918E7 1.445106E7 4.988448254E7
8.362625872399999E7 1.187885722789E8 1.9623628E7 8.011412783641E7
1.13002871386E8 9.4059997709E7 1.5350958E7 1.644392742846E8
1.3651880224E8 8.293762396800001E7 1.2639322E7 1.85745969743E8
5.835884345E7 1.5619533205E8 2.4693593E7 4042526.626
1.1699169467E8 1.317701576E8 1.360029E7 2.429182221E7
1.31179314206E8 8.8361016E7 1.3029371E7 1.48414489038E8
1.032479475E8 1.294734375E8 1.5584717E7 1.711529881E7
1.0785208678E8 1.70336765E8 1.3640568E7 5.484289E7
9.171207191E7 1.591912127E8 1.6066287E7 9.04361088E7
8.088807061000001E7 1.5536254411E8 1.8137425E7 6.2922785510000005E7
1.2816977983E8 9.083945363E7 1.3186364E7 1.9692565794E8
1.0113339752E8 1.76364272E8 1.4363395E7 6.3212411E7
1.1908295303E8 9.954173893E7 1.5070674E7 3974051.45
7.677209329E7 1.458635985E8 1.9600638E7 1.3243749519E7
7.053686550050001E7 2.09740836E8 1.8769942E7 5.42864141E7
8.1418590379E7 1.219758117846E8 2.0310542E7 1.36601678772E7
1.1895688021E8 9.355923112E7 1.5537341E7 8669945.974
1.1182859251299998E8 9.4736313359E7 1.5521453E7 1.628309617798E8
5.428310685E7 1.940938253E8 2.4760051E7 2.38582675E7
5.821595992E7 1.686539568E8 2.3212953E7 1.4565809E7
7.6969285555E7 1.257658788083E8 2.0725031E7 7.03989356108E7
1.1633184348E8 1.48987326E8 1.3138281E7 3.472837776E7
1.09107335166E8 9.74333835939E7 1.5873253E7 1.0864641301723E8
6.4414127758E7 2.06155468E8 2.0121027E7 4.34081244E7
5.823406099E7 1.62832215E8 2.3594012E7 1.063107275E7
1.1697331112700002E8 9.0715618687E7 1.495662E7 1.797107290994E8
8.7169645808E7 1.2157773577E8 1.9068496E7 3073302.2922
1.14815685909E8 1.0080716603E8 1.5603716E7 3151539.4733
1.0695721571E8 1.246610207E8 1.5261885E7 1.559420735E7
9.723274711E7 1.558968509E8 1.5291724E7 9.9380667E7
1.2317154278E8 1.43439536E8 1.2634417E7 3.320337168E7
1.19012038854E8 1.091883096E8 1.4430639E7 1.0243168145E7
9.8418331679E7 1.051288144539E8 1.7409649E7 1.388832657231E8
6.3647024025000006E7 1.600647614E8 2.2060676E7 1.321951362E7
8.402700404E7 1.93815415E8 1.6590448E7 6.2191825E7
7.140033849700001E7 1.86135295E8 1.9088407E7 3.592541174E7
1.2861411311999996E8 1.1499132058E8 1.2862824E7 6.308630718E7
8.61373847E7 1.3155021588E8 1.8420521E7 1.341981469E7
6.6820635459000014E7 1.6698642902E8 2.07887E7 4.129267995E7
9.335051981E7 1.13532505699E8 1.8637993E7 933343.386
1.1567899428E8 1.250682748E8 1.4036125E7 1.954439501E7
8.097564436400002E7 1.270600915E8 2.0008017E7 3145498.6538
5.545352584000004E7 2.02417677E8 2.3506496E7 3.15052426E7
6.665735717E7 2.0882789E8 1.9570746E7 4.66980786E7
6.4180095489E7 1.4469759454999998E8 2.3250915E7 2772927.9850000003
1.1141581537E8 1.51653261E8 1.3657704E7 3.434834091E7
8.863165379999998E7 1.342047714E8 1.78392E7 1.2603831183999998E7
1.27463505099E8 8.619492652800001E7 1.3545076E7 1.77279264618E8
6.043612473E7 2.09455233E8 2.1038046E7 4.30616421E7
1.2502433515E8 8.639844229E7 1.4304664E7 9.6054858831E7
6.5316618988400005E7 1.6829932903E8 2.1118667E7 3.954287957E7
1.133155981E8 1.303406716E8 1.4115264E7 2.227286871E7
1.1458634627E8 1.345365213E8 1.3474681E7 9.788164278E7
5.578778828E7 1.664837436E8 2.531937E7 7183204.369999999
1.099230890288E8 1.0351052179E8 1.6188605E7 2747526.55512
1.1047772313E8 1.00596805776E8 1.6587867E7 529447.302
7.290130244000001E7 1.3362981257E8 2.1675124E7 1749404.93
1.31779702172E8 8.503500222E7 1.3847918E7 8.2510209523E7
1.04373566458E8 1.002314133987E8 1.658486E7 1.444347523726E8
1.24529936111E8 1.24411837E8 1.3240055E7 2.1486401934E7
1.07474811623E8 9.78037637259E7 1.6149852E7 1.528260575978E8
7.588293563E7 1.71003584E8 1.8666748E7 2.884591808E7
5.870065241E7 1.724394448E8 2.2840086E7 1.7353131330000002E7
1.12331386826E8 9.411758766E7 1.5515356E7 1.683677663717E8
8.981149933000001E7 1.16494681336E8 1.9262256E7 597793.2119999999
1.3765418986999995E8 8.604181875999999E7 1.2565352E7 1.644680516E8
1.253292091E8 1.293099582E8 1.2388303E7 1.016996078E8
1.26583489977E8 1.36897235E8 1.2657017E7 2.9567323656E7
6.30509029830002E7 1.4240427212E8 2.3761111E7 2.4111127074E7
1.3851292982000002E8 8.3458083E7 1.2646559E7 1.639896089E8
1.3078495852E8 8.78254323E7 1.3771375E7 7.82445229E7
1.3480516353000003E8 8.0058164178E7 1.320512E7 1.54269743963E8
6.6605248113000005E7 1.3906488733859998E8 2.3241552E7 8455955.28076
9.5848049741E7 1.11773898944E8 1.8562915E7 298663.8158
1.0186055781E8 1.59932979E8 1.4687527E7 3.545528175E7
7.8879649778E7 1.257257809747E8 2.0971447E7 4640845.3777
1.20918705514E8 1.186581513E8 1.3753799E7 1.6890092202E7
7.890768886999999E7 1.99593233E8 1.7355914E7 6.0860597E7
1.10473339662E8 1.091377255E8 1.5634108E7 6824176.703
1.3999153757000002E8 7.91644501E7 1.2649236E7 1.863240683E8
8.96195734E7 1.13909498374E8 1.8986475E7 2.4722725388E7
1.3009676817000002E8 1.1545440041E8 1.2656314E7 7.527241356E7
8.802807711000001E7 1.257497832E8 1.8480555E7 6850998.454
5.8468377168E7 1.764360035E8 2.2716579E7 1.984799773E7
7.420479914E7 1.2882879137E8 2.1491245E7 2.131938223E7
1.1842547087E8 9.15476245E7 1.4996312E7 6.8490767775E7
1.00612901203E8 1.168315909E8 1.6740444E7 7322539.414
5.22269317E7 2.435735236E8 3.8528541E7 4124569.003
1.2625039211E8 8.6242607418E7 1.4121867E7 8.8557955202E7
1.2113268235E8 1.29969376E8 1.323663E7 2.4338460036E7
1.0336078049E8 1.64606766E8 1.4373905E7 3.906395148E7
1.0273435585999998E8 1.0458022034E8 1.7421097E7 7533216.648
1.210769037E8 8.7901786358E7 1.4465251E7 1.829048431486E8
9.20968954E7 1.301832412E8 1.7406572E7 1.2079293082E7
5.4947890000000045E7 1.976924887E8 2.3895277E7 2.79699572E7
1.356211664E8 8.23269914E7 1.3161999E7 1.3362290529E8
9.335810518E7 1.75255661E8 1.5540433E7 4.109482176E7
5.4964229481E7 1.80651374E8 2.4566959E7 1.66140207E7
1.2688199984E8 1.222539132E8 1.2581685E7 7.790961307E7
8.2258692569E7 1.201386871763E8 1.9867678E7 6.962077409591E7
7.0992575658E7 1.3211841581857E8 2.2058047E7 3.683291536134E7
1.2901597344E8 8.360929561E7 1.3759447E7 1.21780099759E8
6.925232298500001E7 1.725904904E8 1.9970367E7 5.582246572E7
1.4028782145000002E8 7.99566248E7 1.2592599E7 1.849471085E8
1.0004484359E8 1.08213872958E8 1.7903835E7 445706.25
1.23725286654E8 9.0852598233E7 1.4985825E7 1.9803941945E7
1.275472974668E8 9.09308146722E7 1.502389E7 7414221.9063
1.37172504945E8 8.0426662415E7 1.3198958E7 1.37217772588E8
1.1664489879E8 1.057740705E8 1.4944126E7 7147055.62
1.1278735618E8 9.9109023654E7 1.6271755E7 635932.4319999999
8.950741803999999E7 1.59826546E8 1.6557796E7 2.970436315E7
7.5123381267E7 1.3201916541E8 2.10902E7 2674555.2483999995
6.268058624E7 1.46336885297E8 2.4058896E7 1038461.784
4.984764845E7 2.63550197E8 3.7976425E7 1.638548879E7
1.0659209159E8 1.0457279838E8 1.6708181E7 1923353.966
5.3501954405E7 2.4011397396E8 3.8578682E7 2206856.6498
1.21596731814E8 9.0756400843E7 1.492173E7 3.639790692E7
8.3248260614E7 1.2723502124E8 1.9430685E7 4728261.361
1.36835309698E8 8.112063893E7 1.3257455E7 1.29505316946E8
5.016016656999999E7 2.577141793E8 3.8187125E7 1.252861028E7
8.743785249599999E7 1.152843145918E8 1.8932258E7 9.91683215042E7
9.445952504999998E7 1.4042370968E8 1.6259807E7 7.35121125E7
1.2655908828E8 9.0796859758E7 1.5004557E7 1.03727273507E7
9.1675317186E7 1.1803756781E8 1.8377721E7 3394126.4476
9.811041424E7 1.68898973E8 1.4994499E7 3.934571568E7
1.33625305871E8 7.96561203062E7 1.3206128E7 1.892654495845E8
9.5551093724E7 1.215317835E8 1.7323879E7 7969029.890000001
5.7991439285E7 2.08927411E8 2.212907E7 3.92552999E7
5.992740189E7 1.97927525E8 2.145295E7 3.6773047E7
1.2396185536E8 1.216855104E8 1.3104342E7 4.33276291E7
9.5430056612E7 1.083571546805E8 1.7674856E7 1.235150756269E8
1.18952717E8 1.38749534E8 1.3118401E7 3.006853624E7
1.3323160661E8 8.27090953E7 1.3186322E7 1.442101506E8
7.713824250979999E7 1.2907629317E8 2.0889251E7 2017132.329
9.126254733E7 1.445975884E8 1.6852663E7 2.07508091E7
1.3284000549E8 8.84272048E7 1.317612E7 1.157456668E8
