6.655420452700000256e+07 1.427023866599999964e+08 2.257701800000000000e+07 3.608323217999999877e+06
1.288707271899999976e+08 8.924148376000000536e+07 1.446358000000000000e+07 3.614044196000000089e+07
1.321506886630000025e+08 8.474484471699999273e+07 1.385484700000000000e+07 8.294897742550000548e+07
1.322746680219999850e+08 8.337486175300000608e+07 1.367293100000000000e+07 1.033515687539999932e+08
1.183152621200000048e+08 9.579477544699999690e+07 1.566808600000000000e+07 5.830902079999999842e+05
1.100944207199999988e+08 1.039069402699999958e+08 1.614168300000000000e+07 2.894993569999999832e+06
1.228236899299999774e+08 9.542862431000000238e+07 1.506573400000000000e+07 2.043010452000000048e+06
5.603414192999999970e+07 2.369021743470000029e+08 3.858395600000000000e+07 5.803099079999999376e+05
1.082313196099999994e+08 1.022383320370000005e+08 1.681000500000000000e+07 5.796686700000000419e+05
1.237812819849000424e+08 1.137035400000000000e+08 1.381261500000000000e+07 1.416414563643999957e+07
7.186271169699998200e+07 1.318646498799999952e+08 2.174804300000000000e+07 3.190224222010000050e+07
1.187836000699999928e+08 1.345788200000000000e+08 1.329045000000000000e+07 2.663223098999999836e+07
7.447660705099999905e+07 1.285276929373999983e+08 2.118860400000000000e+07 6.584609576160000265e+07
5.503109934000002593e+07 1.733916464000000060e+08 2.508713600000000000e+07 1.137881513000000082e+07
1.106049882600000054e+08 1.005371076219999939e+08 1.660640700000000000e+07 4.445742040000000270e+05
8.258647845999999344e+07 1.232313801700000018e+08 2.033177800000000000e+07 6.527609270000000251e+05
1.238573709899999946e+08 1.036263095999999940e+08 1.437706700000000000e+07 7.815488169999999925e+06
4.973281115000000596e+07 2.703632671000000238e+08 3.768093800000000000e+07 2.124521450000000000e+07
1.142239751560000032e+08 1.046656284200000018e+08 1.536965600000000000e+07 5.574757777099999599e+06
9.294404500499999523e+07 1.103596293963000029e+08 1.806301500000000000e+07 1.112277732035000026e+08
5.216830988000000268e+07 2.437899515600000024e+08 3.852506700000000000e+07 4.245727701999999583e+06
1.335998515489999950e+08 7.967575269200000167e+07 1.320138200000000000e+07 1.907870574801999927e+08
1.255822982500000447e+08 1.013996450000000000e+08 1.443959700000000000e+07 6.489537530000000261e+06
5.848690757000000030e+07 1.571736756699999869e+08 2.549394400000000000e+07 1.881312972999999998e+06
1.345755409699999988e+08 8.464710750000000000e+07 1.315457300000000000e+07 1.264001882000000030e+08
1.295611069089999944e+08 8.700190397599999607e+07 1.420496200000000000e+07 5.787923594300000370e+07
1.279687586899999976e+08 9.076652500000000000e+07 1.497779500000000000e+07 9.139423099999999627e+06
6.262965485999999940e+07 1.463882428919999897e+08 2.409303200000000000e+07 9.977245400000000373e+05
5.330586450399999321e+07 2.405192880999999940e+08 3.857387700000000000e+07 2.426144556199999992e+06
1.246381910590000004e+08 8.561556873800000548e+07 1.405144700000000000e+07 1.845138363772999942e+08
1.208794669599999934e+08 9.390624675499999523e+07 1.551630300000000000e+07 3.837982629999999772e+05
8.522273281000000238e+07 1.212137588490000069e+08 1.986224000000000000e+07 6.977172970000000205e+05
6.254865832000000775e+07 2.174017870000000000e+08 2.039774000000000000e+07 5.079948589999999851e+07
6.440035842610000074e+07 1.403473866179200113e+08 2.342775900000000000e+07 3.522382442823000252e+07
1.205870769500000030e+08 1.521335930000000000e+08 1.262620500000000000e+07 3.834605549000000209e+07
7.819713635999999940e+07 1.276277697049999982e+08 2.092684100000000000e+07 1.032726673999999999e+06
1.397828356800000072e+08 7.906085479999999702e+07 1.265808800000000000e+07 1.880007284000000060e+08
1.035733983299999982e+08 1.656616080000000000e+08 1.428092600000000000e+07 4.320158000000000000e+07
8.544163195999999344e+07 1.286406834000000060e+08 1.880839900000000000e+07 7.304602018000000156e+06
8.119030132999999821e+07 1.349309648000000119e+08 1.928624200000000000e+07 8.909288399999998510e+06
1.202280697099999934e+08 1.254935170000000000e+08 1.350638400000000000e+07 2.111406892599999905e+07
1.057303622999999970e+08 1.590801180000000000e+08 1.418518100000000000e+07 3.681111875000000000e+07
8.752516346000000834e+07 1.187027976389999986e+08 1.970565500000000000e+07 4.183472289999999921e+05
1.299082203700000048e+08 1.263056135000000000e+08 1.229086700000000000e+07 8.091550779999999702e+07
6.765046001899999380e+07 1.562653256999999881e+08 2.117989000000000000e+07 1.402401684999999963e+07
8.967673058999998868e+07 1.167842043470000029e+08 1.925036100000000000e+07 5.803099079999999376e+05
9.627773512299999595e+07 1.078061505064000040e+08 1.753413700000000000e+07 1.255319830881000012e+08
1.137777109500000030e+08 1.652882220000000000e+08 1.300810700000000000e+07 6.208832100000000000e+07
1.179638521420000046e+08 1.107753004000000060e+08 1.444502600000000000e+07 1.121013199599999934e+07
9.712971393000000715e+07 1.108136033110000044e+08 1.801744600000000000e+07 1.252918037000000011e+06
8.089082364699999988e+07 1.294800345300000012e+08 1.979013700000000000e+07 4.797748146999998949e+06
9.394862015000000596e+07 1.136415226589999944e+08 1.851951700000000000e+07 8.763727559999999357e+05
5.615594139999999106e+07 1.641948564699999988e+08 2.535887700000000000e+07 8.072810872999999672e+06
7.676317593000000715e+07 1.289560815000000000e+08 2.131597400000000000e+07 8.062429639999999199e+05
1.199229182600000054e+08 9.890437156999999285e+07 1.502791000000000000e+07 3.772502049999999814e+06
1.270937810840000212e+08 9.072918376489999890e+07 1.496992600000000000e+07 1.086843592139999941e+07
1.272244060999999940e+08 1.328874920000000000e+08 1.265667800000000000e+07 3.485116870000000298e+07
1.022038672300000042e+08 1.066369777960000038e+08 1.745179700000000000e+07 9.587059710000000196e+05
8.053395772999998927e+07 1.252975842189999968e+08 2.079744900000000000e+07 4.882102029999999795e+05
9.695811865999999642e+07 1.802337280000000000e+08 1.486332500000000000e+07 6.328791200000000000e+07
1.216373902900000066e+08 1.352436510000000000e+08 1.262307700000000000e+07 1.078766441500000060e+08
4.992525064000000060e+07 2.616787246999999881e+08 3.804804700000000000e+07 1.511722192999999970e+07
1.209531964500000030e+08 1.455819910000000000e+08 1.272450700000000000e+07 3.502766229999999702e+07
1.227659330000000000e+08 1.451598420000000000e+08 1.261722300000000000e+07 3.414790541000000387e+07
1.231166463800000399e+08 1.289608090000000000e+08 1.313885700000000000e+07 2.396389399100000039e+07
7.061162431499999762e+07 1.363400458449999988e+08 2.255004300000000000e+07 5.763994540000000270e+05
1.056286937999999970e+08 1.723824420000000000e+08 1.385435900000000000e+07 6.289830500000000000e+07
6.055841960999999195e+07 2.100493090000000000e+08 2.099363500000000000e+07 4.331253620000000298e+07
7.514492390000000596e+07 1.309834844810000062e+08 2.159923500000000000e+07 6.905947179999999935e+05
1.118198879510000050e+08 1.086352457999999970e+08 1.544966600000000000e+07 7.213666332999999635e+06
7.459961284999999404e+07 1.531915613000000119e+08 1.969839700000000000e+07 1.656871240000000037e+07
9.172419190000000596e+07 1.149217067189999968e+08 1.895523800000000000e+07 6.085573630000000121e+05
7.085577696299999952e+07 1.322921541347000003e+08 2.203749000000000000e+07 4.029486346862000227e+07
1.312178692199999988e+08 1.244519132999999970e+08 1.214749500000000000e+07 1.005882310499999970e+08
6.953483548700000346e+07 1.377788012399999797e+08 2.220724400000000000e+07 2.373995360100000165e+06
5.786651857000000030e+07 1.809696834000000060e+08 2.274041000000000000e+07 2.259394798000000045e+07
6.047374579100000113e+07 1.498069100800000131e+08 2.409300800000000000e+07 2.778800839000000153e+06
6.860646180100001395e+07 1.390997104189999998e+08 2.286710900000000000e+07 7.177649859999999171e+05
1.184419753199999928e+08 1.562387330000000000e+08 1.276709200000000000e+07 4.003072150999999791e+07
1.373586451930000186e+08 8.501508366300000250e+07 1.259048900000000000e+07 1.689595610749999881e+08
1.148045581400000006e+08 9.774392036499999464e+07 1.612713500000000000e+07 4.324133080000000191e+05
1.253674222200000435e+08 9.349914264399999380e+07 1.506990600000000000e+07 1.165085975000000093e+06
1.184349907399999946e+08 1.618611990000000000e+08 1.256287500000000000e+07 6.161863900000000000e+07
1.349750311599999964e+08 8.804746717000000179e+07 1.301039100000000000e+07 1.226480685799999982e+08
1.363791732800000012e+08 8.034530721799999475e+07 1.318428000000000000e+07 1.418246522430000007e+08
1.250454508099999577e+08 8.895660648999999464e+07 1.450582400000000000e+07 4.874143584000000358e+07
6.464743642920000106e+07 1.831975105000000000e+08 2.073127200000000000e+07 2.894110235000000149e+07
1.239166305100000203e+08 1.008813760000000000e+08 1.435755500000000000e+07 1.699666780000000075e+07
6.646293942000000179e+07 2.111193080000000000e+08 1.958597400000000000e+07 4.784864239999999851e+07
1.299625710450000018e+08 8.187759485700000823e+07 1.357118000000000000e+07 1.924928544300000072e+08
5.416712892499999702e+07 1.837434871999999881e+08 2.645055500000000000e+07 1.261812966000000015e+07
7.271719418100000918e+07 1.337902538700000048e+08 2.168555200000000000e+07 1.925516515820000088e+06
1.368170526000000238e+08 8.392700373999999464e+07 1.251118900000000000e+07 2.038741700399999917e+08
1.338208740680000186e+08 8.385830629399999976e+07 1.367896600000000000e+07 9.415727853900000453e+07
1.094443890100000054e+08 1.598547780000000000e+08 1.370900800000000000e+07 3.862662768999999762e+07
7.218368825480000675e+07 2.080918630000000000e+08 1.847004300000000000e+07 5.939734900000000000e+07
8.087405072099998593e+07 1.280118972199999988e+08 1.991341300000000000e+07 3.947493098000000231e+06
1.083647542099999934e+08 1.425722980000000000e+08 1.431313000000000000e+07 2.805623232000000030e+07
6.090933154999999702e+07 2.056490160000000000e+08 2.099142000000000000e+07 4.054074179999999702e+07
