1.182003549200000018e+08 9.574578446199999750e+07 1.564874100000000000e+07 7.546363659999999218e+05
1.148772547600000054e+08 9.764569002300000191e+07 1.608555100000000000e+07 5.523989700000000885e+05
9.775887704999999702e+07 1.102694764790000021e+08 1.794976600000000000e+07 1.190233996999999974e+06
1.210592846200000048e+08 9.382614712500000000e+07 1.551842100000000000e+07 3.361240459999999730e+05
1.344037358499999940e+08 8.898313926000000536e+07 1.251841900000000000e+07 1.980665118199999928e+08
1.246440606800000072e+08 1.117195314000000060e+08 1.385937200000000000e+07 1.315673300000000000e+07
1.258166519599999934e+08 8.610820940999999642e+07 1.425338900000000000e+07 9.122943830799999833e+07
1.125572291749999970e+08 9.523793059100000560e+07 1.532294900000000000e+07 1.643059382324999869e+08
5.862492347999999672e+07 1.743141320000000000e+08 2.276873600000000000e+07 1.854555639000000060e+07
1.232819546400000006e+08 1.237433035600000024e+08 1.281945800000000000e+07 7.697828815000000596e+07
1.273775212399999946e+08 1.037164640000000000e+08 1.371645900000000000e+07 3.734565550000000000e+07
6.525840500729999691e+07 1.391988372908699811e+08 2.324759500000000000e+07 3.536276631483999640e+07
7.881310396000000834e+07 1.250334413700000048e+08 2.088745200000000000e+07 8.446520230000000447e+06
9.393133471999999881e+07 1.136820236089999974e+08 1.849746700000000000e+07 9.636208900000000140e+05
1.022139083850000203e+08 1.023197867668000013e+08 1.676093100000000000e+07 1.402123575065999925e+08
9.961918410999999940e+07 1.776335290000000000e+08 1.459417900000000000e+07 5.088205420000000298e+07
1.232330458729999959e+08 1.262695990000000000e+08 1.324400900000000000e+07 2.225188645300000161e+07
1.257212116809999943e+08 1.236875760000000000e+08 1.321285100000000000e+07 2.111401510229999945e+07
1.103676783199999928e+08 1.008020153379999995e+08 1.649801000000000000e+07 8.560727939999999944e+05
1.399709023799999952e+08 8.379293019000001252e+07 1.243315200000000000e+07 1.802081129099999964e+08
1.077132275199999958e+08 1.048623516400000006e+08 1.557116000000000000e+07 1.647810202299999893e+08
1.189615142786000073e+08 1.020775832999999970e+08 1.490165600000000000e+07 5.481811563060000539e+06
8.749868242000000179e+07 1.187789401439999938e+08 1.959237900000000000e+07 5.389157399999999907e+05
1.105433158199999928e+08 9.554215688500000536e+07 1.571397700000000000e+07 1.628078220072000027e+08
7.369518941700001061e+07 2.064239960000000000e+08 1.820765800000000000e+07 5.972648900000000000e+07
1.320210442699999809e+08 1.227928062000000030e+08 1.217211400000000000e+07 9.764539978000000119e+07
6.694173348499999940e+07 1.446629200499999821e+08 2.224392300000000000e+07 5.188085053999999538e+06
1.210854706000000238e+08 1.340018990000000000e+08 1.308627700000000000e+07 2.701067396000000089e+07
7.336459713799999654e+07 1.294181812587800026e+08 2.157995900000000000e+07 3.882927625648000091e+07
9.544944034000001848e+07 1.104447716099999994e+08 1.840980800000000000e+07 5.924621358999999240e+06
6.516808644000001252e+07 1.455381218500000238e+08 2.269921800000000000e+07 5.561054601999999955e+06
1.372514509060000181e+08 8.021414809000000358e+07 1.314521100000000000e+07 1.420751288630000055e+08
7.665043423999999464e+07 1.921626810000000000e+08 1.791400400000000000e+07 4.270692029999999702e+07
6.875249120800000429e+07 1.385311364899999797e+08 2.260467900000000000e+07 1.304533102999999886e+06
1.239004181809999943e+08 9.036583450699999928e+07 1.492614100000000000e+07 2.487456330200000107e+07
1.003665585390000045e+08 1.034768694443999976e+08 1.716177500000000000e+07 1.384141328795999885e+08
7.461378071999999881e+07 1.312979299420000017e+08 2.169335900000000000e+07 8.047285339999999851e+05
1.081572553310000002e+08 1.082056670499999970e+08 1.607761700000000000e+07 5.180390906200000085e+06
6.195200916300000250e+07 1.449665241759999990e+08 2.410801700000000000e+07 1.249154008039999940e+07
1.002318441299999952e+08 1.091994232399999946e+08 1.747842600000000000e+07 1.952477769000000088e+06
1.197896295000000000e+08 1.567779270000000000e+08 1.259631300000000000e+07 4.313081029999999702e+07
1.393713742879999876e+08 8.000790655200000107e+07 1.259828900000000000e+07 1.921668972150000036e+08
1.071271773499999940e+08 1.667158710000000000e+08 1.374939900000000000e+07 5.949134300000000000e+07
6.631443354000000656e+07 2.099286900000000000e+08 1.963012800000000000e+07 4.707278010000000149e+07
8.529338417000000179e+07 1.206985635150000006e+08 1.985641100000000000e+07 7.328015189999999711e+05
8.128441393000000715e+07 1.851620890000000000e+08 1.724480900000000000e+07 4.101871800000000000e+07
1.335432808240000010e+08 8.385066241500000656e+07 1.368786000000000000e+07 9.428214851399999857e+07
1.065209175600000024e+08 1.288816072000000030e+08 1.513136600000000000e+07 1.800603891499999911e+07
5.414652112000000477e+07 1.845061609000000060e+08 2.600445600000000000e+07 1.448615710999999940e+07
9.513128695000000298e+07 1.445333188499999940e+08 1.597755700000000000e+07 8.010778646000000834e+07
1.160990323900000006e+08 9.831651067000000179e+07 1.565769500000000000e+07 1.804774554999999935e+06
1.190895306599999964e+08 1.614337370000000000e+08 1.250333400000000000e+07 6.175289900000000000e+07
9.613520022159999609e+07 1.123750150100000054e+08 1.800256900000000000e+07 2.034375942299999995e+06
6.056559556000007689e+07 1.496128710099999905e+08 2.409050500000000000e+07 2.673484720999999437e+06
5.828483098300000280e+07 1.575415235300000012e+08 2.548882100000000000e+07 2.083167140799999936e+06
1.207595792800000161e+08 9.889826412999999523e+07 1.494432800000000000e+07 3.953856240000000224e+06
9.469504276000000536e+07 1.709517420000000000e+08 1.543624500000000000e+07 3.904742527000000328e+07
5.447879090999999642e+07 1.925242523000000119e+08 2.440290200000000000e+07 2.411486139999999851e+07
8.191498320000000298e+07 1.242023201439999938e+08 2.047581500000000000e+07 5.389157399999999907e+05
9.355790062000000477e+07 1.108595147979999930e+08 1.849022900000000000e+07 1.851510120300000161e+07
7.239361926000000536e+07 1.896436470000000000e+08 1.879620600000000000e+07 3.844863787000000477e+07
1.219387646539999992e+08 1.152611089000000060e+08 1.383925800000000000e+07 1.497258697149999999e+07
1.356846672921000123e+08 7.876938339857999980e+07 1.305228500000000000e+07 1.803980453213739991e+08
5.187839400000000000e+07 2.449670913700000048e+08 3.850546600000000000e+07 4.907731909000000916e+06
1.189085605999999940e+08 9.333650273100000620e+07 1.550869700000000000e+07 1.154213158699999936e+07
1.190104314200000018e+08 1.141924849000000060e+08 1.413822900000000000e+07 1.391603798999999836e+07
1.373170367100000083e+08 8.777074071999999881e+07 1.255144600000000000e+07 1.601267984699999988e+08
1.116063212199999988e+08 1.132639525000000000e+08 1.519887500000000000e+07 1.002709107699999958e+07
1.019044654399999976e+08 1.074051356620000005e+08 1.745389300000000000e+07 9.379481110000000335e+05
7.094117364800001681e+07 1.364088383300000131e+08 2.190010500000000000e+07 2.419312032199999783e+06
1.349575513770000041e+08 8.733104749099999666e+07 1.300292300000000000e+07 1.261456643860000074e+08
7.856347790000000596e+07 1.270533155929999948e+08 2.095521900000000000e+07 8.827382020000000484e+05
1.059253356899999976e+08 1.718191380000000000e+08 1.382273700000000000e+07 6.276258200000000000e+07
5.329047901099999249e+07 2.405526065500000119e+08 3.857347100000000000e+07 2.444193390600000508e+06
1.258659858799999952e+08 1.362773740000000000e+08 1.265186800000000000e+07 3.239562619999999925e+07
1.405053955000000000e+08 8.082143809999999404e+07 1.256883800000000000e+07 1.800817734000000060e+08
1.263498411099999994e+08 1.200670919500000030e+08 1.267222500000000000e+07 7.955255157999999821e+07
1.284254778599999845e+08 1.158452503499999940e+08 1.282986900000000000e+07 6.414741447999999672e+07
1.359646007999999821e+08 8.631075742999999225e+07 1.247408700000000000e+07 1.988988312899999917e+08
1.298657674399999976e+08 8.876727578999999166e+07 1.306007600000000000e+07 1.961836077700000107e+08
1.352008061400000155e+08 8.449037734999999404e+07 1.262494200000000000e+07 2.036184534900000095e+08
1.296960261299999952e+08 8.469793957700000703e+07 1.384289500000000000e+07 9.477637862299999595e+07
1.227530431700000018e+08 9.586987128000000119e+07 1.503440500000000000e+07 2.272003310000000056e+06
9.164848562999999523e+07 1.152057392650000006e+08 1.898969000000000000e+07 5.049172040000000270e+05
1.228457624800000042e+08 1.038598605000000000e+08 1.443550900000000000e+07 7.622987500000000000e+06
1.231092619699999839e+08 1.474194580000000000e+08 1.254275500000000000e+07 3.559619157000000030e+07
8.303411628999999166e+07 1.784266280000000000e+08 1.709899200000000000e+07 3.802073999000000209e+07
5.787719546000000089e+07 1.726900539000000060e+08 2.312416800000000000e+07 1.707566212000000104e+07
5.009382557999999821e+07 2.586823430000000000e+08 3.815465000000000000e+07 1.315230100999999978e+07
7.189396326199999452e+07 1.311049711439999938e+08 2.181058200000000000e+07 4.365920805584000051e+07
1.242912134599999934e+08 1.405536860000000000e+08 1.265349000000000000e+07 3.155217275200000033e+07
1.286317940499999970e+08 8.880550140000000596e+07 1.439899800000000000e+07 4.169919890999999642e+07
5.407421715999999642e+07 1.965717783000000119e+08 2.517187100000000000e+07 2.385037050000000000e+07
1.167267977199999839e+08 1.126968369000000060e+08 1.449697800000000000e+07 1.201229136400000006e+07
6.362930522460000217e+07 1.475412381200000048e+08 2.310266500000000000e+07 4.098732740000000224e+06
1.218901495799999982e+08 9.206988915000000596e+07 1.505658900000000000e+07 1.916985233999999985e+07
6.828201146799999475e+07 1.636402078000000119e+08 2.064367000000000000e+07 1.929095648000000045e+07
1.252052372100000232e+08 9.373532387000000477e+07 1.505930700000000000e+07 1.251198592000000179e+06
1.273447514200000167e+08 1.284230530000000000e+08 1.225364000000000000e+07 1.041942004399999976e+08
1.110234745799999982e+08 1.466393450000000000e+08 1.378664600000000000e+07 3.666622310000000149e+07
1.259221855900000185e+08 9.077716650100000203e+07 1.502004600000000000e+07 1.156324737399999984e+07
6.570225714000000060e+07 1.420839341589999795e+08 2.347773400000000000e+07 8.575444059999999590e+05
5.632987047999999672e+07 1.635435299899999797e+08 2.537791000000000000e+07 5.483869093000000343e+06
1.033206522399999946e+08 1.743618140000000000e+08 1.411195100000000000e+07 6.306263600000000000e+07
5.605303125000000000e+07 2.368882837750000060e+08 3.858365400000000000e+07 5.742243889999999665e+05
6.357300211700000614e+07 1.414939477239400148e+08 2.360639800000000000e+07 3.491432998425000161e+07
1.332295960380000025e+08 7.988794413289999962e+07 1.324299800000000000e+07 1.899553932897999883e+08
5.867709554999999702e+07 1.881030983000000119e+08 2.215682000000000000e+07 2.836359669999999925e+07
1.118489713379999995e+08 1.033883101800000072e+08 1.586897600000000000e+07 3.484538878400000278e+06
1.190614879200000167e+08 1.210905634000000060e+08 1.379379100000000000e+07 1.864555451999999955e+07
1.282581513209999949e+08 8.313227344599999487e+07 1.372895900000000000e+07 1.737366239436999857e+08
1.063881442600000054e+08 1.078157280100000054e+08 1.641091300000000000e+07 4.134204240699999966e+06
1.058116692900000066e+08 1.039420990970000029e+08 1.719168600000000000e+07 4.027691539999999804e+05
1.304731554980000407e+08 8.720186504000000656e+07 1.424196500000000000e+07 5.295024330799999833e+07
1.260542336599999964e+08 9.310984126000000536e+07 1.336920600000000000e+07 1.962655589000000060e+08
8.860050721999999881e+07 1.291108435000000000e+08 1.814962000000000000e+07 9.214106951999999583e+06
1.156620020300000012e+08 1.639789480000000000e+08 1.282338900000000000e+07 6.199220900000000000e+07
1.139516503900000155e+08 1.653636810000000000e+08 1.299010500000000000e+07 6.214058000000000000e+07
6.934990599000000954e+07 1.511883353000000119e+08 2.105684500000000000e+07 1.171684983999999985e+07
6.268396746999999136e+07 1.463367061499999762e+08 2.413158000000000000e+07 9.027050609999999870e+05
7.603241211749999225e+07 1.305958277900000066e+08 2.103983400000000000e+07 2.045787228810000001e+06
6.884319677300000191e+07 1.947522230000000000e+08 1.939256400000000000e+07 3.963688310000000149e+07
1.071521282699999958e+08 1.031805002319999933e+08 1.681956500000000000e+07 1.042173959999999963e+06
1.294617854360000044e+08 8.693210124600000679e+07 1.421962000000000000e+07 5.779916330009999871e+07
7.228303545000000298e+07 1.428676380999999940e+08 2.085628100000000000e+07 8.256099418999999762e+06
1.305795082199999988e+08 1.255607262000000030e+08 1.214417300000000000e+07 1.022032402600000054e+08
1.226705117800000161e+08 1.449108650000000000e+08 1.250531400000000000e+07 4.456197329999999702e+07
6.318999527000000328e+07 2.179951970000000000e+08 2.024313800000000000e+07 5.231678439999999851e+07
6.368569525199999660e+07 1.446648273190000057e+08 2.378596200000000000e+07 1.188062714000000153e+06
1.201070488620000035e+08 1.067998452999999970e+08 1.446458100000000000e+07 8.956726766900001094e+06
9.106371402699999511e+07 1.120518591935999990e+08 1.838622200000000000e+07 8.328347211495000124e+07
9.881303967000000179e+07 1.080911313700000048e+08 1.800506800000000000e+07 4.294242730000000447e+06
1.091987693100000024e+08 1.580370580000000000e+08 1.374572500000000000e+07 3.939633270000000298e+07
8.717130088000001013e+07 1.387518621999999881e+08 1.785251700000000000e+07 1.509290277999999933e+07
1.253060850499999970e+08 8.915014918000000715e+07 1.445106000000000000e+07 4.988448253999999911e+07
4.983311828999999911e+07 2.639829576999999881e+08 3.795949200000000000e+07 1.668135097000000067e+07
8.255709094400000572e+07 1.276170698100000024e+08 1.952997200000000000e+07 4.884587469999999739e+06
5.558608553000000119e+07 1.678166295999999940e+08 2.529619400000000000e+07 7.965252190000000410e+06
8.920522131000000238e+07 1.170909356030000001e+08 1.919407300000000000e+07 1.016072138000000035e+06
8.362625872399999201e+07 1.187885722788999975e+08 1.962362800000000000e+07 8.011412783641000092e+07
1.130028713860000074e+08 9.405999770900000632e+07 1.535095800000000000e+07 1.644392742845999897e+08
