1.365188022400000095e+08 8.293762396800000966e+07 1.263932200000000000e+07 1.857459697430000007e+08
1.074763943340000063e+08 1.135739380999999940e+08 1.579830600000000000e+07 8.604538735999999568e+06
1.194864922800000012e+08 1.529225390000000000e+08 1.260780900000000000e+07 4.927029200000000000e+07
1.327603172769999951e+08 8.472423670499999821e+07 1.380552300000000000e+07 8.432165103700000048e+07
5.835884345000000298e+07 1.561953320500000119e+08 2.469359300000000000e+07 4.042526626000000164e+06
1.336769524609999955e+08 8.324871151999999583e+07 1.355033700000000000e+07 1.058749706400000006e+08
1.251880232300000042e+08 1.014440825999999940e+08 1.446657500000000000e+07 6.294882099999999627e+06
1.397065384399999976e+08 7.989901900000000000e+07 1.259702900000000000e+07 1.895232640000000000e+08
1.154873783240000010e+08 1.084020822999999970e+08 1.492384400000000000e+07 8.592095066999999806e+06
1.272864741899999976e+08 1.348602090000000000e+08 1.261594000000000000e+07 3.360040129999999702e+07
1.169916946700000018e+08 1.317701575999999940e+08 1.360029000000000000e+07 2.429182221000000089e+07
1.311793142060000002e+08 8.836101600000000000e+07 1.302937100000000000e+07 1.484144890379999876e+08
6.499635594780000299e+07 1.839580530000000000e+08 2.061740900000000000e+07 2.969953916000000015e+07
1.032479475000000000e+08 1.294734375000000000e+08 1.558471700000000000e+07 1.711529880999999866e+07
5.598118096999999881e+07 2.369418013359999955e+08 3.858477900000000000e+07 5.977932119999999413e+05
6.546016153199999034e+07 1.428086063700000048e+08 2.303720700000000000e+07 2.438748333000000101e+06
1.365892663600000143e+08 8.067430417000000179e+07 1.318929400000000000e+07 1.378776122849999964e+08
1.081969367300000042e+08 1.469135103000000119e+08 1.397377700000000000e+07 1.040977724000000060e+08
8.095097003000000119e+07 1.246942086159999967e+08 2.063222100000000000e+07 6.750369660000000149e+05
6.037527519500000030e+07 1.500910064699999988e+08 2.408009300000000000e+07 2.945902890999999829e+06
1.238659735569999963e+08 9.052324748199999332e+07 1.491262000000000000e+07 2.423544680200000107e+07
1.113811758700000048e+08 1.000429645129999965e+08 1.644098900000000000e+07 6.091883750000000000e+05
1.078520867800000012e+08 1.703367650000000000e+08 1.364056800000000000e+07 5.484289000000000000e+07
9.171207190999999642e+07 1.591912126999999881e+08 1.606628700000000000e+07 9.043610879999999702e+07
8.088807061000001431e+07 1.553625441100000143e+08 1.813742500000000000e+07 6.292278551000000536e+07
1.250699689699999839e+08 1.144320845000000000e+08 1.369439200000000000e+07 1.497769409999999963e+07
9.524614751100000739e+07 1.165221540400000066e+08 1.775576200000000000e+07 4.504119646999999881e+06
1.281697798299999982e+08 9.083945362999999523e+07 1.318636400000000000e+07 1.969256579399999976e+08
1.011333975199999958e+08 1.763642720000000000e+08 1.436339500000000000e+07 6.321241100000000000e+07
9.867335257999999821e+07 1.076425514599999934e+08 1.781850000000000000e+07 1.040237162209999934e+07
1.190829530300000012e+08 9.954173893000000715e+07 1.507067400000000000e+07 3.974051450000000186e+06
1.300141366599999964e+08 1.217060870999999940e+08 1.244842300000000000e+07 7.645515759999999404e+07
7.677209329000000656e+07 1.458635985000000000e+08 1.960063800000000000e+07 1.324374951899999939e+07
1.224578131700000167e+08 9.149738931000000238e+07 1.503315100000000000e+07 2.001585276000000164e+07
8.885211122999998927e+07 1.277400610000000000e+08 1.817453300000000000e+07 8.635027893999999389e+06
1.229363409780000001e+08 1.271909620000000000e+08 1.321469200000000000e+07 2.298550685099999979e+07
1.232716845100000203e+08 1.056103465999999940e+08 1.428852300000000000e+07 9.023814900000000373e+06
7.053686550050000846e+07 2.097408360000000000e+08 1.876994200000000000e+07 5.428641410000000149e+07
1.267588298209999800e+08 8.778618461200000346e+07 1.438654600000000000e+07 5.433604881300000101e+07
8.141859037899999321e+07 1.219758117846000046e+08 2.031054200000000000e+07 1.366016787719999999e+07
9.605834535999999940e+07 1.116894134520000070e+08 1.835207500000000000e+07 5.228346689999999944e+05
7.894129503000000119e+07 1.267583325199999958e+08 2.097851200000000000e+07 6.528281689999999944e+05
8.529221217000000179e+07 1.210494924009999931e+08 1.973577500000000000e+07 1.054695970999999903e+06
1.257683879395000190e+08 1.227249527000000030e+08 1.325245100000000000e+07 2.056771119970000163e+07
8.354858704000000656e+07 1.786510010000000000e+08 1.701022000000000000e+07 3.824871357000000030e+07
1.189568802099999934e+08 9.355923112000000477e+07 1.553734100000000000e+07 8.669945973999999464e+06
1.226809218400000036e+08 9.616728953000000119e+07 1.501506200000000000e+07 2.442510160000000149e+06
7.683646132999999821e+07 1.290165604619999975e+08 2.127782700000000000e+07 7.546363659999999218e+05
1.118285925129999816e+08 9.473631335899999738e+07 1.552145300000000000e+07 1.628309617797999978e+08
1.237334757300000042e+08 1.420151410000000000e+08 1.264155000000000000e+07 3.237787103099999949e+07
5.428310685000000149e+07 1.940938253000000119e+08 2.476005100000000000e+07 2.385826750000000000e+07
5.821595992000000179e+07 1.686539568000000119e+08 2.321295300000000000e+07 1.456580900000000000e+07
9.901491287999999523e+07 1.783215560000000000e+08 1.461374300000000000e+07 6.320579400000000000e+07
7.696928555500000715e+07 1.257658788083000034e+08 2.072503100000000000e+07 7.039893561079999804e+07
1.163318434800000042e+08 1.489873260000000000e+08 1.313828100000000000e+07 3.472837775999999791e+07
1.091073351659999937e+08 9.743338359389999509e+07 1.587325300000000000e+07 1.086464130172300041e+08
1.017092268599999994e+08 1.629688180000000000e+08 1.463103100000000000e+07 3.732189732000000030e+07
1.314137410199999958e+08 8.917317929999999702e+07 1.367238100000000000e+07 7.813963859999999404e+07
1.257257296500000060e+08 1.119093092000000030e+08 1.376068400000000000e+07 1.565527380000000075e+07
6.441412775800000131e+07 2.061554680000000000e+08 2.012102700000000000e+07 4.340812439999999851e+07
1.117947113900000006e+08 1.141995754000000060e+08 1.511728300000000000e+07 1.071542609200000018e+07
1.211540409099999964e+08 1.297169310000000000e+08 1.322246500000000000e+07 2.542594450000000000e+07
5.823406099000000209e+07 1.628322150000000000e+08 2.359401200000000000e+07 1.063107275000000000e+07
6.569020884899999946e+07 1.386665215900000036e+08 2.317521200000000000e+07 3.047996418400000036e+07
7.069580263800001144e+07 1.324972376824000031e+08 2.205031800000000000e+07 4.224881467751999944e+07
1.272639481800000221e+08 1.012111490000000000e+08 1.406026700000000000e+07 2.399255450000000000e+07
1.169733111270000190e+08 9.071561868700000644e+07 1.495662000000000000e+07 1.797107290994000137e+08
1.185612143599999994e+08 9.548226407700000703e+07 1.561294700000000000e+07 7.813372169999999460e+05
8.716964580799999833e+07 1.215777357699999958e+08 1.906849600000000000e+07 3.073302292200000025e+06
1.148156859089999944e+08 1.008071660300000012e+08 1.560371600000000000e+07 3.151539473300000187e+06
7.169098244799999893e+07 1.348431244889999926e+08 2.229903500000000000e+07 6.590243279999999795e+05
1.226484268499999940e+08 8.984296677400000393e+07 1.479001600000000000e+07 4.285885380900000036e+07
1.207482885000000000e+08 1.202334300000000000e+08 1.368261200000000000e+07 1.807187124900000170e+07
1.017292502800000012e+08 1.071660393969999999e+08 1.746813100000000000e+07 1.042158383999999962e+06
1.233382440400000066e+08 8.823566851999999583e+07 1.445642500000000000e+07 7.550982776100000739e+07
1.069572157099999934e+08 1.246610207000000030e+08 1.526188500000000000e+07 1.559420734999999963e+07
1.181891723700000048e+08 1.275401259000000060e+08 1.362769400000000000e+07 2.190359867199999839e+07
5.634264309000000358e+07 1.632623504699999988e+08 2.538049200000000000e+07 7.083379673000000417e+06
1.329213675910000056e+08 8.570911123000000417e+07 1.291321700000000000e+07 1.627436244460000098e+08
9.723274710999999940e+07 1.558968509000000060e+08 1.529172400000000000e+07 9.938066700000000000e+07
1.266733803599999994e+08 1.327447830999999940e+08 1.221669100000000000e+07 1.124570270999999940e+08
1.231715427800000012e+08 1.434395360000000000e+08 1.263441700000000000e+07 3.320337167999999970e+07
1.190120388540000021e+08 1.091883095999999940e+08 1.443063900000000000e+07 1.024316814499999955e+07
1.344048793100000024e+08 8.136510970000000298e+07 1.307551400000000000e+07 1.580990332199999988e+08
1.334708669820000231e+08 7.980319088619999588e+07 1.319644600000000000e+07 1.914022815857999921e+08
9.841833167900000513e+07 1.051288144538999945e+08 1.740964900000000000e+07 1.388832657231000066e+08
6.253541817999999970e+07 1.468461750799999833e+08 2.389518900000000000e+07 1.543618631999999983e+06
1.251351464300000072e+08 9.382384110999999940e+07 1.505227400000000000e+07 1.348811436999999918e+06
8.039471713000001013e+07 1.970946230000000000e+08 1.716439100000000000e+07 5.095922260000000149e+07
1.207955091500000060e+08 9.395302562899999321e+07 1.549628900000000000e+07 4.648802359999999753e+05
8.321000344000001252e+07 1.224908218429999948e+08 2.027094400000000000e+07 6.660353830000000307e+05
6.793394563899999857e+07 1.396262444300000072e+08 2.271175400000000000e+07 1.508146128999999957e+06
1.183409123400000036e+08 1.409013650000000000e+08 1.313488400000000000e+07 3.037081496999999881e+07
6.364702402500000596e+07 1.600647614000000060e+08 2.206067600000000000e+07 1.321951361999999918e+07
6.396734450760000199e+07 1.409417870754899979e+08 2.352043600000000000e+07 3.510505628277000040e+07
8.493732753000000119e+07 1.320489775999999940e+08 1.869612300000000000e+07 9.087947491000000387e+06
8.402700404000000656e+07 1.938154150000000000e+08 1.659044800000000000e+07 6.219182500000000000e+07
7.140033849700000882e+07 1.861352950000000000e+08 1.908840700000000000e+07 3.592541174000000209e+07
9.122924662999999523e+07 1.153202097360000014e+08 1.899375400000000000e+07 7.011255920000000624e+05
1.286141131199999601e+08 1.149913205799999982e+08 1.286282400000000000e+07 6.308630717999999970e+07
8.613738470000000298e+07 1.315502158799999952e+08 1.842052100000000000e+07 1.341981468999999948e+07
1.063864139899999946e+08 1.048027253400000036e+08 1.672307000000000000e+07 1.952784331000000006e+06
1.009428900849999934e+08 1.030070247334000021e+08 1.705749100000000000e+07 1.423338065692999959e+08
6.682063545900001377e+07 1.669864290200000107e+08 2.078870000000000000e+07 4.129267995000000298e+07
5.497054030000006407e+07 1.978497328000000119e+08 2.387681900000000000e+07 2.807459069999999925e+07
1.132769958299999982e+08 1.480611470000000000e+08 1.349231500000000000e+07 3.516957379999999702e+07
1.377155434400000274e+08 7.813851040000000596e+07 1.293153900000000000e+07 1.793315222790000141e+08
1.087597738499999940e+08 1.553426080000000000e+08 1.388975000000000000e+07 3.570636599000000209e+07
1.358272424300000072e+08 8.837011679999999702e+07 1.239580800000000000e+07 2.074685474699999988e+08
9.335051981000000238e+07 1.135325056990000010e+08 1.863799300000000000e+07 9.333433860000000568e+05
1.156789942800000012e+08 1.250682747999999970e+08 1.403612500000000000e+07 1.954439501000000164e+07
7.797515953999999166e+07 1.688821520000000000e+08 1.832431500000000000e+07 2.882615942000000179e+07
8.097564436400002241e+07 1.270600915000000000e+08 2.000801700000000000e+07 3.145498653799999971e+06
5.545352584000004083e+07 2.024176770000000000e+08 2.350649600000000000e+07 3.150524260000000149e+07
1.356310254399999976e+08 8.430657200000000000e+07 1.301290700000000000e+07 1.361715120999999940e+08
6.665735717000000179e+07 2.088278900000000000e+08 1.957074600000000000e+07 4.669807860000000149e+07
1.399914612600000203e+08 8.094599359999999404e+07 1.265062000000000000e+07 1.721221461999999881e+08
6.418009548900000006e+07 1.446975945499999821e+08 2.325091500000000000e+07 2.772927985000000335e+06
1.049636358509999961e+08 9.976378336730000377e+07 1.650200200000000000e+07 1.453913813709000051e+08
1.386548568320000172e+08 7.964959462999999523e+07 1.305974200000000000e+07 1.480611379429999888e+08
7.500203014999999106e+07 1.309731796200000048e+08 2.140813300000000000e+07 1.344557699000000022e+06
1.114158153700000048e+08 1.516532610000000000e+08 1.365770400000000000e+07 3.434834090999999642e+07
1.275950655879999995e+08 8.719428234499999881e+07 1.427423300000000000e+07 6.067283611599999666e+07
7.689527508399999142e+07 2.021156750000000000e+08 1.767508700000000000e+07 6.044954400000000000e+07
8.863165379999998212e+07 1.342047714000000060e+08 1.783920000000000000e+07 1.260383118399999849e+07
1.274635050990000069e+08 8.619492652800001204e+07 1.354507600000000000e+07 1.772792646180000007e+08
8.044523567000000179e+07 1.308778607099999934e+08 1.975084000000000000e+07 5.778867566999999806e+06
8.921557198000000417e+07 1.172126717759999931e+08 1.934224100000000000e+07 5.294473020000000251e+05
1.279246841500000060e+08 1.279052645000000000e+08 1.222747600000000000e+07 1.046624891500000060e+08
5.832637812000000477e+07 2.083407200000000000e+08 2.196923000000000000e+07 3.947822729999999702e+07
6.043612472999999672e+07 2.094552330000000000e+08 2.103804600000000000e+07 4.306164210000000149e+07
5.453933654999999702e+07 1.834966809000000060e+08 2.471447700000000000e+07 1.786042533999999985e+07
5.010658561000000685e+07 2.584889635999999940e+08 3.816120500000000000e+07 1.302688191999999993e+07
1.153891215559999943e+08 9.188643964900000393e+07 1.513346500000000000e+07 1.744195734571000040e+08
1.250243351500000060e+08 8.639844229000000656e+07 1.430466400000000000e+07 9.605485883100000024e+07
4.983348764999999851e+07 2.639709411999999881e+08 3.795888500000000000e+07 1.667350377999999933e+07
6.531661898840000480e+07 1.682993290300000012e+08 2.111866700000000000e+07 3.954287957000000030e+07
1.048253214399999976e+08 1.730774590000000000e+08 1.394289400000000000e+07 6.295324500000000000e+07
1.133155980999999940e+08 1.303406715999999940e+08 1.411526400000000000e+07 2.227286871000000089e+07
5.321915686599999666e+07 2.407129350000000000e+08 3.857127300000000000e+07 2.532428330000000075e+06
7.613333993400000036e+07 1.303906302699999958e+08 2.099748100000000000e+07 2.425524492999999784e+06
5.222654928000000864e+07 2.435749182899999917e+08 3.852851900000000000e+07 4.125346873999999836e+06
1.145863462699999958e+08 1.345365213000000119e+08 1.347468100000000000e+07 9.788164278000000119e+07
1.266955700170000046e+08 9.034599134999999404e+07 1.483984500000000000e+07 1.855465481799999997e+07
1.148825656400000006e+08 9.782198350000000000e+07 1.599567700000000000e+07 8.062429639999999199e+05
5.578778828000000119e+07 1.664837435999999940e+08 2.531937000000000000e+07 7.183204369999999180e+06
9.990785585699999332e+07 1.103199003100000024e+08 1.740956100000000000e+07 2.639019078999999911e+06
1.099230890287999958e+08 1.035105217900000066e+08 1.618860500000000000e+07 2.747526555120000150e+06
1.300569233869999796e+08 8.208315179000000656e+07 1.349534200000000000e+07 1.891547227605000138e+08
