1.206942095900000036e+08 9.400243869400000572e+07 1.551876900000000000e+07 4.254914400000000023e+05
1.104777231299999952e+08 1.005968057759999931e+08 1.658786700000000000e+07 5.294473020000000251e+05
1.184695854000000060e+08 9.550912293400000036e+07 1.563576200000000000e+07 7.200565279999999329e+05
7.063450948499999940e+07 1.342965203800000548e+08 2.237519600000000000e+07 7.352080880099999718e+06
7.290130244000001252e+07 1.336298125699999928e+08 2.167512400000000000e+07 1.749404929999999935e+06
1.190296887674999982e+08 1.021576397999999970e+08 1.487301800000000000e+07 5.729962844809999689e+06
1.317797021720000058e+08 8.503500221999999881e+07 1.384791800000000000e+07 8.251020952300000191e+07
1.146971423750000000e+08 9.793877794799999893e+07 1.622328000000000000e+07 2.809426497000000090e+05
1.043735664580000043e+08 1.002314133986999989e+08 1.658486000000000000e+07 1.444347523725999892e+08
8.794034314999999106e+07 1.358098404000000060e+08 1.788084700000000000e+07 1.328154947100000083e+07
1.245299361110000014e+08 1.244118370000000000e+08 1.324005500000000000e+07 2.148640193400000036e+07
6.720483498600000143e+07 1.405478710699999928e+08 2.276327800000000000e+07 1.901515573000000091e+06
1.256335420199999958e+08 1.110866277999999970e+08 1.384929600000000000e+07 1.289423019999999925e+07
6.471359156390000135e+07 1.399232798301599920e+08 2.336182400000000000e+07 3.526093682906000316e+07
1.074748116229999959e+08 9.780376372589999437e+07 1.614985200000000000e+07 1.528260575977999866e+08
1.245690261599999964e+08 1.120498774000000060e+08 1.385499800000000000e+07 1.322088819999999925e+07
7.608334779700000584e+07 1.264700673180599958e+08 2.104865800000000000e+07 4.097833556447999924e+07
1.080646859099999964e+08 1.022774905250000060e+08 1.687588100000000000e+07 5.125636930000000284e+05
7.588293562999999523e+07 1.710035840000000000e+08 1.866674800000000000e+07 2.884591807999999821e+07
5.598118096999999881e+07 2.369418013359999955e+08 3.858477900000000000e+07 5.977932119999999413e+05
7.494033119900000095e+07 1.343877052100000083e+08 2.087940600000000000e+07 4.139271095000000205e+06
5.870065240999999642e+07 1.724394448000000119e+08 2.284008600000000000e+07 1.735313133000000194e+07
1.123313868260000050e+08 9.411758765999999642e+07 1.551535600000000000e+07 1.683677663716999888e+08
1.231003345900000036e+08 1.449368600000000000e+08 1.260124100000000000e+07 3.406978182999999821e+07
8.981149933000001311e+07 1.164946813359999955e+08 1.926225600000000000e+07 5.977932119999999413e+05
8.575644242000000179e+07 1.176689927559999973e+08 1.965074800000000000e+07 1.549950883799999952e+07
8.556293686200000346e+07 1.168950135390000045e+08 1.932592800000000000e+07 8.955426873443000019e+07
1.376541898699999452e+08 8.604181875999999046e+07 1.256535200000000000e+07 1.644680515999999940e+08
1.253292090999999940e+08 1.293099582000000030e+08 1.238830300000000000e+07 1.016996077999999970e+08
1.265834899769999981e+08 1.368972350000000000e+08 1.265701700000000000e+07 2.956732365599999949e+07
6.892224659630000591e+07 1.387444547189999819e+08 2.310110600000000000e+07 3.827943290000000270e+05
6.305090298300019652e+07 1.424042721200000048e+08 2.376111100000000000e+07 2.411112707400000095e+07
1.019504441210000068e+08 1.022796199238999933e+08 1.685910800000000000e+07 1.436826157251000106e+08
6.671671704610000551e+07 1.408395787660000026e+08 2.332562700000000000e+07 7.501198449999999721e+05
1.385129298200000226e+08 8.345808300000000000e+07 1.264655900000000000e+07 1.639896089000000060e+08
1.307849585199999958e+08 8.782543229999999702e+07 1.377137500000000000e+07 7.824452290000000596e+07
1.348051635300000310e+08 8.005816417800000310e+07 1.320512000000000000e+07 1.542697439629999995e+08
5.623503878999999911e+07 1.639659325200000107e+08 2.537873400000000000e+07 5.718077365000000224e+06
6.660524811300000548e+07 1.390648873385999799e+08 2.324155200000000000e+07 8.455955280759999529e+06
1.059948579899999946e+08 1.037481860129999965e+08 1.713228700000000000e+07 4.942602949999999837e+05
7.512768790999999642e+07 1.306799870339999944e+08 2.151462000000000000e+07 1.019149547999999952e+06
6.701953742999999970e+07 2.145334360000000000e+08 1.943032000000000000e+07 5.619394650000000000e+07
9.013080681000000238e+07 1.146117413700000048e+08 1.910920600000000000e+07 7.550247930000000633e+06
9.584804974099999666e+07 1.117738989440000057e+08 1.856291500000000000e+07 2.986638157999999821e+05
1.223355932199999988e+08 9.633348070000000298e+07 1.502559900000000000e+07 2.514328649999999907e+06
1.196852699399999976e+08 9.895689304999999702e+07 1.504937100000000000e+07 3.752146189999999944e+06
9.985178256999999285e+07 1.084176164749999940e+08 1.776195100000000000e+07 8.739748140000000130e+05
1.289243120999999940e+08 8.812346092499999702e+07 1.439752400000000000e+07 4.386665909399999678e+07
1.257523869800000042e+08 9.979536100000000000e+07 1.427868000000000000e+07 1.915546310000000149e+07
6.186769896000000089e+07 1.444905813700000048e+08 2.408758400000000000e+07 1.782132623000000045e+07
1.018605578100000024e+08 1.599329790000000000e+08 1.468752700000000000e+07 3.545528175000000000e+07
7.887964977799999714e+07 1.257257809747000039e+08 2.097144700000000000e+07 4.640845377700000070e+06
1.209187055139999986e+08 1.186581512999999970e+08 1.375379900000000000e+07 1.689009220199999958e+07
6.809965373200000823e+07 1.366830013700000048e+08 2.285874900000000000e+07 1.158696723000000045e+07
8.477427465000000596e+07 1.210508060729999989e+08 2.004895200000000000e+07 5.918266360000000568e+05
9.613392272599999607e+07 1.070772289015000015e+08 1.779617900000000000e+07 1.340688827080000043e+08
8.617851221999999881e+07 1.197472419870000035e+08 1.980327800000000000e+07 6.133731599999999162e+05
7.890768886999998987e+07 1.995932330000000000e+08 1.735591400000000000e+07 6.086059700000000000e+07
1.168675510600000024e+08 9.843208126000000536e+07 1.550080700000000000e+07 2.340129511000000406e+06
1.296531392629999965e+08 8.742560323000000417e+07 1.425398700000000000e+07 5.292599698200000077e+07
1.252691735600000024e+08 9.429652106999999285e+07 1.500188800000000000e+07 1.632765719999999972e+06
1.335764136889999956e+08 7.968453790639999509e+07 1.321066300000000000e+07 1.893472787608000040e+08
1.127219305600000024e+08 1.602855990000000000e+08 1.331880200000000000e+07 4.030885702000000328e+07
1.104733396620000005e+08 1.091377255000000000e+08 1.563410800000000000e+07 6.824176702999999747e+06
1.399915375700000226e+08 7.916445009999999404e+07 1.264923600000000000e+07 1.863240683000000119e+08
6.981429103100000322e+07 1.375980011800000072e+08 2.274136600000000000e+07 5.130571439999999711e+05
8.961957340000000596e+07 1.139094983739999980e+08 1.898647500000000000e+07 2.472272538800000027e+07
1.190940007600000054e+08 1.169182855999999940e+08 1.400680200000000000e+07 1.531846615000000037e+07
8.218328036999998987e+07 1.234392373379999995e+08 2.035830500000000000e+07 8.560727939999999944e+05
1.271872764675000012e+08 9.033221975810000300e+07 1.487691300000000000e+07 1.592714479169999994e+07
1.300967681700000167e+08 1.154544004099999964e+08 1.265631400000000000e+07 7.527241356000000238e+07
8.802807711000001431e+07 1.257497832000000030e+08 1.848055500000000000e+07 6.850998453999999911e+06
6.017954621999999881e+07 2.080205560000000000e+08 2.113956000000000000e+07 4.199690470000000298e+07
5.846837716799999774e+07 1.764360035000000000e+08 2.271657900000000000e+07 1.984799773000000045e+07
9.990751003300000727e+07 1.120943881400000006e+08 1.721956500000000000e+07 4.325058330000000075e+06
1.212019792199999988e+08 1.536360260000000000e+08 1.255909100000000000e+07 3.928646488000000268e+07
6.512490763000000268e+07 2.089862020000000000e+08 1.990471300000000000e+07 4.567740350000000000e+07
1.338495044479999989e+08 8.390938369200000167e+07 1.368199600000000000e+07 9.363990194400000572e+07
1.213723860999999940e+08 1.057007244000000060e+08 1.441454400000000000e+07 8.650757800000000745e+06
1.377529575860000253e+08 7.988549801000000536e+07 1.310671500000000000e+07 1.455909732109999955e+08
7.420479914000000060e+07 1.288287913700000048e+08 2.149124500000000000e+07 2.131938223000000045e+07
1.184254708700000048e+08 9.154762450000000000e+07 1.499631200000000000e+07 6.849076777500000596e+07
7.710657345999999344e+07 1.286693344889999926e+08 2.131761500000000000e+07 6.590243279999999795e+05
6.052576895000000298e+07 1.496209336699999869e+08 2.409413600000000000e+07 2.945692742999999784e+06
9.336440920999999344e+07 1.139199182300000042e+08 1.850407700000000000e+07 1.340492577000000048e+06
1.006129012029999942e+08 1.168315909000000060e+08 1.674044400000000000e+07 7.322539413999999873e+06
5.380402867200000584e+07 1.895681914000000060e+08 2.764035400000000000e+07 1.180942133000000007e+07
4.973281115000000596e+07 2.703632671000000238e+08 3.768093800000000000e+07 2.124521450000000000e+07
5.222693170000000298e+07 2.435735235999999940e+08 3.852854100000000000e+07 4.124569003000000026e+06
1.039998046800000072e+08 1.053058315429999977e+08 1.743888900000000000e+07 3.618584170000000158e+05
1.262503921099999994e+08 8.624260741799999774e+07 1.412186700000000000e+07 8.855795520200000703e+07
1.211326823499999940e+08 1.299693760000000000e+08 1.323663000000000000e+07 2.433846003599999845e+07
1.334734057719999999e+08 8.343557706000000238e+07 1.358183000000000000e+07 1.033325176570000052e+08
1.033607804899999946e+08 1.646067660000000000e+08 1.437390500000000000e+07 3.906395147999999672e+07
1.027343558599999845e+08 1.045802203400000036e+08 1.742109700000000000e+07 7.533216648000000045e+06
1.210769037000000030e+08 8.790178635799999535e+07 1.446525100000000000e+07 1.829048431486000121e+08
1.240966262999999821e+08 1.037942357999999970e+08 1.435286800000000000e+07 7.938996000000000000e+06
9.703338546999999881e+07 1.740225520000000000e+08 1.504424800000000000e+07 4.208154971999999881e+07
6.372115654999999702e+07 2.182838930000000000e+08 2.012318500000000000e+07 5.360963360000000149e+07
8.000221126600000262e+07 1.305773654500000030e+08 1.989588400000000000e+07 5.100653036000000313e+06
4.992011231000000238e+07 2.617881055999999940e+08 3.804396600000000000e+07 1.519034111999999918e+07
5.849541104999999702e+07 1.571591049499999881e+08 2.549415000000000000e+07 1.873376331000000006e+06
6.269637915999999642e+07 1.463247098920000196e+08 2.413156700000000000e+07 8.966714209999999730e+05
6.952446019000001252e+07 2.114340310000000000e+08 1.894931100000000000e+07 5.823381300000000000e+07
9.209689540000000596e+07 1.301832412000000030e+08 1.740657200000000000e+07 1.207929308200000040e+07
1.229965882199999988e+08 8.997534204500000179e+07 1.478606500000000000e+07 3.883071910000000149e+07
5.324257585899999738e+07 2.406591448700000048e+08 3.857205200000000000e+07 2.502587925400000066e+06
5.494789000000004470e+07 1.976924886999999881e+08 2.389527700000000000e+07 2.796995719999999925e+07
1.356211664000000060e+08 8.232699140000000596e+07 1.316199900000000000e+07 1.336229052900000066e+08
5.561987660000000149e+07 2.038076654000000060e+08 2.339303900000000000e+07 3.251078819999999925e+07
9.335810518000000715e+07 1.752556610000000000e+08 1.554043300000000000e+07 4.109482175999999791e+07
5.496422948099999875e+07 1.806513740000000000e+08 2.456695900000000000e+07 1.661402069999999925e+07
5.532988735999999195e+07 1.698779598000000119e+08 2.524251700000000000e+07 9.187528970000000671e+06
1.268819998400000036e+08 1.222539132000000030e+08 1.258168500000000000e+07 7.790961306999999285e+07
6.373557628800000250e+07 1.446869245090000033e+08 2.384532100000000000e+07 1.006192577999999980e+06
8.225869256900000572e+07 1.201386871763000041e+08 1.986767800000000000e+07 6.962077409590999782e+07
7.099257565800000727e+07 1.321184158185700029e+08 2.205804700000000000e+07 3.683291536134000123e+07
1.290159734399999976e+08 8.360929560999999940e+07 1.375944700000000000e+07 1.217800997590000033e+08
6.925232298500001431e+07 1.725904904000000060e+08 1.997036700000000000e+07 5.582246571999999881e+07
