1.402878214500000179e+08 7.995662479999999702e+07 1.259259900000000000e+07 1.849471085000000000e+08
1.253186204599999934e+08 1.119348385000000000e+08 1.382103800000000000e+07 1.330427400000000000e+07
1.000448435900000036e+08 1.082138729580000043e+08 1.790383500000000000e+07 4.457062500000000000e+05
9.126858745999999344e+07 1.153190150170000046e+08 1.910201300000000000e+07 4.787813479999999981e+05
1.237252866539999992e+08 9.085259823299999535e+07 1.498582500000000000e+07 1.980394194500000030e+07
1.275472974668000042e+08 9.093081467219999433e+07 1.502389000000000000e+07 7.414221906299999915e+06
1.215789548620000035e+08 1.113002739000000060e+08 1.407313400000000000e+07 1.234373270930000022e+07
1.231091726120000035e+08 9.101526844300000370e+07 1.503893200000000000e+07 1.949599338599999994e+07
1.288736817599999756e+08 1.221264634000000060e+08 1.241944800000000000e+07 8.501615640999999642e+07
1.331302140090000033e+08 8.374668145999999344e+07 1.365369500000000000e+07 9.792601020900000632e+07
1.319394475840000063e+08 8.467100998199999332e+07 1.385972700000000000e+07 8.382382653689999878e+07
1.251338489300000072e+08 1.018487655999999940e+08 1.442644200000000000e+07 6.799477459999999963e+06
1.220780045900000036e+08 1.303585270000000000e+08 1.315174700000000000e+07 2.470324487900000066e+07
1.217564243199999928e+08 9.657746956000000238e+07 1.505332400000000000e+07 2.558136770000000019e+06
1.371725049449999928e+08 8.042666241500000656e+07 1.319895800000000000e+07 1.372177725879999995e+08
1.192727442500000000e+08 9.993023414000000060e+07 1.503024500000000000e+07 4.124784939999999944e+06
9.296615756000000238e+07 1.142096499420000017e+08 1.868099900000000000e+07 8.047285339999999851e+05
1.166448987900000066e+08 1.057740705000000000e+08 1.494412600000000000e+07 7.147055620000000112e+06
1.252914502999999970e+08 9.373685795999999344e+07 1.505244500000000000e+07 1.280907425999999978e+06
1.399412160999999940e+08 7.965926020000000298e+07 1.261002100000000000e+07 1.877896100999999940e+08
1.127873561800000072e+08 9.910902365399999917e+07 1.627175500000000000e+07 6.359324319999999134e+05
7.284132512999999523e+07 1.337982417680000067e+08 2.189574200000000000e+07 9.993381999999999534e+05
8.950741803999999166e+07 1.598265460000000000e+08 1.655779600000000000e+07 2.970436314999999851e+07
1.252937039329999834e+08 1.248636830000000000e+08 1.318423300000000000e+07 2.174894254069999978e+07
1.190151236800000072e+08 1.039468202000000030e+08 1.476033100000000000e+07 6.770797436300000176e+06
7.512338126700000465e+07 1.320191654099999964e+08 2.109020000000000000e+07 2.674555248399999458e+06
1.058895663250000030e+08 9.903596649469999969e+07 1.636856300000000000e+07 1.487537376949999928e+08
1.211036086850000024e+08 1.124837954000000060e+08 1.403979700000000000e+07 1.313934448200000077e+07
5.598118096999999881e+07 2.369418013359999955e+08 3.858477900000000000e+07 5.977932119999999413e+05
1.292131954029999971e+08 8.754032979999999702e+07 1.423027400000000000e+07 5.486790602000000328e+07
6.268058624000000209e+07 1.463368852969999909e+08 2.405889600000000000e+07 1.038461783999999985e+06
1.381364228200000226e+08 8.662245699000000954e+07 1.249834400000000000e+07 1.670114933100000024e+08
1.230442910049999952e+08 1.153235954000000060e+08 1.376085100000000000e+07 1.528277940599999949e+07
1.190982551599999964e+08 1.168645045999999940e+08 1.400902600000000000e+07 1.528458713499999978e+07
4.984764845000000298e+07 2.635501970000000000e+08 3.797642500000000000e+07 1.638548878999999911e+07
6.635347971999999881e+07 1.419307709669999778e+08 2.359097600000000000e+07 4.372888649999999907e+05
1.258296104800000042e+08 1.323161030999999940e+08 1.227785600000000000e+07 1.110155225999999940e+08
1.065920915900000036e+08 1.045727983799999952e+08 1.670818100000000000e+07 1.923353966000000015e+06
5.350195440500000119e+07 2.401139739600000083e+08 3.857868200000000000e+07 2.206856649799999781e+06
1.353461644799999893e+08 8.637364395000000298e+07 1.251655000000000000e+07 2.075530919799999893e+08
5.848690757000000030e+07 1.571736756699999869e+08 2.549394400000000000e+07 1.881312972999999998e+06
5.622614524000000209e+07 1.638305794699999988e+08 2.536763200000000000e+07 7.679996573000000790e+06
1.253517006459999979e+08 8.484639970610000193e+07 1.405583700000000000e+07 1.960977338005000055e+08
9.413249531000000238e+07 1.828863090000000000e+08 1.521704200000000000e+07 6.322028100000000000e+07
1.215967318139999956e+08 9.075640084299999475e+07 1.492173000000000000e+07 3.639790692000000179e+07
1.030923212399999946e+08 1.059180841759999990e+08 1.740701800000000000e+07 6.698703519999999553e+05
8.324826061399999261e+07 1.272350212399999946e+08 1.943068500000000000e+07 4.728261360999999568e+06
1.368353096980000138e+08 8.112063893000000715e+07 1.325745500000000000e+07 1.295053169459999949e+08
5.016016656999999285e+07 2.577141793000000119e+08 3.818712500000000000e+07 1.252861027999999933e+07
8.743785249599999189e+07 1.152843145918000042e+08 1.893225800000000000e+07 9.916832150419999659e+07
8.767152612999999523e+07 1.186732443470000029e+08 1.954132800000000000e+07 5.803099079999999376e+05
8.317676579000000656e+07 1.195958935100000054e+08 1.996601500000000000e+07 2.613966186499999836e+07
1.244947658100000024e+08 1.427800590000000000e+08 1.257673500000000000e+07 3.298491750800000131e+07
7.009501318799999356e+07 1.367948492000000179e+08 2.229879200000000000e+07 1.429786523000000045e+06
9.445952504999998212e+07 1.404237096800000072e+08 1.625980700000000000e+07 7.351211250000000000e+07
1.265590882800000012e+08 9.079685975800000131e+07 1.500455700000000000e+07 1.037272735070000030e+07
9.167531718600000441e+07 1.180375678100000024e+08 1.837772100000000000e+07 3.394126447600000072e+06
8.111296004999999702e+07 1.245327986159999967e+08 2.060655500000000000e+07 6.750369660000000149e+05
1.146151934599999934e+08 9.793725836399999261e+07 1.617589100000000000e+07 3.579293910000000033e+05
1.209850056800000072e+08 1.600591820000000000e+08 1.239299500000000000e+07 5.301098700000000000e+07
9.811041423999999464e+07 1.688989730000000000e+08 1.499449900000000000e+07 3.934571567999999970e+07
9.727952654999999702e+07 1.104291933379999995e+08 1.811491300000000000e+07 7.908922719999999972e+05
6.803427953190000355e+07 1.394374992970000207e+08 2.316411400000000000e+07 5.441044160000000848e+05
1.123098519189999998e+08 9.412460569370000064e+07 1.552924900000000000e+07 1.736790679492000043e+08
1.336253058710000068e+08 7.965612030619999766e+07 1.320612800000000000e+07 1.892654495845000148e+08
8.196494128000000119e+07 1.237149030949999988e+08 2.048614100000000000e+07 6.326681270000000950e+05
9.555109372400000691e+07 1.215317835000000000e+08 1.732387900000000000e+07 7.969029890000000596e+06
1.209177008599999994e+08 9.388892801999999583e+07 1.549925600000000000e+07 4.142767930000000051e+05
6.026076721000000089e+07 1.502720291699999869e+08 2.408025400000000000e+07 3.459308393000000156e+06
8.877201071000000834e+07 1.176514785400000066e+08 1.917750900000000000e+07 1.318934368999999948e+06
1.229477979000000209e+08 1.468674790000000000e+08 1.256358500000000000e+07 3.527243950000000000e+07
1.297647074210000038e+08 8.638720646099999547e+07 1.411342500000000000e+07 6.573494645899999887e+07
1.364474138900000155e+08 8.207051978999999166e+07 1.265301600000000000e+07 2.008880204359999895e+08
5.799143928499999642e+07 2.089274110000000000e+08 2.212907000000000000e+07 3.925529989999999851e+07
5.544647661999999732e+07 1.688929740000000000e+08 2.526740600000000000e+07 8.601292520000001416e+06
1.277653381270000041e+08 8.326749137870000303e+07 1.379950500000000000e+07 1.938467974972999990e+08
5.157795114000000060e+07 2.463688190399999917e+08 3.848297000000000000e+07 5.695098802000000142e+06
1.143958050400000066e+08 1.422194370000000000e+08 1.330628100000000000e+07 1.061817915000000000e+08
1.152037420400000066e+08 1.606684210000000000e+08 1.302308400000000000e+07 4.275469370000000298e+07
5.323611461700000614e+07 2.081127693000000119e+08 2.714355600000000000e+07 2.360578039999999851e+07
5.992740189000000060e+07 1.979275250000000000e+08 2.145295000000000000e+07 3.677304700000000000e+07
1.103753488799999952e+08 1.007075162650000006e+08 1.655218800000000000e+07 6.444431409999999451e+05
1.239618553599999994e+08 1.216855104000000060e+08 1.310434200000000000e+07 4.332762910000000149e+07
1.100707852600000054e+08 1.118789722000000030e+08 1.549948300000000000e+07 8.688882509999999776e+06
7.086972101799999177e+07 1.355563673849999905e+08 2.240859800000000000e+07 8.789439259999999776e+05
6.303614300999999791e+07 2.178744760000000000e+08 2.027924700000000000e+07 5.194311129999999702e+07
1.070161908900000006e+08 1.711126100000000000e+08 1.370383100000000000e+07 6.287630000000000000e+07
9.543005661200000346e+07 1.083571546805000007e+08 1.767485600000000000e+07 1.235150756269000024e+08
1.189527170000000000e+08 1.387495340000000000e+08 1.311840100000000000e+07 3.006853623999999836e+07
5.496695170000000298e+07 1.978039044000000060e+08 2.388018300000000000e+07 2.803850310000000149e+07
1.201907238499999940e+08 1.295215920000000000e+08 1.334064000000000000e+07 2.375075394799999893e+07
1.332316066099999994e+08 8.270909529999999702e+07 1.318632200000000000e+07 1.442101505999999940e+08
5.803345353999999911e+07 1.896220325999999940e+08 2.236604400000000000e+07 2.858986530000000075e+07
1.043647676899999976e+08 1.024194777779999971e+08 1.700689000000000000e+07 2.314767878400000185e+07
1.154052152800000012e+08 1.361156410000000000e+08 1.363831100000000000e+07 2.640856839000000060e+07
7.713824250979998708e+07 1.290762931700000018e+08 2.088925100000000000e+07 2.017132328999999911e+06
1.296182524150000066e+08 8.828991272179999948e+07 1.445350000000000000e+07 3.907814804450000077e+07
9.126254732999999821e+07 1.445975884000000060e+08 1.685266300000000000e+07 2.075080910000000149e+07
1.185053610199999958e+08 9.623222550000000000e+07 1.548441100000000000e+07 1.382797058999999892e+06
1.282471546099999845e+08 1.370888740000000000e+08 1.240409000000000000e+07 4.338481310000000149e+07
1.328400054899999946e+08 8.842720479999999702e+07 1.317612000000000000e+07 1.157456667999999970e+08
1.236816754000000060e+08 1.345220560000000000e+08 1.242657300000000000e+07 1.098313785999999940e+08
1.090341726180000156e+08 1.690644310000000000e+08 1.355399000000000000e+07 4.999699929999999702e+07
