1.1378935578E8 1.04054777271E8 1.7610711E7 6.5696588038E7
7.460879856E7 1.90017766E8 1.9142208E7 3.84693806E7
1.30800713389E8 9.3533688661E7 1.5636522E7 1.956653195294E8
7.429641735E7 1.3473797254E8 2.2297247E7 1490627.652
8.123425488E7 1.2831404077E8 2.1049851E7 1896735.573
1.2714310748E8 1.47358386E8 1.503893E7 3.73417664E7
1.24724976914E8 1.38499716E8 1.5648664E7 2.2226927412E7
1.1430963818E8 1.1167281805E8 1.7974341E7 2328982.79
1.3167160472E8 1.031793678E8 1.4982251E7 2.1811322379E8
7.035914458199999E7 1.3969338364E8 2.284288E7 2264521.3752
1.3326608432999998E8 9.32405222E7 1.5510788E7 1.8425614701E8
7.7000150056E7 2.00272296E8 1.8473287E7 4.64213048E7
1.04772921981E8 1.05013547976E8 1.738398E7 1.903114076264E8
8.058817205000004E7 1.399876176E8 2.0128554E7 9611722.355
1.1574823495000002E8 1.02667178233E8 1.7142731E7 8.6898260604E7
1.2538935639000002E8 1.53454082E8 1.5057485E7 3.1868710359E7
6.238080980199999E7 1.468741003764E8 2.4729648E7 1.85629087927E7
1.39965648715E8 9.0818289583E7 1.5377458E7 1.68289325274E8
9.1708180377E7 1.2521867114E8 1.9235423E7 5169715.1658
8.500527702979998E7 1.2574647758E8 2.0437849E7 2130195.17124
7.883257704E7 1.553775245E8 1.9596632E7 1.8899148450000003E7
6.1687134042E7 1.584153097E8 2.3773591E7 8158641.790999999
6.869869782120001E7 1.3784275605531E8 2.3288567E7 3.553682062756E7
1.2468762815000002E8 1.0486129632E8 1.7809396E7 1287852.255
1.00240253933E8 1.293820506E8 1.795212E7 1.07287024731E7
7.885108746E7 1.99246053E8 1.8174299E7 4.69044194E7
8.9996005377E7 1.64615417E8 1.7424168E7 2.989477485E7
5.4213579426E7 2.037372353E8 2.6611712E7 2.38604535E7
1.3886938716E8 1.01596864E8 1.4944088E7 1.5508645701E8
1.2973833624E8 1.0225151212E8 1.5201759E7 1.9339434071E8
1.0813016312E8 1.11051125397E8 1.8685112E7 378258.01
1.37864234391E8 9.330428457E7 1.5641134E7 1.36674486173E8
9.0795235312E7 1.150532603764E8 1.9392825E7 1.371687717927E8
1.27217921154E8 1.035003426026E8 1.7457107E7 1.16272431679E7
7.060820817999999E7 1.577941959E8 2.1273073E7 1.530886308E7
9.1513978201E7 1.334501655E8 1.8685549E7 1.0601168601E7
1.22424176238E8 1.04364024451E8 1.7562766E7 1.7957991497E7
5.619121626E7 1.831513537E8 2.9405443E7 3656666.817
1.3699021491000003E8 1.015836815E8 1.477433E7 1.9613455324E8
1.1988184823E8 1.47868031E8 1.5575069E7 2.7179755596E7
1.28870015572E8 1.01208149007E8 1.6960676E7 3.9072113598E7
1.1493473332E8 1.0440977294E8 1.6164539E7 2.1997067255E8
8.724287228000002E7 1.7296726E8 1.7479753E7 3.4273196230000004E7
9.385216855E7 1.535665623E8 1.7386841E7 2.55802221E7
8.835116300400002E7 1.318432417E8 1.9235867E7 8294369.329
1.000398964E8 1.14515876659E8 1.9253447E7 447161.755
1.3439724557E8 9.1932854476E7 1.5617559E7 1.77904219002E8
1.2201944178E8 1.192855135E8 1.6809655E7 9237811.0
1.02045038554E8 1.247950688E8 1.8070749E7 8122156.4413
5.4190768678E7 1.929541325E8 2.8059466E7 1.312120705E7
1.10181909191E8 1.369567079E8 1.6704906E7 1.8107793626E7
1.2789526107E8 1.0359814E8 1.7478469E7 9465097.4
8.984471683000001E7 1.1854668269E8 2.006417E7 1.0990984017E7
1.0594400744E8 1.1050511903E8 1.6801806E7 2.2732283509E8
1.058760669E8 1.0807607222E8 1.8001538E7 5.979544294E7
8.600325599E7 1.639881E8 1.7976721E7 2.805286442E7
5.601400883E7 1.712579222E8 2.5893319E7 8720106.399999999
1.16561544178E8 1.258595427E8 1.6811458E7 1.23228898639E7
1.22995258561E8 1.01070195971E8 1.6935899E7 6.6985609651E7
1.2172093845E8 1.426500624E8 1.4981099E7 1.023079455E8
1.0068781299E8 1.51412163E8 1.6839654E7 2.4979110846E7
1.1191638443E8 1.1313700967E8 1.8039235E7 2943241.38
1.0795241344E8 1.42890677E8 1.6598679E7 2.1470082185E7
1.3532570930600002E8 9.4396657849E7 1.5836818E7 1.23949910487E8
9.706709275200002E7 1.334341618E8 1.8049535E7 1.2274675875E7
1.20990181472E8 9.61711483764E7 1.6254909E7 2.003763017927E8
1.224024701E8 1.0437414961E8 1.5547748E7 2.1908273931E8
1.2531178615E8 1.147308959E8 1.6811775E7 1.136798374E7
1.1152115725E8 1.29119021E8 1.6467393E7 5.5391969E7
1.2461284335999998E8 1.160899903E8 1.6850352E7 7567707.7
9.798410978E7 1.61541379E8 1.6204628E7 1.230874936E8
1.1072101144E8 1.67542294E8 1.5537727E7 3.9155603E7
1.1018638325E8 1.1233889E8 1.6245041E7 2.3727555562E8
6.132784049E7 2.13488115E8 2.1585037E7 4.43213635E7
1.2866678962E8 1.029311427E8 1.6839193E7 3.93593375E7
9.258645541E7 1.635280057E8 1.6754711E7 9.94614421E7
1.2573747979E8 1.247720252E8 1.6273194E7 1.34608708E7
1.03193712E8 1.105174785E8 1.7179962E7 2.101911634E8
1.04092404705E8 1.11784910706E8 1.8948092E7 3838905.36
1.04203840852E8 1.3722163688E8 1.6604063E7 7.0154216816E7
1.3164874195700002E8 9.7628624907E7 1.6360023E7 8.2554225912E7
8.35762249300001E7 1.2562115252E8 2.1027002E7 652828.169
8.272017503999999E7 1.3013030241E8 2.042109E7 5423567.187
1.25218230879E8 1.234872976E8 1.5753513E7 5.701909384E7
1.31783567677E8 9.787923033E7 1.6395251E7 7.85976731421E7
1.0048940129E8 1.11038692472E8 1.8649392E7 4.2038295251E7
9.91033611E7 1.141565578E8 1.8375121E7 5.50162772E7
1.33128743079E8 9.7399922489E7 1.6268018E7 8.5074557153E7
5.848681111E7 1.837575931E8 2.3369237E7 2.282999954E7
1.10987873387E8 1.06638047934E8 1.7851162E7 4.4067777589E7
8.8079452514E7 1.565276911E8 1.7979155E7 2.409307375E7
7.290319325999999E7 1.3626105217700002E8 2.28376E7 752178.737
1.182159334E8 1.6996134E8 1.4995934E7 4.91967542E7
9.5220058587E7 1.11602331413E8 1.8587781E7 1.512844111734E8
9.2671580555E7 1.14043439963E8 1.8900742E7 1.40160749376E8
1.2071233926E8 1.0131016786E8 1.6777788E7 8.979922407E7
8.962946361E7 1.2210326527E8 1.9888906E7 1890298.159
9.368431029E7 1.17927278531E8 1.9825586E7 436352.51
1.20397747694E8 1.316515339E8 1.6247136E7 1.68308954715E7
8.7099294093E7 1.184657617332E8 1.9889921E7 1.197113987911E8
9.164734120000002E7 1.18804139237E8 1.9988563E7 1968553.198
8.776838354E7 1.22048719513E8 2.0472569E7 609188.375
9.892539824E7 1.10027788252E8 1.794643E7 1.71542857116E8
1.0471540315000002E8 1.04161746519E8 1.7464979E7 2.124338803299E8
1.2494967789000005E8 1.0759833427E8 1.7482027E7 1957468.111
1.2719038419E8 9.773765926E7 1.628632E7 1.1182063629E8
1.2837678716000004E8 1.45055022E8 1.5052373E7 3.77486627E7
1.0087022444000004E8 1.585848003E8 1.6017057E7 1.203185436E8
7.428522810999998E7 1.632921192E8 2.016837E7 2.118645457E7
1.16994311259E8 9.76919753525E7 1.6520274E7 2.023133892162E8
1.017160321E8 1.1795085227E8 1.8613472E7 3547005.01
8.95895245E7 1.377642091E8 1.8680982E7 1.2832836865E7
1.2845928411E8 1.0016867333E8 1.535412E7 1.9862723924E8
1.17714047342E8 1.03480836757E8 1.7363632E7 5.4455691481E7
1.319340312E8 1.002724288E8 1.6251905E7 7.59097363E7
1.1950985566E8 1.492634389E8 1.4970836E7 1.143915707E8
1.2463762638E8 1.2989638161E8 1.5351532E7 7.700434264E7
1.3053869460000002E8 9.3111207475E7 1.5806177E7 1.80073961307E8
8.591998058000001E7 1.401048059E8 1.9116952E7 1.2511720898E7
6.328974299E7 2.19231569E8 2.1018936E7 5.08693178E7
9.957449601E7 1.74980242E8 1.6139311E7 4.19991226E7
8.548638471999998E7 1.67172172E8 1.7938893E7 2.987302847E7
6.2463047563E7 1.4957165097E8 2.4662479E7 1744321.026
9.501706065E7 1.138835314E8 1.9015665E7 4.8523002488E7
7.6990118074E7 1.326147372E8 2.1658939E7 2111886.1562
1.1170478293800002E8 1.002824653907E8 1.6864759E7 2.006887553528E8
9.638131144E7 1.1473038494E8 1.9217747E7 1.808670286E7
1.1439070507E8 1.55367527E8 1.565357E7 3.105961748E7
1.3110479568999995E8 1.309448796E8 1.4970931E7 7.579042284E7
1.2256124531000005E8 1.0324044807E8 1.7210975E7 3.994418108E7
1.05919622209E8 1.0993716062E8 1.8457298E7 2.2309112933E7
5.796009212E7 1.641231725E8 2.5044298E7 7733244.26
1.1762831240399998E8 9.74852869912E7 1.6481774E7 1.9767289874298E8
9.164839174E7 1.16787760936E8 1.9673608E7 2.2396091081E7
6.637385661999998E7 1.4758626137E8 2.3204179E7 4651046.367
7.092737563E7 1.754848601E8 2.040584E7 2.669500821E7
1.2412422539E8 1.035885672E8 1.6081638E7 1.178598154E8
8.752417881599998E7 1.499848259E8 1.8351569E7 1.963183186E7
1.1976013193E8 1.077842004E8 1.5606094E7 2.2344548303E8
8.507468794E7 1.92053755E8 1.7222061E7 6.2776789E7
5.001754622E7 2.709747015E8 3.7976472E7 2.1077796200000003E7
1.2662231815E8 1.16969108E8 1.627113E7 3.27463059E7
8.122425713000001E7 1.99344981E8 1.7723373E7 6.2798435E7
1.1479938709E8 1.177737043E8 1.743304E7 6796747.210000001
1.18976837766E8 9.7983624578E7 1.6253405E7 2.05832215873E8
1.26470096652E8 9.7140009596E7 1.5671075E7 2.03238796174E8
9.680410662E7 1.150550518E8 1.9451175E7 5348024.454
6.4565184715E7 1.4706344423999998E8 2.401791E7 2298181.1838
6.897274461E7 1.4090417990899998E8 2.3368455E7 1273258.774
1.103546312E8 1.0300736025E8 1.7203551E7 1.30108852492E8
1.3390605537000002E8 1.005248389E8 1.563297E7 1.140920509E8
9.0661545416E7 1.7956811E8 1.6863809E7 4.04813312E7
9.422984314E7 1.14792628797E8 1.9295996E7 3.2800050199E7
9.875234363E7 1.55902995E8 1.6831073E7 2.7388386015E7
5.546652766E7 1.991248747E8 2.4605517E7 2.73534676E7
8.735771963E7 1.1922065769E8 1.9835998E7 5.858423961E7
9.511123909E7 1.49323109E8 1.7435527E7 2.313905159E7
6.640811789E7 1.799031533E8 2.1287605E7 2.647757115E7
8.298690463000001E7 1.97354103E8 1.7482143E7 5.8238095E7
5.224752941E7 2.4544028444E8 3.8795903E7 4704153.023
1.1873705973E8 9.840205976E7 1.6527593E7 1.57393736223E8
1.0188049998000002E8 1.1542487177E8 1.7133876E7 2.0365229288E8
1.1447986925E8 1.0817934513E8 1.8347395E7 1555021.144
1.0824269511E8 1.0312576733596E8 1.7238946E7 1.5721160399949E8
5.015698672E7 2.63728605E8 3.8286438E7 1.593714942E7
6.0547089947E7 1.535659953E8 2.4707318E7 3614896.26
8.6921880456E7 1.4542164739E8 1.8378924E7 5.6061353023E7
8.909936621E7 1.8571945E8 1.6871604E7 4.52745231E7
9.644445994799998E7 1.4154866483E8 1.7190421E7 6.915368657E7
5.8414087757E7 1.603691182E8 2.5951686E7 2975984.063
1.0662109282E8 1.3147447E8 1.6698608E7 6.1814511E7
8.405713274E7 1.95515163E8 1.7350807E7 5.54823927E7
8.563124521E7 1.451214934E8 1.8870361E7 1.595553709E7
1.0625690413E8 1.548175432E8 1.5683939E7 1.172494576E8
1.3082463326E8 9.789528203E7 1.6247023E7 9.152689066E7
9.587633695000002E7 1.135950855E8 1.8656902E7 7.12105002E7
6.67326508E7 1.586721545E8 2.2220432E7 1.290953839E7
6.2297942239E7 1.46842534692E8 2.4714755E7 2.15082564802E7
9.448467572E7 1.118681527917E8 1.8833057E7 1.481871857037E8
9.820249055E7 1.2824653116E8 1.8044227E7 2.175182246E7
1.1765965381E8 1.0431451481E8 1.5989443E7 1.9601096784E8
1.2916820660700002E8 1.0083184447E8 1.6844909E7 4.5808700733E7
6.050915477599999E7 1.660575318E8 2.359972E7 1.258799451E7
7.098159860999998E7 1.92272688E8 1.9805372E7 3.93087585E7
8.126527426E7 1.436610139E8 1.9747713E7 1.2647140801E7
1.1313043886E8 1.47022126E8 1.6046297E7 2.5293152135E7
1.3831353745E8 1.010276019E8 1.4943819E7 1.5972326186E8
9.717564309E7 1.115148668E8 1.8557101E7 8.1039391785E7
1.1548105105E8 1.079464857E8 1.7874417E7 1.549595132E7
1.0786142814000002E8 1.184168501E8 1.7976936E7 5427505.63
9.3846483887E7 1.297505688E8 1.8626786E7 8938493.306
1.2200208169000004E8 1.60752513E8 1.5045771E7 3.625611763E7
1.0371204637E8 1.45958489E8 1.6816111E7 2.2195549935E7
1.3367255766E8 1.013045754E8 1.4936431E7 2.1405774796E8
1.0839840063E8 1.76243011E8 1.5356343E7 6.4072154E7
7.6143170457E7 1.293390397536E8 2.1770686E7 4.645523748495E7
7.924591243699999E7 1.3341316341E8 2.0956531E7 4174127.144
1.2949567947E8 1.372152808E8 1.473855E7 9.05974446E7
1.19970241531E8 1.0351479509E8 1.7374396E7 4.1713935198E7
8.253710223E7 1.5713064653E8 1.8615122E7 7.281186632E7
1.1901874492000002E8 1.145002268E8 1.734365E7 5514557.91
1.16171163629E8 1.42345447E8 1.6033525E7 2.2909341919E7
1.2227790021E8 1.376432064E8 1.5135739E7 9.144868865E7
5.5132890039E7 1.951022845E8 2.4964748E7 2.43767014E7
1.1465114304E8 1.368900628E8 1.5770901E7 7.495287226E7
1.03648884608E8 1.393327226E8 1.7116471E7 1.8044603301E7
1.1269014974E8 1.519128139E8 1.5324121E7 1.107028722E8
1.1778678768E8 1.51330629E8 1.5576499E7 2.9065377986E7
9.935437824E7 1.405504788E8 1.7434789E7 1.7835509711E7
1.3246906844000004E8 9.411142082E7 1.5780572E7 1.4983875389E8
1.2326645051E8 1.095818885E8 1.7417887E7 3039033.74
1.1210932936900002E8 1.304722414E8 1.6877769E7 1.44818160232E7
9.587363253E7 1.1846103631E8 1.9284225E7 1903173.409
1.1796831185E8 1.63888386E8 1.5017342E7 5.3500725E7
1.0101509984E8 1.70287409E8 1.6182117E7 3.68847286E7
1.0598734574E8 1.210978237E8 1.7950262E7 6751821.880000001
1.13268036665E8 1.290245232E8 1.6867062E7 1.38257977932E7
1.0982274648E8 1.059291539E8 1.7116686E7 1.187829371E8
1.2895506471E8 9.476440478E7 1.5917724E7 1.5941967073E8
8.738305005199999E7 1.2730582231E8 1.9756131E7 4684729.567000001
1.3327279818E8 1.003755915E8 1.5661663E7 1.152949352E8
6.4738698619E7 1.4642637753599998E8 2.4402147E7 1019667.67
7.489856803999999E7 1.513302013E8 2.0625697E7 1.392213329E7
8.057493357E7 1.2514743874E8 2.1077532E7 3.2704220272E7
7.854017232E7 1.28166534017E8 2.1537243E7 1.3611991626E7
1.1262679523E8 1.0660573725E8 1.6258804E7 2.243186062E8
1.0997298305E8 1.52048493E8 1.6021202E7 3.10642294E7
6.064535516E7 2.06786979E8 2.1908952E7 3.9394548400000006E7
7.038808139E7 1.3599795435E8 2.300664E7 2.3445735245E7
1.2133689516E8 1.4098042E8 1.5654529E7 2.99181614E7
5.071373638999999E7 2.553628597E8 3.8574346E7 1.052801578E7
7.388948257000001E7 1.3183980001E8 2.2276195E7 3.0711974014E7
8.3480798483E7 1.219298654885E8 2.0415241E7 9.22150617931E7
9.963710208E7 1.7373505E8 1.6106295E7 4.54298094E7
8.531329066000113E7 1.353520951E8 1.9504523E7 9306966.723
1.07295738919E8 1.283809768E8 1.736918E7 1.2105840563E7
1.08822412465E8 1.07762416205E8 1.8099331E7 3.6794345304E7
9.723232211E7 1.80822632E8 1.6249072E7 4.33068258E7
9.978260118E7 1.1962230793E8 1.8687239E7 4007341.06
1.2905543014000002E8 1.2371517666E8 1.5576569E7 5.33527384E7
1.2609056862E8 1.36316472E8 1.5671708E7 2.1130982529E7
9.270450463E7 1.428294552E8 1.8033692E7 1.6970719813E7
9.608418334E7 1.64719076E8 1.6767712E7 3.209320756E7
1.2182360072900002E8 1.290917367E8 1.6267475E7 1.57135824833E7
8.317076338E7 1.474743508E8 1.9193231E7 1.597168172E7
9.612284090000002E7 1.368177637E8 1.7949219E7 1.4424541301E7
1.0947810751E8 1.1567297592E8 1.8061136E7 3839010.9
1.0415470405E8 1.8010078E8 1.5651485E7 5.5263805E7
1.0420816171E8 1.60764655E8 1.6208373E7 3.1780526700000003E7
7.864825931E7 1.682391653E8 1.9074111E7 2.711798998E7
8.564848507000135E7 1.2210238075E8 2.0670172E7 7967765.133
9.367243916640002E7 1.87942987E8 1.624249E7 6.6864024E7
9.5247200248E7 1.264857619E8 1.8679277E7 7220753.481
5.920125434E7 1.887366243E8 2.2903687E7 2.654930825E7
1.04257388129E8 1.04344188418E8 1.7591654E7 2.147431306173E8
7.259574323E7 1.3818115767000002E8 2.2245386E7 3175606.667
7.262672003E7 2.09061793E8 1.9140786E7 5.41302885E7
7.06065514E7 1.4632923468E8 2.2023537E7 7460538.604
1.01225919866E8 1.072176469739E8 1.7978272E7 1.3806586699349E8
6.3713952981E7 1.4661125791399997E8 2.4057185E7 4.0695236321E7
6.609270506E7 1.521345678E8 2.2853806E7 7919835.451
1.2667004634600002E8 1.0130776564E8 1.7023687E7 4.2631510782E7
7.717212143E7 1.76648954E8 1.9047592E7 3.157892835E7
6.5372216065E7 1.4258455137E8 2.4076116E7 1.885379223E7
1.14567830554E8 1.76085997E8 1.5040852E7 6.1898037E7
9.0209944194E7 1.4499404138E8 1.7940534E7 4.678738999E7
1.266306363E8 9.434693913E7 1.599244E7 1.83574897644E8
5.426046308E7 2.4008324715E8 3.887229E7 1743720.184
1.2484520326000002E8 1.259448412E8 1.6245185E7 1.42237256E7
1.0447837069E8 1.0626826745E8 1.7834173E7 1.08565415917E8
6.675301832999999E7 1.4393633946199998E8 2.3986583E7 876663.841
6.838752586000001E7 2.06391013E8 2.0050799E7 4.46713427E7
1.118564228218E8 1.0058133695505E8 1.6933539E7 1.7900374331822E8
1.3915335180500004E8 9.6316987882E7 1.5057275E7 1.66163486694E8
9.448364087E7 1.83410309E8 1.6263769E7 5.8960908E7
1.0933706875E8 1.540685728E8 1.5491735E7 1.178537519E8
8.1268047517E7 1.254790002092E8 2.121004E7 1.172077658892E7
8.191741933000001E7 1.70587659E8 1.8374307E7 3.27245233E7
1.3985357728E8 9.40911972E7 1.5066516E7 1.757200274E8
9.771022390000002E7 1.236154394E8 1.8617435E7 5926518.86
6.887213157999998E7 1.4571328391E8 2.2576644E7 5603961.394
8.564631288000003E7 1.548944359E8 1.8387917E7 2.273035033E7
1.3551976063000005E8 9.6511606E7 1.5594073E7 1.295225987E8
8.206162428999999E7 1.90761188E8 1.7801247E7 4.35179311E7
1.2168352682E8 9.602908004E7 1.6263067E7 1.88438913024E8
1.1217996538E8 1.62006628E8 1.5603933E7 3.4522525730000004E7
1.0994209831000002E8 1.02701059686E8 1.6820555E7 2.18030840332E8
7.494600968E7 1.75249569E8 1.954915E7 2.916097931E7
1.10635762311E8 1.005683307652E8 1.697675E7 2.092962609563E8
1.1347146946E8 1.456587578E8 1.5428303E7 1.002793044E8
1.0897629759000002E8 1.20607512E8 1.7406753E7 2.667817E7
8.907827475000001E7 1.84837732E8 1.6819168E7 5.195989E7
6.5751852492E7 1.431316517846E8 2.4154797E7 9385952.5772
7.805876249E7 1.47942916E8 2.0139231E7 1.3595090989E7
1.0431078666E8 1.1504750707E8 1.8621712E7 2058153.4
1.00100146947E8 1.07437454993E8 1.8010274E7 1.797202888564E8
1.1870067771E8 1.07266871146E8 1.8068933E7 340140.341
