1.027747877400000244e+08 1.726338380000000000e+08 1.599673400000000000e+07 3.880610307999999821e+07
9.389153401999999583e+07 1.178945707549999952e+08 1.978107200000000000e+07 4.310327100000000210e+05
9.011294677539999783e+07 1.887543020000000000e+08 1.673228500000000000e+07 4.660761020000000298e+07
1.137893557800000012e+08 1.040547772709999979e+08 1.761071100000000000e+07 6.569658803800000250e+07
1.397682922099999785e+08 9.316902690000000596e+07 1.504629800000000000e+07 1.879096800000000000e+08
1.179709004300000072e+08 1.078025263209999949e+08 1.806847200000000000e+07 4.494128290000000270e+05
7.460879856000000238e+07 1.900177660000000000e+08 1.914220800000000000e+07 3.846938060000000149e+07
1.308007133889999986e+08 9.353368866099999845e+07 1.563652200000000000e+07 1.956653195293999910e+08
9.142411259000000358e+07 1.178458757719999999e+08 1.994006700000000000e+07 7.519311241000000387e+06
8.326710163000002503e+07 1.258939274370000064e+08 2.110037000000000000e+07 5.988579590000000317e+05
7.429641734999999404e+07 1.347379725399999917e+08 2.229724700000000000e+07 1.490627652000000002e+06
1.139736361700000167e+08 1.083103713700000048e+08 1.836214900000000000e+07 1.803708229999999981e+06
1.107552899000000060e+08 1.703757510000000000e+08 1.541658700000000000e+07 4.587323010000000149e+07
1.317353065049999952e+08 9.715025070100000501e+07 1.631347600000000000e+07 8.868445869799999893e+07
9.729043551000000536e+07 1.170880049399999976e+08 1.926051400000000000e+07 1.276909858000000007e+06
9.657858273999999464e+07 1.148541242099999934e+08 1.941537700000000000e+07 8.435745038000000641e+06
5.001735615000000596e+07 2.711987271000000238e+08 3.796548300000000000e+07 2.124521450000000000e+07
8.610458507999999821e+07 1.554366265000000000e+08 1.830129000000000000e+07 2.276938855000000075e+07
1.366365316800000072e+08 9.638413550000000000e+07 1.549761600000000000e+07 1.341763532000000030e+08
5.553375887499999255e+07 1.764037305999999940e+08 2.666845500000000000e+07 8.948554570000000298e+06
6.073390206000000238e+07 2.102121210000000000e+08 2.181455200000000000e+07 4.185585020000000298e+07
1.227985622900000066e+08 1.109998073799999952e+08 1.733403300000000000e+07 3.901355970000000205e+06
8.123425487999999523e+07 1.283140407699999958e+08 2.104985100000000000e+07 1.896735573000000091e+06
1.295567069300000072e+08 1.008478960999999940e+08 1.652804900000000000e+07 6.291039204999999702e+07
1.271431074800000042e+08 1.473583860000000000e+08 1.503893000000000000e+07 3.734176639999999851e+07
8.959094667999999225e+07 1.222199321700000018e+08 1.988340900000000000e+07 1.946871608000000007e+06
1.247249769140000045e+08 1.384997160000000000e+08 1.564866400000000000e+07 2.222692741200000048e+07
1.250726160400000066e+08 1.174918177999999970e+08 1.673095800000000000e+07 8.650078599999999627e+06
1.143096381800000072e+08 1.116728180499999970e+08 1.797434100000000000e+07 2.328982790000000037e+06
1.253378944899999797e+08 1.080380945999999940e+08 1.741818800000000000e+07 2.305047220000000205e+06
1.190287799399999976e+08 1.706273310000000000e+08 1.491670400000000000e+07 5.275572100000000000e+07
9.263065374199999869e+07 1.134335992805999964e+08 1.911021200000000000e+07 1.426231973892999887e+08
1.272056488499999940e+08 1.137115300000000000e+08 1.655412300000000000e+07 2.415415630000000075e+07
5.863712409200000018e+07 2.114450670000000000e+08 2.275613200000000000e+07 3.940957140000000596e+07
9.851006760920000076e+07 1.228878610600000024e+08 1.856150800000000000e+07 5.960088404569999315e+06
9.454309546600000560e+07 1.118198336122999936e+08 1.882442700000000000e+07 1.484729881529000103e+08
1.197566996299999952e+08 1.148119310000000000e+08 1.702437200000000000e+07 1.932141230000000075e+07
1.032376536500000060e+08 1.155333637000000030e+08 1.693451800000000000e+07 2.148598314799999893e+08
5.409099049989999831e+07 2.403713506699999869e+08 3.886958900000000000e+07 1.895899524702999974e+06
9.427660351000000536e+07 1.667767440000000000e+08 1.687714800000000000e+07 3.281833948000000045e+07
1.171338544599999934e+08 9.763666444589999318e+07 1.650788800000000000e+07 2.030062639435999990e+08
1.214666656606999934e+08 9.595915898634000123e+07 1.625088600000000000e+07 1.962320560360000134e+08
9.694507248299998045e+07 1.098751724749999940e+08 1.846955500000000000e+07 1.551143346852999926e+08
1.316716047199999988e+08 1.031793677999999970e+08 1.498225100000000000e+07 2.181132237899999917e+08
7.035914458199998736e+07 1.396933836399999857e+08 2.284288000000000000e+07 2.264521375200000126e+06
1.404712660800000131e+08 9.362318859999999404e+07 1.501349500000000000e+07 1.828804091999999881e+08
1.293804490499999821e+08 1.436659623000000119e+08 1.455254500000000000e+07 1.090680954000000060e+08
7.031527181000000238e+07 2.121546130000000000e+08 1.956189800000000000e+07 5.768924000000000000e+07
9.958387860999999940e+07 1.148814807549999952e+08 1.926366300000000000e+07 4.310327100000000210e+05
8.967203847999998927e+07 1.386830395000000000e+08 1.861937200000000000e+07 1.341050084999999963e+07
6.267237719900000095e+07 1.503371117199999988e+08 2.426580900000000000e+07 3.145193774000000209e+06
1.152056170929999948e+08 9.857668717180000246e+07 1.661088100000000000e+07 2.026521136541999876e+08
1.332660843299999833e+08 9.324052220000000298e+07 1.551078800000000000e+07 1.842561470099999905e+08
7.700015005599999428e+07 2.002722960000000000e+08 1.847328700000000000e+07 4.642130479999999702e+07
1.047729219810000062e+08 1.050135479759999961e+08 1.738398000000000000e+07 1.903114076263999939e+08
1.251342247965999842e+08 1.286680360999999940e+08 1.609497800000000000e+07 1.586850335645999946e+07
8.058817205000004172e+07 1.399876175999999940e+08 2.012855400000000000e+07 9.611722355000000447e+06
1.157482349500000179e+08 1.026671782329999954e+08 1.714273100000000000e+07 8.689826060400000215e+07
1.193907108990000039e+08 1.022998850419999957e+08 1.733548100000000000e+07 6.117139120700000226e+07
1.000894826200000048e+08 1.836878070000000000e+08 1.580423400000000000e+07 6.736437000000000000e+07
1.253893563900000155e+08 1.534540820000000000e+08 1.505748500000000000e+07 3.186871035900000110e+07
1.241380704399999976e+08 9.510299962000000477e+07 1.612324400000000000e+07 1.880287640410000086e+08
5.516651153000000119e+07 1.844415070000000000e+08 2.539315300000000000e+07 1.703203583000000194e+07
1.073533214699999988e+08 1.639124900000000000e+08 1.574912700000000000e+07 4.420768110000000149e+07
6.238080980199999362e+07 1.468741003763999939e+08 2.472964800000000000e+07 1.856290879270000011e+07
1.399656487150000036e+08 9.081828958300000429e+07 1.537745800000000000e+07 1.682893252739999890e+08
9.170818037700000405e+07 1.252186711400000006e+08 1.923542300000000000e+07 5.169715165799999610e+06
8.500527702979998291e+07 1.257464775799999982e+08 2.043784900000000000e+07 2.130195171240000054e+06
1.093158117090000063e+08 1.012568899408999979e+08 1.708657600000000000e+07 2.108696787321999967e+08
7.883257704000000656e+07 1.553775245000000000e+08 1.959663200000000000e+07 1.889914845000000298e+07
6.168713404200000316e+07 1.584153096999999881e+08 2.377359100000000000e+07 8.158641790999999270e+06
6.869869782120001316e+07 1.378427560553100109e+08 2.328856700000000000e+07 3.553682062755999714e+07
1.131759214899999946e+08 1.639393200000000000e+08 1.549286800000000000e+07 3.594462743999999762e+07
1.246876281500000209e+08 1.048612963199999928e+08 1.780939600000000000e+07 1.287852254999999888e+06
1.279683225100000054e+08 1.215888717300000042e+08 1.580903700000000000e+07 4.597359961999999732e+07
8.597656293000000715e+07 1.209359627559999973e+08 2.046965200000000000e+07 1.824245783799999952e+07
1.289425651700000167e+08 1.251496015400000066e+08 1.542720200000000000e+07 6.113166900999999791e+07
6.537618362000000477e+07 1.455278307400000095e+08 2.399529500000000000e+07 1.788863419999999925e+06
6.235315485300000012e+07 1.464763989287999868e+08 2.467134900000000000e+07 3.030180895185000077e+07
5.904298970999999344e+07 1.875442575999999940e+08 2.300292600000000000e+07 2.566967273000000045e+07
1.363178274799999893e+08 9.433967975200000405e+07 1.579749400000000000e+07 1.236253414669999927e+08
1.097874662600000054e+08 1.131912330999999940e+08 1.625711700000000000e+07 2.385847144499999881e+08
1.135151611400000155e+08 1.535670160000000000e+08 1.577722900000000000e+07 2.952458241400000080e+07
7.797051354000000656e+07 1.505954753000000119e+08 2.001513700000000000e+07 1.520590534999999963e+07
1.002402539329999983e+08 1.293820505999999940e+08 1.795212000000000000e+07 1.072870247309999913e+07
7.885108745999999344e+07 1.992460530000000000e+08 1.817429900000000000e+07 4.690441939999999851e+07
1.225643782500000000e+08 1.059239520999999940e+08 1.547054800000000000e+07 2.224676345900000036e+08
1.051814109699999988e+08 1.147568671500000060e+08 1.857019700000000000e+07 2.005117209999999963e+06
5.757674128999999911e+07 1.629774790399999917e+08 2.605911100000000000e+07 3.944334478000000119e+06
8.999600537700000405e+07 1.646154170000000000e+08 1.742416800000000000e+07 2.989477485000000149e+07
9.312670887999999523e+07 1.321879956200000048e+08 1.835624800000000000e+07 2.583294492999999970e+07
1.059009842000000030e+08 1.052779977000000030e+08 1.759802400000000000e+07 1.217121511210000068e+08
1.335018504500000179e+08 9.781200329999999702e+07 1.611323800000000000e+07 9.152919721999999881e+07
8.504234404999999702e+07 1.812533740000000000e+08 1.756953000000000000e+07 3.850360486999999732e+07
6.359372456200000644e+07 1.492833108199999928e+08 2.403144500000000000e+07 3.269303949000000022e+06
5.421357942599999905e+07 2.037372353000000119e+08 2.661171200000000000e+07 2.386045350000000000e+07
9.493069456999999285e+07 1.869731120000000000e+08 1.622501300000000000e+07 5.629178100000000000e+07
1.388693871599999964e+08 1.015968640000000000e+08 1.494408800000000000e+07 1.550864570099999905e+08
5.147666899000000209e+07 2.493288255000000000e+08 3.872498300000000000e+07 6.914800600000000559e+06
9.329924809000001848e+07 1.490347253000000119e+08 1.765813700000000000e+07 2.156119905999999866e+07
7.750746926999999583e+07 1.318388652399999946e+08 2.162626400000000000e+07 1.869156649999999907e+06
1.297383362399999946e+08 1.022515121200000048e+08 1.520175900000000000e+07 1.933943407100000083e+08
1.081301631200000048e+08 1.110511253969999999e+08 1.868511200000000000e+07 3.782580100000000093e+05
1.044709086729999930e+08 1.041927061920000017e+08 1.756730100000000000e+07 2.152612644787000120e+08
1.057284130259999931e+08 1.033619691659999937e+08 1.740425900000000000e+07 2.166478174345000088e+08
1.206259732929999977e+08 9.626405127429999411e+07 1.629376400000000000e+07 1.984882704599600136e+08
8.076025284999999404e+07 1.998671470000000000e+08 1.779100800000000000e+07 6.269971100000000000e+07
1.203158832779999971e+08 1.388436350000000000e+08 1.591343200000000000e+07 2.149786747100000083e+07
1.018501662000000030e+08 1.468912490000000000e+08 1.692726000000000000e+07 2.242235232400000095e+07
1.013902561210000068e+08 1.069754692867999971e+08 1.783502100000000000e+07 1.591421546692999899e+08
1.378642343910000026e+08 9.330428456999999285e+07 1.564113400000000000e+07 1.366744861730000079e+08
9.079523531200000644e+07 1.150532603763999939e+08 1.939282500000000000e+07 1.371687717926999927e+08
1.272179211539999992e+08 1.035003426025999933e+08 1.745710700000000000e+07 1.162724316789999977e+07
1.047424196200000197e+08 1.132079186099999994e+08 1.682487100000000000e+07 2.265958515200000107e+08
1.274079291659000218e+08 9.388387960537000000e+07 1.591567900000000000e+07 1.926919088262499869e+08
7.060820817999999225e+07 1.577941959000000060e+08 2.127307300000000000e+07 1.530886308000000007e+07
9.151397820100000501e+07 1.334501655000000000e+08 1.868554900000000000e+07 1.060116860099999979e+07
1.187930050600000024e+08 1.003163284000000060e+08 1.607826300000000000e+07 2.100390653639999926e+08
1.224241762380000055e+08 1.043640244510000050e+08 1.756276600000000000e+07 1.795799149700000137e+07
1.044053586400000006e+08 1.168336145300000012e+08 1.843032100000000000e+07 3.524518280000000261e+06
5.619121625999999791e+07 1.831513536999999881e+08 2.940544300000000000e+07 3.656666816999999806e+06
5.870515852000012249e+07 1.726278610999999940e+08 2.381227500000000000e+07 1.575203247000000067e+07
1.369902149100000262e+08 1.015836815000000000e+08 1.477433000000000000e+07 1.961345532400000095e+08
1.198818482300000042e+08 1.478680310000000000e+08 1.557506900000000000e+07 2.717975559600000083e+07
9.562539989000001550e+07 1.518129074000000060e+08 1.728979800000000000e+07 2.408774655999999866e+07
1.035161228299999982e+08 1.817535150000000000e+08 1.559913300000000000e+07 6.688009400000000000e+07
6.017962915000009537e+07 1.548944437199999988e+08 2.467194000000000000e+07 4.378884910999999382e+06
1.288700155719999969e+08 1.012081490069999993e+08 1.696067600000000000e+07 3.907211359799999744e+07
7.666309240999999642e+07 1.324805863680000007e+08 2.228212100000000000e+07 4.445745860000000102e+05
1.149347333199999928e+08 1.044097729399999976e+08 1.616453900000000000e+07 2.199706725500000119e+08
7.245029475000000000e+07 1.414405291999999881e+08 2.193718400000000000e+07 5.360292469999999739e+06
1.229738284099999964e+08 1.196507042999999970e+08 1.672381600000000000e+07 9.646751199999999255e+06
8.881663239999999106e+07 1.917954060000000000e+08 1.671071100000000000e+07 6.540760100000000000e+07
8.724287228000001609e+07 1.729672600000000000e+08 1.747975300000000000e+07 3.427319623000000417e+07
1.240256495100000203e+08 1.022485538499999940e+08 1.704874800000000000e+07 4.751951102000000328e+07
1.405073304599999785e+08 9.940103929999999702e+07 1.478862500000000000e+07 1.751262650300000012e+08
9.385216854999999702e+07 1.535665623000000119e+08 1.738684100000000000e+07 2.558022210000000149e+07
1.293854279500000030e+08 1.026192117999999970e+08 1.675932400000000000e+07 4.326318510000000149e+07
1.259036622000000030e+08 1.045435817999999970e+08 1.529567100000000000e+07 2.198271685300000012e+08
8.322249269999998808e+07 1.570282789000000060e+08 1.872556500000000000e+07 2.216281892999999970e+07
1.297757519420000017e+08 1.006359490000000000e+08 1.682544800000000000e+07 4.647686716899999976e+07
1.117930879689999968e+08 1.005956192029999942e+08 1.678736400000000000e+07 2.137817964634999931e+08
8.835116300400002301e+07 1.318432417000000030e+08 1.923586700000000000e+07 8.294369328999999911e+06
6.208279065999999642e+07 2.157768670000000000e+08 2.135173900000000000e+07 4.580422050000000000e+07
