1.134182116616999954e+08 1.224840264000000060e+08 1.723730300000000000e+07 9.493325077549999580e+06
1.000398964000000060e+08 1.145158766589999944e+08 1.925344700000000000e+07 4.471617550000000047e+05
1.343972455699999928e+08 9.193285447599999607e+07 1.561755900000000000e+07 1.779042190020000041e+08
1.297115758969999999e+08 1.004916600779999942e+08 1.682493000000000000e+07 4.727933821000000089e+07
1.397811154300000072e+08 9.420855879999999702e+07 1.505775200000000000e+07 1.763268303000000119e+08
6.152257310400000215e+07 1.513139201799999774e+08 2.468124100000000000e+07 2.477471341599999927e+06
1.244994132000000030e+08 1.082511184099999964e+08 1.745297100000000000e+07 2.296089680000000168e+06
9.071485001999999583e+07 1.181182943499999940e+08 1.997936500000000000e+07 9.357872244999999180e+06
1.220194417800000012e+08 1.192855135000000000e+08 1.680965500000000000e+07 9.237811000000000000e+06
1.158207009699999988e+08 1.081251806949999928e+08 1.829035900000000000e+07 2.090539982000000018e+05
1.190382670699999928e+08 1.071058815429999977e+08 1.805642800000000000e+07 3.618584170000000158e+05
1.369833828700000048e+08 9.523036259999999404e+07 1.553601400000000000e+07 1.358223131999999881e+08
1.020450385540000051e+08 1.247950687999999970e+08 1.807074900000000000e+07 8.122156441300000064e+06
5.419076867800000310e+07 1.929541325000000000e+08 2.805946600000000000e+07 1.312120705000000075e+07
5.001735615000000596e+07 2.711987271000000238e+08 3.796548300000000000e+07 2.124521450000000000e+07
1.269243482409999967e+08 9.404333763750000298e+07 1.593922700000000000e+07 1.935708521266799867e+08
1.273611344728000015e+08 1.030876614999299943e+08 1.738674700000000000e+07 1.574039829350000061e+07
1.070643680100000054e+08 1.119277785949999988e+08 1.865798000000000000e+07 7.597149729999999981e+05
5.410617307999999821e+07 2.403440456699999869e+08 3.886988200000000000e+07 1.881312972999999998e+06
6.466610023260000348e+07 1.465376295259999931e+08 2.442396400000000000e+07 1.006322052999999956e+06
1.222431828120000362e+08 1.290513110999999940e+08 1.625114700000000000e+07 1.559322661849999987e+07
1.101819091909999996e+08 1.369567079000000060e+08 1.670490600000000000e+07 1.810779362599999830e+07
7.686453896000000834e+07 1.322673934520000070e+08 2.216746000000000000e+07 5.228346689999999944e+05
8.347813403999999166e+07 1.970637920000000000e+08 1.740474300000000000e+07 6.375719400000000000e+07
1.278952610699999928e+08 1.035981400000000000e+08 1.747846900000000000e+07 9.465097400000000373e+06
1.247532727199999988e+08 1.427540660000000000e+08 1.547090200000000000e+07 2.494545312000000104e+07
1.193724282230000049e+08 1.405746350000000000e+08 1.589752100000000000e+07 2.245013448800000176e+07
8.984471683000001311e+07 1.185466826899999976e+08 2.006417000000000000e+07 1.099098401700000092e+07
1.271385972000000030e+08 1.512294180000000000e+08 1.504516800000000000e+07 3.064151053299999982e+07
9.877655648999999464e+07 1.291460179000000060e+08 1.806361300000000000e+07 1.311574319999999925e+07
1.059440074399999976e+08 1.105051190300000012e+08 1.680180600000000000e+07 2.273228350900000036e+08
9.123942871999999881e+07 1.406946063000000119e+08 1.832448300000000000e+07 1.501404782399999909e+07
6.056912204000000656e+07 1.573946214539999962e+08 2.613585100000000000e+07 8.712543139999998966e+05
1.058760669000000060e+08 1.080760722199999988e+08 1.800153800000000000e+07 5.979544293999999762e+07
8.600325598999999464e+07 1.639881000000000000e+08 1.797672100000000000e+07 2.805286442000000179e+07
1.244555274500000030e+08 1.048189669870000035e+08 1.781294200000000000e+07 1.761024877000000095e+06
1.321570995499999970e+08 1.041989570999999940e+08 1.492056500000000000e+07 2.212546810000000000e+08
5.601400882999999821e+07 1.712579221999999881e+08 2.589331900000000000e+07 8.720106399999998510e+06
1.317610571400000006e+08 1.336169024000000060e+08 1.478137900000000000e+07 8.440318150000000000e+07
1.165615441780000031e+08 1.258595427000000030e+08 1.681145800000000000e+07 1.232288986390000023e+07
1.405123142129999995e+08 9.076782484600000083e+07 1.535895800000000000e+07 1.681040313389999866e+08
1.004876361490000039e+08 1.071357284179999977e+08 1.797199900000000000e+07 1.819665506173000038e+08
1.226993319179999977e+08 1.027065180139999986e+08 1.720432300000000000e+07 4.237850461699999869e+07
1.229952585610000044e+08 1.010701959710000008e+08 1.693589900000000000e+07 6.698560965100000054e+07
1.026556879599999934e+08 1.822224530000000000e+08 1.564914300000000000e+07 6.698658800000000000e+07
8.860692315919998288e+07 1.728297640000000000e+08 1.730954400000000000e+07 3.461514510000000149e+07
9.962249584000000358e+07 1.693108190000000000e+08 1.631853500000000000e+07 3.591800028000000119e+07
1.370334809880000055e+08 9.288206575599999726e+07 1.566047600000000000e+07 1.418734656240000129e+08
9.719662689599999785e+07 1.275077597999999970e+08 1.839623400000000000e+07 8.416520092000000179e+06
1.217209384500000030e+08 1.426500624000000060e+08 1.498109900000000000e+07 1.023079455000000000e+08
1.239682728799999952e+08 1.616613700000000000e+08 1.485013000000000000e+07 4.207084420000000298e+07
1.006878129899999946e+08 1.514121630000000000e+08 1.683965400000000000e+07 2.497911084600000083e+07
6.269086007000000030e+07 1.492839845180000067e+08 2.478065700000000000e+07 1.230708346999999834e+06
1.119163844300000072e+08 1.131370096700000018e+08 1.803923500000000000e+07 2.943241379999999888e+06
1.079524134399999976e+08 1.428906770000000000e+08 1.659867900000000000e+07 2.147008218499999866e+07
9.372234723999999464e+07 1.488493591999999881e+08 1.762625900000000000e+07 2.134188746400000155e+07
1.353257093060000241e+08 9.439665784900000691e+07 1.583681800000000000e+07 1.239499104870000035e+08
6.677977179999998957e+07 1.443069956030000150e+08 2.390009800000000000e+07 1.016072138000000035e+06
1.287502761099999994e+08 9.911178695999999344e+07 1.651371000000000000e+07 7.593397337999999523e+07
9.907879351999999583e+07 1.842595140000000000e+08 1.587944800000000000e+07 6.434441300000000000e+07
1.055838406509999931e+08 1.034753270230000019e+08 1.740994600000000000e+07 2.164758326238000095e+08
9.706709275200001895e+07 1.334341617999999970e+08 1.804953500000000000e+07 1.227467587500000000e+07
8.111638990000000596e+07 1.279609463680000007e+08 2.153516300000000000e+07 4.445745860000000102e+05
1.209901814720000029e+08 9.617114837639999390e+07 1.625490900000000000e+07 2.003763017926999927e+08
9.326478587000000477e+07 1.182091388760000020e+08 1.989087400000000000e+07 3.842647239999999874e+05
1.224024700999999940e+08 1.043741496099999994e+08 1.554774800000000000e+07 2.190827393100000024e+08
1.253117861500000060e+08 1.147308959000000060e+08 1.681177500000000000e+07 1.136798374000000022e+07
8.163735384999999404e+07 1.562965624000000060e+08 1.901699300000000000e+07 2.177859185000000149e+07
1.211885263700000197e+08 1.471517250000000000e+08 1.551723200000000000e+07 2.705296768200000003e+07
6.075316559000000358e+07 2.103273350000000000e+08 2.180663300000000000e+07 4.194110689999999851e+07
5.050518484000000358e+07 2.577445321999999881e+08 3.850195800000000000e+07 1.201593091999999993e+07
9.572475350000000000e+07 1.870932460000000000e+08 1.608797200000000000e+07 6.823626200000000000e+07
1.337079120530000031e+08 9.190758292880000174e+07 1.559289000000000000e+07 1.905638289518499970e+08
5.635257196000000089e+07 2.377127794230000079e+08 3.886795700000000000e+07 5.694213139999998966e+05
1.115211572500000000e+08 1.291190210000000000e+08 1.646739300000000000e+07 5.539196900000000000e+07
1.246128433599999845e+08 1.160899902999999970e+08 1.685035200000000000e+07 7.567707700000000186e+06
8.913527260999999940e+07 1.910871400000000000e+08 1.679405100000000000e+07 4.821933189999999851e+07
1.172547217600000054e+08 1.441946008000000119e+08 1.521775400000000000e+07 1.010537742000000030e+08
9.798410978000000119e+07 1.615413790000000000e+08 1.620462800000000000e+07 1.230874935999999940e+08
5.594421828000000119e+07 2.037174705000000000e+08 2.422245500000000000e+07 3.078048930000000075e+07
8.707937376600000262e+07 1.326694605199999958e+08 1.933748000000000000e+07 1.131814148000000045e+07
7.086240068999999762e+07 1.385991938159999847e+08 2.309785100000000000e+07 9.928814470000000438e+05
1.107210114399999976e+08 1.675422940000000000e+08 1.553772700000000000e+07 3.915560300000000000e+07
6.594277796210001409e+07 1.413989901521700025e+08 2.386720600000000000e+07 3.466578601145000011e+07
8.953939251000002027e+07 1.222811662099999934e+08 1.987032700000000000e+07 2.098475899000000209e+06
1.124142174740000069e+08 9.969283791570000350e+07 1.683841500000000000e+07 2.080229823968999982e+08
7.782554579500000179e+07 1.995949950000000000e+08 1.834049600000000000e+07 4.652257620000000298e+07
5.775518582500000298e+07 1.623997835200000107e+08 2.606909400000000000e+07 3.617429381000000052e+06
1.099997633400000185e+08 1.581402490000000000e+08 1.584758200000000000e+07 3.236564405000000075e+07
1.101863832500000000e+08 1.123388900000000000e+08 1.624504100000000000e+07 2.372755556200000048e+08
1.045481272500000000e+08 1.574840198000000119e+08 1.576176700000000000e+07 1.207818499000000060e+08
1.131366412500000000e+08 1.476875640000000000e+08 1.602490900000000000e+07 2.561291952100000158e+07
1.396381131299999654e+08 1.007950117999999970e+08 1.483805800000000000e+07 1.667859825800000131e+08
1.229597909270000011e+08 9.540965175360000134e+07 1.615717700000000000e+07 1.964890334849500060e+08
6.132784049000000209e+07 2.134881150000000000e+08 2.158503700000000000e+07 4.432136350000000000e+07
9.517197679000000656e+07 1.209755789500000030e+08 1.912468500000000000e+07 3.479998359999999870e+06
9.870246764000000060e+07 1.219238687000000030e+08 1.863171900000000000e+07 5.129930520000000484e+06
7.879665040999999642e+07 1.302019899089999944e+08 2.155404700000000000e+07 1.273258773999999976e+06
1.183693700100000054e+08 1.076766884000000060e+08 1.571269800000000000e+07 2.266627482599999905e+08
1.286667896200000048e+08 1.029311427000000030e+08 1.683919300000000000e+07 3.935933750000000000e+07
9.258645540999999642e+07 1.635280056999999881e+08 1.675471100000000000e+07 9.946144209999999404e+07
5.207040613000000268e+07 2.462132561599999964e+08 3.878354400000000000e+07 5.138049782000000589e+06
1.393950894099999964e+08 9.069420503399999440e+07 1.538536800000000000e+07 1.725439985099999905e+08
5.014360475999999791e+07 2.640732418000000119e+08 3.827312100000000000e+07 1.617218799000000022e+07
7.890869304000000656e+07 1.270801913700000048e+08 2.143038000000000000e+07 2.144772923000000045e+07
1.257374797900000066e+08 1.247720252000000030e+08 1.627319400000000000e+07 1.346087080000000075e+07
7.782415048000000417e+07 1.387052645099999905e+08 2.079649200000000000e+07 7.340925610999999568e+06
1.298596761499999762e+08 1.238161977999999970e+08 1.546832600000000000e+07 5.908627950999999791e+07
1.031937120000000000e+08 1.105174785000000000e+08 1.717996200000000000e+07 2.101911634000000060e+08
1.040924047049999982e+08 1.117849107060000002e+08 1.894809200000000000e+07 3.838905359999999870e+06
6.241183449700000137e+07 1.463600739742299914e+08 2.465409800000000000e+07 3.336630074854199961e+07
8.939606103999999166e+07 1.494298190999999940e+08 1.812020100000000000e+07 2.004448938100000098e+07
1.042038408519999981e+08 1.372216368799999952e+08 1.660406300000000000e+07 7.015421681599999964e+07
1.316487419570000172e+08 9.762862490700000525e+07 1.636002300000000000e+07 8.255422591200000048e+07
1.006682171800000072e+08 1.762111070000000000e+08 1.608069400000000000e+07 4.060162900999999791e+07
7.324861183999998868e+07 2.087257350000000000e+08 1.902151800000000000e+07 5.899267900000000000e+07
1.131901883100000024e+08 1.629334750000000000e+08 1.551895300000000000e+07 3.523108484000000358e+07
8.357622493000009656e+07 1.256211525199999958e+08 2.102700200000000000e+07 6.528281689999999944e+05
9.553571434000000358e+07 1.435554805000000000e+08 1.764085300000000000e+07 2.049326939999999851e+07
8.690523342000000179e+07 1.879582640000000000e+08 1.714558600000000000e+07 4.368379179999999702e+07
8.272017503999999166e+07 1.301303024099999964e+08 2.042109000000000000e+07 5.423567186999999918e+06
1.319439010600000173e+08 1.324000372000000030e+08 1.480007600000000000e+07 8.555852553000000119e+07
1.301507441299999952e+08 1.390699258000000119e+08 1.460272700000000000e+07 1.017462255000000000e+08
1.252182308789999932e+08 1.234872975999999940e+08 1.575351300000000000e+07 5.701909384000000358e+07
6.037212561999998987e+07 1.562703710800000131e+08 2.441868200000000000e+07 5.562761678000000305e+06
8.913576021800000966e+07 1.165878599624000043e+08 1.955739900000000000e+07 1.278807131051000059e+08
8.704075039759999514e+07 1.211412170754899979e+08 2.049238500000000000e+07 6.872738782770000398e+06
6.489854744999998808e+07 1.834155449000000060e+08 2.154352400000000000e+07 2.733161796000000089e+07
1.268280287500000000e+08 1.347348230000000000e+08 1.563106900000000000e+07 2.530723450000000000e+07
8.673553161999998987e+07 1.233988128680000007e+08 2.038757000000000000e+07 1.215440914000000106e+06
8.607851828000000119e+07 1.504436115500000119e+08 1.832803400000000000e+07 4.810594049000000209e+07
1.317835676770000011e+08 9.787923032999999821e+07 1.639525100000000000e+07 7.859767314210000634e+07
1.101128210900000036e+08 1.160532941299999952e+08 1.795184400000000000e+07 4.523033599999999627e+06
1.004894012900000066e+08 1.110386924720000029e+08 1.864939200000000000e+07 4.203829525100000203e+07
9.910336109999999404e+07 1.141565577999999970e+08 1.837512100000000000e+07 5.501627720000000298e+07
1.091010244409999996e+08 1.013758136375000030e+08 1.710022600000000000e+07 2.122361173400000036e+08
1.285225801900000423e+08 1.012065785250000060e+08 1.697009200000000000e+07 3.939397815299999714e+07
7.479962054299998283e+07 1.360229016300000548e+08 2.183220100000000000e+07 3.277939769000000320e+06
6.659123114000000805e+07 1.535241310000000000e+08 2.261507300000000000e+07 9.146442218000000343e+06
7.685847654000000656e+07 1.895793870000000000e+08 1.872397600000000000e+07 3.946459557999999821e+07
1.331287430789999962e+08 9.739992248899999261e+07 1.626801800000000000e+07 8.507455715299999714e+07
6.749176329000000656e+07 2.093123940000000000e+08 2.019329700000000000e+07 4.584476150000000000e+07
1.082951619220000058e+08 1.360002966999999881e+08 1.689871700000000000e+07 1.701723107499999925e+07
5.848681110999999940e+07 1.837575930999999940e+08 2.336923700000000000e+07 2.282999953999999911e+07
1.109878733869999945e+08 1.066380479340000004e+08 1.785116200000000000e+07 4.406777758900000155e+07
1.281553558400000036e+08 1.494820320000000000e+08 1.489729100000000000e+07 4.080097029999999702e+07
8.807945251399999857e+07 1.565276910999999940e+08 1.797915500000000000e+07 2.409307375000000000e+07
1.286763459200000167e+08 1.207047797999999970e+08 1.575741600000000000e+07 5.031042714000000060e+07
7.290319325999999046e+07 1.362610521770000160e+08 2.283760000000000000e+07 7.521787369999999646e+05
1.141878341899999976e+08 1.763941000000000000e+08 1.504028400000000000e+07 6.544376400000000000e+07
1.182159334000000060e+08 1.699613400000000000e+08 1.499593400000000000e+07 4.919675420000000298e+07
9.522005858699999750e+07 1.116023314130000025e+08 1.858778100000000000e+07 1.512844111734000146e+08
9.648393848000000417e+07 1.131383784510000050e+08 1.891501200000000000e+07 4.524039338599999994e+07
9.267158055500000715e+07 1.140434399629999995e+08 1.890074200000000000e+07 1.401607493759999871e+08
1.063901437999999970e+08 1.136696644200000018e+08 1.852394000000000000e+07 1.862356861999999965e+06
7.063823567000001669e+07 1.935870130000000000e+08 1.983345100000000000e+07 4.186094729999999702e+07
9.620026734999999404e+07 1.314969676599999964e+08 1.803288100000000000e+07 2.639954017000000179e+07
1.054189865300000012e+08 1.671649800000000000e+08 1.592335400000000000e+07 3.635974497999999672e+07
