1.277001157800000012e+08 1.038540276800000072e+08 1.740678800000000000e+07 1.165284727999999933e+07
1.207123392600000054e+08 1.013101678599999994e+08 1.677778800000000000e+07 8.979922406999999285e+07
8.962946360999999940e+07 1.221032652699999958e+08 1.988890600000000000e+07 1.890298158999999985e+06
1.400344741820000112e+08 9.539833764100000262e+07 1.501744400000000000e+07 1.720638716110000014e+08
1.256923876599999964e+08 1.261050622000000030e+08 1.619934100000000000e+07 1.440366080000000075e+07
9.312941140000002086e+07 1.242899559599999934e+08 1.911386100000000000e+07 5.056177986000000499e+06
1.225861480100000203e+08 1.191836127000000030e+08 1.677050000000000000e+07 9.421489199999999255e+06
1.250649122900000066e+08 1.157611104000000060e+08 1.684580100000000000e+07 7.455524199999999255e+06
5.419791507000000030e+07 2.401862283700000048e+08 3.887145400000000000e+07 1.797814555000000168e+06
9.368431029000000656e+07 1.179272785310000032e+08 1.982558600000000000e+07 4.363525100000000093e+05
1.059248698840000033e+08 1.119315653630000055e+08 1.891055300000000000e+07 2.047965804000000062e+05
1.203977476940000057e+08 1.316515339000000060e+08 1.624713600000000000e+07 1.683089547150000185e+07
1.263267706030000001e+08 1.375933520000000000e+08 1.561426000000000000e+07 2.173772382459999993e+07
1.249780967100000232e+08 1.047028307500000000e+08 1.778098200000000000e+07 1.638270432999999961e+06
1.195461889259999990e+08 1.068727462960000038e+08 1.805799100000000000e+07 2.728681766000000061e+05
1.269856828129999936e+08 1.518361590000000000e+08 1.502906700000000000e+07 3.107040464999999851e+07
8.915046348999999464e+07 1.844154000000000000e+08 1.693377800000000000e+07 4.209956225999999791e+07
8.709929409299999475e+07 1.184657617331999987e+08 1.988992100000000000e+07 1.197113987910999954e+08
1.102115506099999994e+08 1.172516912999999970e+08 1.784942600000000000e+07 5.344006490000000224e+06
9.164734120000001788e+07 1.188041392370000035e+08 1.998856300000000000e+07 1.968553198000000091e+06
1.241999722900000215e+08 1.605928410000000000e+08 1.488588800000000000e+07 3.941769210000000149e+07
9.733513496999999881e+07 1.816997520000000000e+08 1.621342400000000000e+07 4.486542489999999851e+07
8.776838354000000656e+07 1.220487195129999965e+08 2.047256900000000000e+07 6.091883750000000000e+05
9.892539823999999464e+07 1.100277882520000041e+08 1.794643000000000000e+07 1.715428571159999967e+08
5.649831800999999046e+07 2.084716700000000000e+08 2.385254700000000000e+07 3.431062189999999851e+07
1.047154031500000209e+08 1.041617465189999938e+08 1.746497900000000000e+07 2.124338803298999965e+08
9.490753312000000477e+07 1.856472630000000000e+08 1.616704800000000000e+07 6.675255500000000000e+07
1.082040284699999988e+08 1.110969541749999970e+08 1.865212000000000000e+07 4.846722679999999818e+05
1.249496778900000453e+08 1.075983342699999958e+08 1.748202700000000000e+07 1.957468111000000034e+06
1.391074334600000083e+08 9.292345609999999404e+07 1.538814400000000000e+07 1.545865642199999988e+08
9.944176911100000143e+07 1.380173818000000119e+08 1.755307500000000000e+07 1.617905840599999949e+07
8.181095492000000179e+07 1.276593887600000054e+08 2.103107700000000000e+07 1.475913965000000084e+06
1.126490575999999940e+08 1.548851290000000000e+08 1.575920500000000000e+07 3.173919880000000075e+07
1.269243482409999967e+08 9.404333763750000298e+07 1.593922700000000000e+07 1.935708521266799867e+08
1.271903841899999976e+08 9.773765926000000536e+07 1.628632000000000000e+07 1.118206362900000066e+08
1.147865878199999928e+08 1.140098189099999964e+08 1.771743600000000000e+07 4.246146580000000075e+06
1.283767871600000411e+08 1.450550220000000000e+08 1.505237300000000000e+07 3.774866270000000298e+07
9.924891920999999344e+07 1.150387905579999983e+08 1.927049100000000000e+07 5.195540270000000019e+05
1.328008124200000167e+08 1.044071635000000000e+08 1.487884500000000000e+07 2.219583775000000000e+08
1.008702244400000423e+08 1.585848003000000119e+08 1.601705700000000000e+07 1.203185435999999940e+08
7.428522810999998450e+07 1.632921191999999881e+08 2.016837000000000000e+07 2.118645457000000030e+07
1.104907641500000060e+08 1.651797210000000000e+08 1.544839700000000000e+07 5.216624360000000149e+07
1.169943112590000033e+08 9.769197535250000656e+07 1.652027400000000000e+07 2.023133892161999941e+08
1.066643903700000048e+08 1.594935830000000000e+08 1.604980300000000000e+07 3.209197235000000149e+07
8.313790915999998152e+07 1.245804113700000048e+08 2.108501800000000000e+07 5.833936229000000283e+06
1.017160320999999940e+08 1.179508522699999958e+08 1.861347200000000000e+07 3.547005009999999776e+06
8.958952450000000000e+07 1.377642090999999940e+08 1.868098200000000000e+07 1.283283686500000022e+07
1.284592841099999994e+08 1.001686733299999982e+08 1.535412000000000000e+07 1.986272392400000095e+08
7.040815722199998796e+07 1.357644280513100028e+08 2.293518000000000000e+07 3.654841826088000089e+07
1.177140473419999927e+08 1.034808367569999993e+08 1.736363200000000000e+07 5.445569148099999875e+07
1.319340312000000030e+08 1.002724287999999970e+08 1.625190500000000000e+07 7.590973629999999702e+07
8.127857547999998927e+07 1.276859892970000058e+08 2.145564100000000000e+07 5.441044160000000848e+05
1.195098556599999964e+08 1.492634389000000060e+08 1.497083600000000000e+07 1.143915707000000030e+08
1.014135746270000041e+08 1.098784305150000006e+08 1.761981000000000000e+07 1.500927868230000138e+08
1.246376263799999952e+08 1.298963816099999994e+08 1.535153200000000000e+07 7.700434264000000060e+07
8.547251072999998927e+07 1.239199814229999930e+08 2.078270300000000000e+07 6.396138790000000736e+05
1.400056733700000048e+08 9.025019298000000417e+07 1.529779400000000000e+07 1.830530258449999988e+08
8.686351345999999344e+07 1.882818860000000000e+08 1.713793300000000000e+07 4.422544879999999702e+07
1.305386946000000238e+08 9.311120747499999404e+07 1.580617700000000000e+07 1.800739613070000112e+08
8.591998058000001311e+07 1.401048059000000060e+08 1.911695200000000000e+07 1.251172089800000004e+07
9.591332534999999404e+07 1.195988239099999964e+08 1.916963300000000000e+07 2.620817149999999907e+06
1.075501941099999994e+08 1.793713010000000000e+08 1.537829200000000000e+07 6.559133200000000000e+07
1.228617484720000029e+08 9.559528030339999497e+07 1.612640000000000000e+07 1.998618902687000036e+08
6.328974299000000209e+07 2.192315690000000000e+08 2.101893600000000000e+07 5.086931779999999702e+07
9.957449601000000536e+07 1.749802420000000000e+08 1.613931100000000000e+07 4.199912260000000149e+07
8.548638471999998391e+07 1.671721720000000000e+08 1.793889300000000000e+07 2.987302846999999881e+07
1.222330102699999958e+08 1.538463290000000000e+08 1.522832300000000000e+07 3.143541263699999824e+07
6.246304756300000101e+07 1.495716509699999988e+08 2.466247900000000000e+07 1.744321026000000071e+06
9.501706065000000596e+07 1.138835314000000060e+08 1.901566500000000000e+07 4.852300248799999803e+07
7.699011807400000095e+07 1.326147372000000030e+08 2.165893900000000000e+07 2.111886156200000085e+06
1.117047829380000234e+08 1.002824653906999975e+08 1.686475900000000000e+07 2.006887553528000116e+08
9.638131143999999762e+07 1.147303849399999976e+08 1.921774700000000000e+07 1.808670285999999940e+07
1.143907050699999928e+08 1.553675270000000000e+08 1.565357000000000000e+07 3.105961748000000045e+07
1.311047956899999529e+08 1.309448795999999940e+08 1.497093100000000000e+07 7.579042284000000358e+07
8.502745630200000107e+07 1.278988697300000042e+08 2.019300600000000000e+07 3.659886349599999841e+06
7.941123563999998569e+07 1.262642352399999946e+08 2.117287700000000000e+07 4.033889762099999934e+07
1.065689204870000035e+08 1.249940767000000030e+08 1.763767600000000000e+07 9.554227125000000000e+06
1.059835547000000179e+08 1.052527740499999970e+08 1.748364900000000000e+07 1.331699313599999994e+08
1.229051068200000226e+08 1.142207397999999970e+08 1.707736800000000000e+07 6.169826679999999702e+06
7.102485601999999583e+07 1.390163933180000186e+08 2.339917300000000000e+07 4.239804799999999814e+05
7.284296660500000417e+07 1.370184813600000143e+08 2.238297300000000000e+07 2.118258611500000115e+06
7.818155171000000834e+07 1.366226095000000000e+08 2.088387400000000000e+07 6.085551702999999747e+06
1.164324282600000054e+08 1.095707401200000048e+08 1.799516600000000000e+07 1.360848835999999894e+06
1.341908623799999952e+08 9.440755254799999297e+07 1.531558400000000000e+07 1.925122296509999931e+08
1.191963790799999982e+08 1.682797810000000000e+08 1.499088600000000000e+07 4.614598050000000000e+07
1.225612453100000471e+08 1.032404480699999928e+08 1.721097500000000000e+07 3.994418107999999821e+07
9.224496170000000298e+07 1.447088379000000060e+08 1.799447000000000000e+07 1.803934926900000125e+07
1.059196222090000063e+08 1.099371606200000048e+08 1.845729800000000000e+07 2.230911293299999833e+07
5.796009211999999732e+07 1.641231725000000000e+08 2.504429800000000000e+07 7.733244259999999776e+06
6.470457731949999928e+07 1.448925040979999900e+08 2.440791800000000000e+07 7.730326028599999845e+06
1.138394709500000030e+08 1.762761480000000000e+08 1.505844200000000000e+07 6.498325500000000000e+07
9.071162913799999654e+07 1.267983692000000030e+08 1.927293000000000000e+07 5.589112074000000954e+06
1.027911734899999946e+08 1.820207650000000000e+08 1.564136600000000000e+07 6.691762300000000000e+07
1.176283124039999843e+08 9.748528699120000005e+07 1.648177400000000000e+07 1.976728987429800034e+08
9.164839173999999464e+07 1.167877609360000044e+08 1.967360800000000000e+07 2.239609108100000024e+07
6.637385661999998242e+07 1.475862613700000048e+08 2.320417900000000000e+07 4.651046366999999620e+06
8.729959699799999595e+07 1.274899287999999970e+08 1.974888000000000000e+07 4.886981855999999680e+06
1.103191467530000061e+08 1.306768455000000000e+08 1.700039100000000000e+07 1.427217430100000091e+07
7.165929757173998654e+07 1.345271771661709845e+08 2.267738600000000000e+07 2.701548258312200010e+07
1.110540317399999946e+08 1.358643190000000000e+08 1.666787000000000000e+07 1.860358796000000089e+07
7.092737562999999523e+07 1.754848600999999940e+08 2.040584000000000000e+07 2.669500821000000089e+07
9.875078398999999464e+07 1.101008269599999934e+08 1.841787600000000000e+07 8.821237944300000370e+07
1.241242253900000006e+08 1.035885672000000030e+08 1.608163800000000000e+07 1.178598154000000060e+08
9.803157723700000346e+07 1.090174918869999945e+08 1.830773900000000000e+07 1.605151120433999896e+08
1.009966711500000060e+08 1.690416740000000000e+08 1.606099100000000000e+07 4.896465779999999702e+07
8.752417881599998474e+07 1.499848259000000060e+08 1.835156900000000000e+07 1.963183185999999940e+07
1.197601319300000072e+08 1.077842004000000060e+08 1.560609400000000000e+07 2.234454830300000012e+08
9.266598816500000656e+07 1.134031810664999932e+08 1.910449100000000000e+07 1.428714509702000022e+08
8.507468793999999762e+07 1.920537550000000000e+08 1.722206100000000000e+07 6.277678900000000000e+07
5.001754621999999881e+07 2.709747015000000000e+08 3.797647200000000000e+07 2.107779620000000298e+07
1.034799514899999946e+08 1.118797469249999970e+08 1.896065400000000000e+07 5.186655015999999829e+06
1.407875753299999833e+08 9.312741540000000596e+07 1.505012600000000000e+07 1.804341470000000000e+08
1.266223181500000060e+08 1.169691080000000000e+08 1.627113000000000000e+07 3.274630589999999851e+07
8.122425713000001013e+07 1.993449810000000000e+08 1.772337300000000000e+07 6.279843500000000000e+07
1.147993870900000036e+08 1.177737042999999970e+08 1.743304000000000000e+07 6.796747210000000894e+06
1.184281210100000054e+08 1.673235560000000000e+08 1.491248100000000000e+07 5.930978200000000000e+07
1.189768377660000026e+08 9.798362457799999416e+07 1.625340500000000000e+07 2.058322158729999959e+08
7.506151063300000131e+07 1.357507907500000000e+08 2.178462000000000000e+07 3.324067575999999885e+06
1.264700966519999951e+08 9.714000959600000083e+07 1.567107500000000000e+07 2.032387961739999950e+08
9.680410662000000477e+07 1.150550517999999970e+08 1.945117500000000000e+07 5.348024453999999911e+06
6.456518471500000358e+07 1.470634442399999797e+08 2.401791000000000000e+07 2.298181183800000232e+06
6.897274460999999940e+07 1.409041799089999795e+08 2.336845500000000000e+07 1.273258773999999976e+06
9.518038355599999428e+07 1.286808607999999970e+08 1.853258000000000000e+07 8.762936824000000954e+06
1.174706902150000036e+08 1.057100223770000041e+08 1.779553400000000000e+07 2.056910611499999836e+07
7.479134108999998868e+07 2.023856820000000000e+08 1.878407600000000000e+07 5.721639900000000000e+07
1.047454777000000030e+08 1.673711350000000000e+08 1.597333100000000000e+07 3.605997272999999672e+07
1.103546312000000030e+08 1.030073602500000000e+08 1.720355100000000000e+07 1.301088524919999987e+08
7.627867621999999881e+07 2.019658740000000000e+08 1.857596400000000000e+07 4.703638839999999851e+07
5.762704592999999970e+07 2.131808550000000000e+08 2.324693500000000000e+07 3.867344779999999702e+07
5.626572496999999881e+07 2.377772613359999955e+08 3.886932300000000000e+07 5.977932119999999413e+05
1.339060553700000197e+08 1.005248389000000060e+08 1.563297000000000000e+07 1.140920509000000060e+08
1.092720707900000066e+08 1.561309520000000000e+08 1.547276800000000000e+07 1.204249217999999970e+08
9.066154541599999368e+07 1.795681100000000000e+08 1.686380900000000000e+07 4.048133120000000298e+07
8.928862541999998689e+07 1.321595097000000030e+08 1.907194800000000000e+07 8.879128708000000566e+06
9.422984314000000060e+07 1.147926287970000058e+08 1.929599600000000000e+07 3.280005019900000095e+07
9.567924626800000668e+07 1.631491186999999881e+08 1.638984300000000000e+07 1.236272840999999940e+08
1.285054233799999952e+08 1.251185688700000048e+08 1.552097300000000000e+07 5.508225367999999970e+07
9.719058412000000477e+07 1.173514952099999934e+08 1.922300500000000000e+07 1.638883562000000151e+06
1.092283539200000018e+08 1.089358830900000036e+08 1.649081600000000000e+07 2.287892819399999976e+08
9.875234362999999523e+07 1.559029950000000000e+08 1.683107300000000000e+07 2.738838601500000060e+07
5.546652765999999642e+07 1.991248746999999881e+08 2.460551700000000000e+07 2.735346760000000149e+07
8.735771962999999523e+07 1.192206576899999976e+08 1.983599800000000000e+07 5.858423960999999940e+07
9.511123909000000358e+07 1.493231090000000000e+08 1.743552700000000000e+07 2.313905158999999985e+07
6.640811789000000060e+07 1.799031533000000119e+08 2.128760500000000000e+07 2.647757114999999851e+07
8.298690463000001013e+07 1.973541030000000000e+08 1.748214300000000000e+07 5.823809500000000000e+07
6.134013604000000656e+07 2.135374520000000000e+08 2.158065000000000000e+07 4.438885579999999702e+07
5.224752940999999642e+07 2.454402844399999976e+08 3.879590300000000000e+07 4.704153023000000045e+06
1.187370597300000042e+08 9.840205976000000536e+07 1.652759300000000000e+07 1.573937362229999900e+08
5.973932377000000328e+07 1.999822610000000000e+08 2.236098600000000000e+07 3.440944700000000000e+07
1.018804999800000191e+08 1.154248717699999958e+08 1.713387600000000000e+07 2.036522928799999952e+08
1.253007883799999952e+08 1.418757180000000000e+08 1.544407000000000000e+07 2.612294750000000000e+07
1.258892955960000008e+08 1.014330549290000051e+08 1.708078200000000000e+07 4.285500925400000066e+07
1.144798692500000000e+08 1.081793451299999952e+08 1.834739500000000000e+07 1.555021144000000088e+06
1.082426951099999994e+08 1.031257673359600008e+08 1.723894600000000000e+07 1.572116039994899929e+08
1.261127439189999998e+08 1.032125260890000015e+08 1.744688300000000000e+07 1.614307816960000060e+07
1.376700276700000167e+08 9.139090510999999940e+07 1.540553400000000000e+07 1.749122757400000095e+08
1.264963806900000423e+08 1.137399780000000000e+08 1.661197400000000000e+07 2.225738880000000075e+07
6.757495650000000000e+07 2.124990040000000000e+08 2.011183700000000000e+07 5.369699870000000298e+07
1.410725888100000322e+08 9.064759414000000060e+07 1.529813800000000000e+07 1.723082767400000095e+08
5.015698671999999881e+07 2.637286050000000000e+08 3.828643800000000000e+07 1.593714941999999993e+07
6.054708994699999690e+07 1.535659953000000119e+08 2.470731800000000000e+07 3.614896259999999776e+06
8.692188045600000024e+07 1.454216473899999857e+08 1.837892400000000000e+07 5.606135302300000191e+07
8.909936620999999344e+07 1.857194500000000000e+08 1.687160400000000000e+07 4.527452310000000149e+07
9.644445994799998403e+07 1.415486648300000131e+08 1.719042100000000000e+07 6.915368656999999285e+07
1.236001507889999598e+08 1.288528395999999940e+08 1.616654000000000000e+07 1.586905993839999847e+07
7.013314865399999917e+07 1.401620991699999869e+08 2.282598700000000000e+07 2.717525802999999840e+06
5.841408775699999928e+07 1.603691181999999881e+08 2.595168600000000000e+07 2.975984063000000082e+06
1.241349704717999995e+08 9.593379912848000228e+07 1.602174200000000000e+07 1.863168913542000055e+08
6.482795176900000125e+07 1.453578331459999979e+08 2.377503700000000000e+07 4.268593255099999905e+07
1.066210928199999928e+08 1.314744700000000000e+08 1.669860800000000000e+07 6.181451100000000000e+07
8.405713273999999464e+07 1.955151630000000000e+08 1.735080700000000000e+07 5.548239270000000298e+07
8.563124520999999344e+07 1.451214934000000060e+08 1.887036100000000000e+07 1.595553708999999985e+07
1.062569041299999952e+08 1.548175431999999881e+08 1.568393900000000000e+07 1.172494575999999940e+08
5.592006540000000596e+07 1.720772335000000000e+08 2.586690000000000000e+07 9.210711289999999106e+06
1.098526364889999926e+08 1.009723146920000017e+08 1.704173100000000000e+07 2.099910274801999927e+08
1.308246332600000054e+08 9.789528203000000119e+07 1.624702300000000000e+07 9.152689065999999642e+07
9.587633695000001788e+07 1.135950855000000000e+08 1.865690200000000000e+07 7.121050020000000298e+07
6.673265079999999702e+07 1.586721545000000000e+08 2.222043200000000000e+07 1.290953839000000060e+07
6.229794223900000006e+07 1.468425346920000017e+08 2.471475500000000000e+07 2.150825648020000011e+07
9.448467571999999881e+07 1.118681527917000055e+08 1.883305700000000000e+07 1.481871857037000060e+08
9.820249054999999702e+07 1.282465311599999964e+08 1.804422700000000000e+07 2.175182246000000089e+07
1.176596538100000024e+08 1.043145148100000024e+08 1.598944300000000000e+07 1.960109678400000036e+08
1.291682066070000231e+08 1.008318444699999988e+08 1.684490900000000000e+07 4.580870073300000280e+07
6.050915477599999309e+07 1.660575318000000119e+08 2.359972000000000000e+07 1.258799450999999978e+07
7.098159860999998450e+07 1.922726880000000000e+08 1.980537200000000000e+07 3.930875850000000000e+07
1.392441221669999957e+08 9.350226475399999321e+07 1.503776700000000000e+07 1.943566320920000076e+08
8.220875581999999285e+07 1.689035745999999940e+08 1.823861200000000000e+07 8.741032521999999881e+07
1.295717236099999845e+08 1.430383345999999940e+08 1.455194600000000000e+07 1.083009977999999970e+08
5.062348877000000328e+07 2.563232085000000000e+08 3.854228900000000000e+07 1.112634116000000015e+07
8.126527426000000536e+07 1.436610139000000060e+08 1.974771300000000000e+07 1.264714080100000091e+07
1.023387242800000012e+08 1.101210222399999946e+08 1.836340500000000000e+07 4.958048822399999946e+07
