1.131304388599999994e+08 1.470221260000000000e+08 1.604629700000000000e+07 2.529315213500000164e+07
1.229860538700000048e+08 1.194065409000000060e+08 1.674345000000000000e+07 9.419499400000000373e+06
1.383135374499999881e+08 1.010276019000000060e+08 1.494381900000000000e+07 1.597232618600000143e+08
1.189991005509999990e+08 1.071657471759999990e+08 1.806336200000000000e+07 2.883757861000000266e+05
9.717564309000000358e+07 1.115148667999999970e+08 1.855710100000000000e+07 8.103939178499999642e+07
1.268891113040000051e+08 1.508992010000000000e+08 1.506615800000000000e+07 3.040469535999999940e+07
1.154810510499999970e+08 1.079464857000000030e+08 1.787441700000000000e+07 1.549595132000000030e+07
1.248028880919999778e+08 1.385852600000000000e+08 1.563616800000000000e+07 2.243913095499999821e+07
1.078614281400000155e+08 1.184168500999999940e+08 1.797693600000000000e+07 5.427505629999999888e+06
1.132149584800000042e+08 9.931877756170000136e+07 1.677524300000000000e+07 2.074645156595999897e+08
5.628162760999999940e+07 2.377652930780000091e+08 3.886907800000000000e+07 5.925058409999998985e+05
1.065869795900000036e+08 1.145042057699999958e+08 1.842344000000000000e+07 2.447805700000000186e+06
9.384648388699999452e+07 1.297505687999999970e+08 1.862678600000000000e+07 8.938493305999999866e+06
1.220020816900000423e+08 1.607525130000000000e+08 1.504577100000000000e+07 3.625611763000000268e+07
1.258967996599999964e+08 1.026517606979999989e+08 1.735188600000000000e+07 2.393477005550000072e+07
1.365609107400000095e+08 9.406077359999999404e+07 1.552303500000000000e+07 1.459441924900000095e+08
1.251995989099999964e+08 1.263548734000000060e+08 1.620648600000000000e+07 1.452243019999999925e+07
1.177709825400000066e+08 1.018150006899999976e+08 1.606669600000000000e+07 2.144898076829999983e+08
1.320812873079999983e+08 9.248267062970000505e+07 1.565114000000000000e+07 1.932250799830000103e+08
9.644448412100000679e+07 1.367688340999999940e+08 1.793272300000000000e+07 1.423397664100000076e+07
1.090303562099999934e+08 1.434111450000000000e+08 1.650180900000000000e+07 2.190072580600000173e+07
1.150253755600000024e+08 1.172572950000000000e+08 1.746890700000000000e+07 6.264099399999999441e+06
1.037120463700000048e+08 1.459584890000000000e+08 1.681611100000000000e+07 2.219554993499999866e+07
9.836596873999999464e+07 1.613163575000000000e+08 1.617519200000000000e+07 1.229543987999999970e+08
1.336725576599999964e+08 1.013045754000000060e+08 1.493643100000000000e+07 2.140577479600000083e+08
1.083984006299999952e+08 1.762430110000000000e+08 1.535634300000000000e+07 6.407215400000000000e+07
1.245194422900000066e+08 1.082020563100000024e+08 1.745854700000000000e+07 2.233836500000000000e+06
1.255616735300000012e+08 9.688953493400000036e+07 1.628015300000000000e+07 1.330029028410000056e+08
9.886428489000000060e+07 1.780593700000000000e+08 1.613763400000000000e+07 4.374083860000000149e+07
7.614317045700000226e+07 1.293390397536000013e+08 2.177068600000000000e+07 4.645523748494999856e+07
5.632866659000000358e+07 1.689489545999999940e+08 2.594119300000000000e+07 7.368974820000000298e+06
8.503572445000010729e+07 1.243338265269999951e+08 2.088633200000000000e+07 5.371097449999999953e+05
1.031090419099999815e+08 1.161577851599999964e+08 1.862702700000000000e+07 2.695756419999999925e+06
1.090326799899999946e+08 1.712786580000000000e+08 1.559621200000000000e+07 4.018681660000000149e+07
9.381609960999999940e+07 1.178615785310000032e+08 1.980603900000000000e+07 4.363525100000000093e+05
9.679048100999997556e+07 1.646268810000000000e+08 1.670169800000000000e+07 3.231641129000000283e+07
1.355105709670000076e+08 9.137187884249000251e+07 1.550883300000000000e+07 1.888568083801099956e+08
7.924591243699999154e+07 1.334131634099999964e+08 2.095653100000000000e+07 4.174127143999999855e+06
1.294956794699999988e+08 1.372152808000000119e+08 1.473855000000000000e+07 9.059744459999999404e+07
1.199702415310000032e+08 1.035147950900000036e+08 1.737439600000000000e+07 4.171393519799999893e+07
1.251764442800000161e+08 1.048297913700000048e+08 1.779628700000000000e+07 8.636819599999999627e+05
1.269243482409999967e+08 9.404333763750000298e+07 1.593922700000000000e+07 1.935708521266799867e+08
1.235825864000000060e+08 1.029581646099999994e+08 1.552913300000000000e+07 2.158907357700000107e+08
1.354624684800000191e+08 9.468355179999999702e+07 1.560533700000000000e+07 1.401962482100000083e+08
1.082980900300000012e+08 1.584799470000000000e+08 1.596425100000000000e+07 3.180198773000000045e+07
9.971537484000000358e+07 1.204111825999999940e+08 1.864331100000000000e+07 4.380896459999999963e+06
8.253710223000000417e+07 1.571306465300000012e+08 1.861512200000000000e+07 7.281186631999999285e+07
1.287193449099999964e+08 1.453718310000000000e+08 1.499676300000000000e+07 4.059978179999999702e+07
1.190187449200000167e+08 1.145002267999999970e+08 1.734365000000000000e+07 5.514557910000000149e+06
9.108088695999999344e+07 1.682827430000000000e+08 1.717103500000000000e+07 3.261205919999999925e+07
1.139209711200000048e+08 1.132959865499999970e+08 1.786711800000000000e+07 3.321846759999999776e+06
8.875455537999999523e+07 1.440864204000000060e+08 1.847055500000000000e+07 1.630115502500000037e+07
1.297304823850000203e+08 9.573145948000000417e+07 1.552815900000000000e+07 2.005477688580000103e+08
1.227089859239999950e+08 9.552053972830000520e+07 1.616075400000000000e+07 1.986061782475999892e+08
1.161711636289999932e+08 1.423454470000000000e+08 1.603352500000000000e+07 2.290934191899999976e+07
1.222779002099999934e+08 1.376432064000000060e+08 1.513573900000000000e+07 9.144868865000000596e+07
1.127504118900000006e+08 1.616353180000000000e+08 1.557789100000000000e+07 3.439327700999999791e+07
5.513289003899999708e+07 1.951022845000000000e+08 2.496474800000000000e+07 2.437670139999999851e+07
8.959757160999999940e+07 1.579728780000000000e+08 1.772269700000000000e+07 2.560702767000000179e+07
1.146511430400000066e+08 1.368900628000000119e+08 1.577090100000000000e+07 7.495287226000000536e+07
1.036488846079999954e+08 1.393327225999999940e+08 1.711647100000000000e+07 1.804460330099999905e+07
8.720020867000000179e+07 1.672628170000000000e+08 1.767857300000000000e+07 3.062847258999999985e+07
1.075247149699999988e+08 1.115150216379999965e+08 1.866953300000000000e+07 5.459875629999999655e+05
1.293116250000000000e+08 1.014731639000000060e+08 1.580621100000000000e+07 1.204959605000000000e+08
1.126901497399999946e+08 1.519128139000000060e+08 1.532412100000000000e+07 1.107028722000000030e+08
1.048309807800000012e+08 1.805529290000000000e+08 1.558086400000000000e+07 5.840784400000000000e+07
1.257275605500000417e+08 1.241429060999999940e+08 1.609929300000000000e+07 2.576959250000000000e+07
1.316169592600000054e+08 1.356181254000000060e+08 1.472025400000000000e+07 8.572268579999999702e+07
6.788842254999999702e+07 1.428031174800000191e+08 2.339607100000000000e+07 1.871102334000000032e+06
1.177867876800000072e+08 1.513306290000000000e+08 1.557649900000000000e+07 2.906537798600000143e+07
9.354327696699999273e+07 1.281484107999999970e+08 1.878726200000000000e+07 7.583512044099999592e+06
9.935437823999999464e+07 1.405504788000000119e+08 1.743478900000000000e+07 1.783550971099999920e+07
5.001735615000000596e+07 2.711987271000000238e+08 3.796548300000000000e+07 2.124521450000000000e+07
6.609554865259999782e+07 1.411954801522200108e+08 2.383517100000000000e+07 3.466578601246999949e+07
1.324690684400000423e+08 9.411142081999999285e+07 1.578057200000000000e+07 1.498387538899999857e+08
9.155556762000000477e+07 1.196461542530000061e+08 1.987162000000000000e+07 9.265655749999999534e+05
1.169463918750000000e+08 1.077315579009999931e+08 1.822581400000000000e+07 2.146484338000000280e+05
1.232664505100000054e+08 1.095818885000000000e+08 1.741788700000000000e+07 3.039033740000000224e+06
8.890181815999999642e+07 1.329935510999999940e+08 1.908294000000000000e+07 9.155401419999999925e+06
6.467754314800000191e+07 1.472942147700000107e+08 2.391458600000000000e+07 2.619355351999999490e+06
1.037747854699999988e+08 1.619874340000000000e+08 1.618540300000000000e+07 3.313146557000000030e+07
6.054239944300000370e+07 1.535888902700000107e+08 2.470550100000000000e+07 3.629242683000000194e+06
1.121093293690000176e+08 1.304722414000000060e+08 1.687776900000000000e+07 1.448181602319999970e+07
1.061900324099999964e+08 1.551676809000000060e+08 1.568251600000000000e+07 1.178063642000000030e+08
9.574739276000000536e+07 1.868545940000000000e+08 1.613149500000000000e+07 6.000930400000000000e+07
8.776366342900002003e+07 1.222147054590000063e+08 2.032496600000000000e+07 1.008111991999999969e+06
1.195658578349999934e+08 9.682649573090000451e+07 1.632294400000000000e+07 2.001135613228999972e+08
9.587363253000000119e+07 1.184610363100000024e+08 1.928422500000000000e+07 1.903173408999999985e+06
1.112132719699999988e+08 1.050468858639999926e+08 1.758522700000000000e+07 7.072638831700000167e+07
1.391992585130000114e+08 9.433604570000000298e+07 1.498214200000000000e+07 1.970550201310000122e+08
9.657047628000000119e+07 1.134620088400000036e+08 1.884711400000000000e+07 4.674086527000000328e+07
1.067090004930000007e+08 1.036142601949999928e+08 1.718529300000000000e+07 2.169172584790000021e+08
1.179683118499999940e+08 1.638883860000000000e+08 1.501734200000000000e+07 5.350072500000000000e+07
9.041659932899999619e+07 1.153953217716999948e+08 1.944791300000000000e+07 1.367370520521999896e+08
7.084938240000000596e+07 1.387352116669999957e+08 2.326607200000000000e+07 6.916395000000000000e+05
1.010150998400000036e+08 1.702874090000000000e+08 1.618211700000000000e+07 3.688472860000000149e+07
7.765411809000000358e+07 1.702044800000000000e+08 1.918982200000000000e+07 2.770947037000000104e+07
1.059873457399999946e+08 1.210978237000000030e+08 1.795026200000000000e+07 6.751821880000000820e+06
6.232563963700000197e+07 1.465671503786999881e+08 2.466013800000000000e+07 3.133726349729999900e+07
8.925786034999999404e+07 1.226229706800000072e+08 1.987864100000000000e+07 2.265993959999999963e+06
1.132680366650000066e+08 1.290245232000000030e+08 1.686706200000000000e+07 1.382579779319999926e+07
9.960159629000000656e+07 1.147732692370000035e+08 1.929010200000000000e+07 3.899906979999999749e+05
1.098227464800000042e+08 1.059291539000000060e+08 1.711668600000000000e+07 1.187829370999999940e+08
9.166556812000000477e+07 1.160492350289999992e+08 1.950571800000000000e+07 3.968092585800000280e+07
8.071720806999999285e+07 1.283119885090000033e+08 2.148092000000000000e+07 5.911471869999999180e+05
1.289550647099999934e+08 9.476440478000000119e+07 1.591772400000000000e+07 1.594196707299999893e+08
1.164427219200000167e+08 1.063159662399999946e+08 1.593295100000000000e+07 2.178608066500000060e+08
1.168227991400000006e+08 9.776368244589999318e+07 1.652855700000000000e+07 2.031717639435999990e+08
1.291965269899999797e+08 1.016448105600000024e+08 1.520367500000000000e+07 2.127477847800000012e+08
1.162596019899999946e+08 1.753596410000000000e+08 1.494181900000000000e+07 6.477143900000000000e+07
1.253219617999999970e+08 1.182096189000000060e+08 1.668840900000000000e+07 8.943282799999998882e+06
1.125409746800000072e+08 1.017652911700000018e+08 1.703864000000000000e+07 1.355111599860000014e+08
8.731061261100000143e+07 1.182668580652000010e+08 1.986334100000000000e+07 1.216156340083000064e+08
8.738305005199998617e+07 1.273058223100000024e+08 1.975613100000000000e+07 4.684729567000000738e+06
1.042553573700000197e+08 1.812595180000000000e+08 1.556638500000000000e+07 6.429974000000000000e+07
1.232576667000000030e+08 1.078624285999999940e+08 1.536248400000000000e+07 2.278476219000000060e+08
5.351991360199999809e+07 2.415110585399999917e+08 3.885636000000000000e+07 2.511709915099999867e+06
1.326483080419999808e+08 9.683968103900000453e+07 1.621843500000000000e+07 9.248896171199999750e+07
9.570947640999999642e+07 1.110329538850000054e+08 1.855812500000000000e+07 1.547443220072000027e+08
1.332727981800000072e+08 1.003755915000000000e+08 1.566166300000000000e+07 1.152949352000000030e+08
1.383081668269999921e+08 9.270838519400000572e+07 1.558545100000000000e+07 1.433138961220000088e+08
6.473869861900000274e+07 1.464263775359999835e+08 2.440214700000000000e+07 1.019667670000000042e+06
1.397811240700000226e+08 9.089376181999999285e+07 1.526291900000000000e+07 1.801149536200000048e+08
7.489856803999999166e+07 1.513302013000000119e+08 2.062569700000000000e+07 1.392213328999999911e+07
7.397302241200000048e+07 1.368240581800000072e+08 2.200299300000000000e+07 3.050070236000000034e+06
9.322944260999999940e+07 1.831880000000000000e+08 1.648876700000000000e+07 4.671605370000000298e+07
1.095558735759000033e+08 1.025113112253700048e+08 1.712927100000000000e+07 1.576013429942499995e+08
1.281923169899999946e+08 1.215516490900000036e+08 1.584668100000000000e+07 4.288545174000000209e+07
5.758440235999999940e+07 1.629515743300000131e+08 2.605955500000000000e+07 3.929699989000000060e+06
1.287203557999999970e+08 1.023191177999999970e+08 1.680637800000000000e+07 4.311836871999999881e+07
1.294447820020000041e+08 9.965693450900000334e+07 1.668774300000000000e+07 5.923624155200000107e+07
1.056241859899999946e+08 1.052419618400000036e+08 1.761351000000000000e+07 1.254583749619999975e+08
7.171482384999999404e+07 1.379507602809999883e+08 2.288521000000000000e+07 1.025243479999999981e+06
9.371464910999999940e+07 1.609585490000000000e+08 1.707246800000000000e+07 3.341794430000000075e+07
8.057493356999999285e+07 1.251474387399999946e+08 2.107753200000000000e+07 3.270422027199999988e+07
8.290781323999999464e+07 1.264063716009999961e+08 2.099251600000000000e+07 9.899552449999999953e+05
7.854017231999999285e+07 1.281665340170000046e+08 2.153724300000000000e+07 1.361199162600000016e+07
1.126267952300000042e+08 1.066057372500000000e+08 1.625880400000000000e+07 2.243186061999999881e+08
1.099729830499999970e+08 1.520484930000000000e+08 1.602120200000000000e+07 3.106422939999999851e+07
6.064535515999999642e+07 2.067869790000000000e+08 2.190895200000000000e+07 3.939454840000000596e+07
1.265073761800000072e+08 1.481186980000000000e+08 1.502253900000000000e+07 3.967599820000000298e+07
7.038808139000000060e+07 1.359979543499999940e+08 2.300664000000000000e+07 2.344573524500000104e+07
5.857498275999999791e+07 1.697097748000000119e+08 2.404203300000000000e+07 1.357438059999999963e+07
1.236739624179999977e+08 1.040295492099999934e+08 1.580952200000000000e+07 1.508288094699999988e+08
9.073202643000000715e+07 1.297254039000000060e+08 1.905034000000000000e+07 7.597737679999999702e+06
1.411254978799999952e+08 9.056419590000000596e+07 1.529933300000000000e+07 1.727614028899999857e+08
9.575226404099999368e+07 1.643051688000000119e+08 1.636208700000000000e+07 1.258883652000000030e+08
9.850671466599999368e+07 1.324683999000000060e+08 1.794206800000000000e+07 1.232082188099999912e+07
1.074847014899999946e+08 1.091311478100000024e+08 1.668382300000000000e+07 2.271863095699999928e+08
5.002627793999999762e+07 2.693080371000000238e+08 3.805118900000000000e+07 1.985132580000000075e+07
1.213368951599999964e+08 1.409804200000000000e+08 1.565452900000000000e+07 2.991816139999999851e+07
1.049492385600000024e+08 1.113675899099999964e+08 1.688569200000000000e+07 2.256717908600000143e+08
1.150456797699999809e+08 1.119235053799999952e+08 1.788610000000000000e+07 2.689350430000000168e+06
5.071373638999999315e+07 2.553628596999999881e+08 3.857434600000000000e+07 1.052801577999999933e+07
8.995863557999999821e+07 1.429390615000000000e+08 1.815763900000000000e+07 3.480533642000000179e+07
1.018812569679999948e+08 1.061744118550000042e+08 1.780410400000000000e+07 1.798625441689000130e+08
1.392843045370000005e+08 9.636332195000000298e+07 1.499684900000000000e+07 1.721201836380000114e+08
5.221093454999999702e+07 2.455950980800000131e+08 3.879336500000000000e+07 4.791097708999999799e+06
7.388948257000000775e+07 1.318398000100000054e+08 2.227619500000000000e+07 3.071197401399999857e+07
1.120817191420000196e+08 9.999135777099999785e+07 1.682364900000000000e+07 2.114333534909999967e+08
8.348079848299999535e+07 1.219298654884999990e+08 2.041524100000000000e+07 9.221506179309999943e+07
7.728334244999998808e+07 1.326420200699999928e+08 2.156515000000000000e+07 2.305179935900000390e+06
1.080584376870000064e+08 1.319497520000000000e+08 1.711186000000000000e+07 1.455812792999999970e+07
9.963710207999999821e+07 1.737350500000000000e+08 1.610629500000000000e+07 4.542980939999999851e+07
8.531329066000112891e+07 1.353520950999999940e+08 1.950452300000000000e+07 9.306966722999999300e+06
8.774457237000000477e+07 1.781817030000000000e+08 1.725578800000000000e+07 3.776460578000000119e+07
9.073577246999999881e+07 1.910363280000000000e+08 1.653125700000000000e+07 5.793902500000000000e+07
