1.250068105100000054e+08 1.046140011819999963e+08 1.777908000000000000e+07 1.984831331999999937e+06
1.265821179430000186e+08 1.028060412830000073e+08 1.736862100000000000e+07 1.994414072890000045e+07
1.258305279599999934e+08 1.256269739000000060e+08 1.622085100000000000e+07 1.407823669999999925e+07
1.072957389189999998e+08 1.283809767999999970e+08 1.736918000000000000e+07 1.210584056299999915e+07
1.226977171300000399e+08 1.206983170000000000e+08 1.667593600000000000e+07 1.032389459999999963e+07
1.088224124650000036e+08 1.077624162049999982e+08 1.809933100000000000e+07 3.679434530399999768e+07
1.085406875799999982e+08 1.109163831159999967e+08 1.864752900000000000e+07 4.157839390000000130e+05
9.723232210999999940e+07 1.808226320000000000e+08 1.624907200000000000e+07 4.330682579999999702e+07
9.978260118000000715e+07 1.196223079300000072e+08 1.868723900000000000e+07 4.007341060000000056e+06
1.290554301400000155e+08 1.237151766599999964e+08 1.557656900000000000e+07 5.335273839999999851e+07
1.260905686200000048e+08 1.363164720000000000e+08 1.567170800000000000e+07 2.113098252899999917e+07
9.270450462999999523e+07 1.428294551999999881e+08 1.803369200000000000e+07 1.697071981300000101e+07
9.608418334000000358e+07 1.647190760000000000e+08 1.676771200000000000e+07 3.209320755999999866e+07
1.252708244300000072e+08 1.080667042399999946e+08 1.742073900000000000e+07 2.292919459999999963e+06
1.218236007290000170e+08 1.290917367000000030e+08 1.626747500000000000e+07 1.571358248330000043e+07
8.317076337999999523e+07 1.474743508000000119e+08 1.919323100000000000e+07 1.597168172000000067e+07
9.612284090000002086e+07 1.368177636999999881e+08 1.794921900000000000e+07 1.442454130100000091e+07
1.266438974300000072e+08 1.510420970000000000e+08 1.506668500000000000e+07 3.063294855999999866e+07
1.253275025600000024e+08 1.159692830999999940e+08 1.683290700000000000e+07 7.455135099999999627e+06
5.626572496999999881e+07 2.377772613359999955e+08 3.886932300000000000e+07 5.977932119999999413e+05
1.094781075100000054e+08 1.156729759200000018e+08 1.806113600000000000e+07 3.839010899999999907e+06
9.330946714000000060e+07 1.181577310230000019e+08 1.982023800000000000e+07 5.523989700000000885e+05
1.041547040499999970e+08 1.801007800000000000e+08 1.565148500000000000e+07 5.526380500000000000e+07
1.162028543040000051e+08 1.079807858310000002e+08 1.825054900000000000e+07 2.648929921000000322e+05
1.013024007699999958e+08 1.783303330000000000e+08 1.597213300000000000e+07 4.400065579999999702e+07
9.345054160999999940e+07 1.813041840000000000e+08 1.656997900000000000e+07 4.157093903000000119e+07
1.145285280100000054e+08 1.183726052999999970e+08 1.741482800000000000e+07 7.087569900000000373e+06
1.214488942530000061e+08 1.018411727939999998e+08 1.726812800000000000e+07 5.702651299899999797e+07
1.042081617099999934e+08 1.607646550000000000e+08 1.620837300000000000e+07 3.178052670000000298e+07
7.864825931000000238e+07 1.682391653000000119e+08 1.907411100000000000e+07 2.711798998000000045e+07
1.268346949400000423e+08 1.190759350000000000e+08 1.591794400000000000e+07 5.064607000000000000e+07
1.159897045900000036e+08 1.251342980000000000e+08 1.636214200000000000e+07 5.069121200000000000e+07
1.184732027800000161e+08 1.535910340000000000e+08 1.546262200000000000e+07 3.051008987400000170e+07
8.564848507000134885e+07 1.221023807500000000e+08 2.067017200000000000e+07 7.967765133000000380e+06
7.813673095000000298e+07 1.370791952899999917e+08 2.086035600000000000e+07 6.303597185999999754e+06
6.812149640899999440e+07 1.433170923600000143e+08 2.309864200000000000e+07 3.133470447000000160e+06
1.358221973969999850e+08 9.128183555710999668e+07 1.549348600000000000e+07 1.889196841351499856e+08
9.367243916640001535e+07 1.879429870000000000e+08 1.624249000000000000e+07 6.686402400000000000e+07
9.601534915999999642e+07 1.587096630000000000e+08 1.698487500000000000e+07 2.830977557000000030e+07
9.312866504999999702e+07 1.627062960000000000e+08 1.713961300000000000e+07 2.979818919999999925e+07
9.524720024799999595e+07 1.264857619000000060e+08 1.867927700000000000e+07 7.220753480999999680e+06
1.328122664849999994e+08 9.705810528700000048e+07 1.621243600000000000e+07 9.083347394499999285e+07
1.054347666599999964e+08 1.155408010000000000e+08 1.665106600000000000e+07 2.340296456999999881e+08
5.920125434000000358e+07 1.887366243000000119e+08 2.290368700000000000e+07 2.654930825000000000e+07
1.042573881289999932e+08 1.043441884179999977e+08 1.759165400000000000e+07 2.147431306173000038e+08
1.280134045199999958e+08 1.017184762000000030e+08 1.573990900000000000e+07 1.355650588000000119e+08
1.089756709200000167e+08 1.431999471999999881e+08 1.649717700000000000e+07 2.227849814000000060e+07
7.259574323000000417e+07 1.381811576700000167e+08 2.224538600000000000e+07 3.175606666999999899e+06
8.710886924000000954e+07 1.926069340000000000e+08 1.702791900000000000e+07 4.796659300000000000e+07
7.262672003000000119e+07 2.090617930000000000e+08 1.914078600000000000e+07 5.413028850000000000e+07
6.430405685999999195e+07 1.477409837750000060e+08 2.471453500000000000e+07 5.742243889999999665e+05
7.060655140000000596e+07 1.463292346800000072e+08 2.202353700000000000e+07 7.460538604000000283e+06
1.010004789730000049e+08 1.275754090000000000e+08 1.800177900000000000e+07 9.567381456100000069e+06
9.059622539200000465e+07 1.291102942999999970e+08 1.909560900000000000e+07 7.345663737000000663e+06
1.324754685039999783e+08 9.227686472011999786e+07 1.565466300000000000e+07 1.905635580715099871e+08
1.279085692099999934e+08 1.403620324000000060e+08 1.470556000000000000e+07 9.879531990000000596e+07
6.258299352000000328e+07 1.494155268799999952e+08 2.477964400000000000e+07 1.300003756000000052e+06
1.012259198659999967e+08 1.072176469739000052e+08 1.797827200000000000e+07 1.380658669934900105e+08
1.311453964800000042e+08 1.346740430999999940e+08 1.473737100000000000e+07 8.876813481000000238e+07
5.646312460999999940e+07 2.081559370000000000e+08 2.387424500000000000e+07 3.407202450000000000e+07
6.991359590000000596e+07 1.396420097000000179e+08 2.320448700000000000e+07 1.296486249000000069e+06
1.059683777010000050e+08 1.254191982000000030e+08 1.766027300000000000e+07 9.757626568900000304e+06
1.183368907199999988e+08 1.692904070000000000e+08 1.489799700000000000e+07 5.940115800000000000e+07
9.638854340000000596e+07 1.362605275999999940e+08 1.793449000000000000e+07 1.511198881000000052e+07
6.371395298099999875e+07 1.466112579139999747e+08 2.405718500000000000e+07 4.069523632100000232e+07
6.609270506000000238e+07 1.521345678000000119e+08 2.285380600000000000e+07 7.919835451000000350e+06
1.266700463460000157e+08 1.013077656400000006e+08 1.702368700000000000e+07 4.263151078199999779e+07
1.065377394599999934e+08 1.028300727854000032e+08 1.734679500000000000e+07 2.143547127436999977e+08
7.460638243000000715e+07 1.361068487100000083e+08 2.193838800000000000e+07 2.742224216800000519e+06
7.717212143000000715e+07 1.766489540000000000e+08 1.904759200000000000e+07 3.157892835000000149e+07
1.157578142970000058e+08 1.328491060999999940e+08 1.649834700000000000e+07 1.671631204140000045e+07
8.789364814999999106e+07 1.745472970000000000e+08 1.734251100000000000e+07 3.549068877999999374e+07
6.537221606499999762e+07 1.425845513700000048e+08 2.407611600000000000e+07 1.885379223000000045e+07
1.177198643900000006e+08 1.004658204699999988e+08 1.616574500000000000e+07 2.115282950920000076e+08
8.768013955999998748e+07 1.221669547939999998e+08 2.046175000000000000e+07 6.247326350000000093e+05
7.312300828999999166e+07 1.362596931130000055e+08 2.288817000000000000e+07 5.389020330000000540e+05
8.879584712999999523e+07 1.485868443000000119e+08 1.824038000000000000e+07 1.924934948600000143e+07
1.376721709320000112e+08 9.325050656000000238e+07 1.563733300000000000e+07 1.377330316680000126e+08
5.584360905799999833e+07 1.757467383000000119e+08 2.730476700000000000e+07 6.604701099999999627e+06
1.132190654000000060e+08 1.579184040000000000e+08 1.564305400000000000e+07 3.267661405000000075e+07
1.145678305540000051e+08 1.760859970000000000e+08 1.504085200000000000e+07 6.189803700000000000e+07
9.020994419400000572e+07 1.449940413799999952e+08 1.794053400000000000e+07 4.678738999000000209e+07
1.231671919089999944e+08 1.102734347569999993e+08 1.726312200000000000e+07 8.260134220599999651e+06
1.310160805649999976e+08 9.775228228399999440e+07 1.634803100000000000e+07 8.474387633599999547e+07
1.266306362999999970e+08 9.434693912999999523e+07 1.599244000000000000e+07 1.835748976439999938e+08
5.221536760999999940e+07 2.455761336300000548e+08 3.879367600000000000e+07 4.780422424999999814e+06
6.164687189000000060e+07 2.150899810000000000e+08 2.147523300000000000e+07 4.563977539999999851e+07
5.426046307999999821e+07 2.400832471500000060e+08 3.887229000000000000e+07 1.743720183999999892e+06
1.295725509379999936e+08 1.004217150119999945e+08 1.683668600000000000e+07 4.738594951650000364e+07
1.248452032600000203e+08 1.259448412000000030e+08 1.624518500000000000e+07 1.422372559999999963e+07
6.395214484000001103e+07 2.196714910000000000e+08 2.086316900000000000e+07 5.266783739999999851e+07
1.044783706899999976e+08 1.062682674500000030e+08 1.783417300000000000e+07 1.085654159169999957e+08
7.773539201000000536e+07 2.025498760000000000e+08 1.829240200000000000e+07 5.092577989999999851e+07
9.335803162999999523e+07 1.610135550000000000e+08 1.670216700000000000e+07 1.140640282699999958e+08
6.675301832999999076e+07 1.439363394619999826e+08 2.398658300000000000e+07 8.766638410000000149e+05
1.409738406600000262e+08 9.073703582999999821e+07 1.532042300000000000e+07 1.699980004399999976e+08
1.062924172600000054e+08 1.119125997099999934e+08 1.876483800000000000e+07 5.156501739999999991e+05
8.325315584000000358e+07 1.258586301930000037e+08 2.101319200000000000e+07 8.517614510000000009e+05
5.001742458000000566e+07 2.710602141000000238e+08 3.797169600000000000e+07 2.114156930000000075e+07
9.030746039000000060e+07 1.367163410999999940e+08 1.852278200000000000e+07 2.219341719999999925e+07
5.779441753499999642e+07 1.622799451700000167e+08 2.607112900000000000e+07 3.549627356000000611e+06
1.104857761899999976e+08 1.680481090000000000e+08 1.556897900000000000e+07 3.806673521999999881e+07
1.111464122099999934e+08 1.126671960999999940e+08 1.614468500000000000e+07 2.384746131999999881e+08
8.796363160400001705e+07 1.282395393100000024e+08 1.956941300000000000e+07 5.696914966000000015e+06
9.717638298999999464e+07 1.627689771999999881e+08 1.625514700000000000e+07 1.244599010000000000e+08
1.394995756399999857e+08 9.090731156999999285e+07 1.536769500000000000e+07 1.703706595539999902e+08
6.838752586000001431e+07 2.063910130000000000e+08 2.005079900000000000e+07 4.467134270000000298e+07
8.108502812199999392e+07 1.242849260973999947e+08 2.081702500000000000e+07 7.567491494959999621e+07
1.121622480789999962e+08 9.982143894089999795e+07 1.684926800000000000e+07 2.096722487321999967e+08
8.128772585999998450e+07 1.491986971999999881e+08 1.943410000000000000e+07 1.637650101000000164e+07
9.634333518999999762e+07 1.517580340000000000e+08 1.722679700000000000e+07 2.401870492199999839e+07
1.118564228217999935e+08 1.005813369550500065e+08 1.693353900000000000e+07 1.790037433182199895e+08
1.391533518050000370e+08 9.631698788199999928e+07 1.505727500000000000e+07 1.661634866940000057e+08
6.633581974000000209e+07 1.602829188000000119e+08 2.223080500000000000e+07 1.372860441999999993e+07
7.970573656999999285e+07 1.418519735000000000e+08 2.017616800000000000e+07 1.046466545500000007e+07
9.448364087000000477e+07 1.834103090000000000e+08 1.626376900000000000e+07 5.896090800000000000e+07
9.480482271109999716e+07 1.119552354835000038e+08 1.873467200000000000e+07 1.148029631647700071e+08
1.093370687500000000e+08 1.540685728000000119e+08 1.549173500000000000e+07 1.178537519000000060e+08
8.126804751700000465e+07 1.254790002091999948e+08 2.121004000000000000e+07 1.172077658891999908e+07
7.923568150000001490e+07 1.301078243579999954e+08 2.164786300000000000e+07 7.071668009999999776e+05
6.840839272390000522e+07 1.382066398301599920e+08 2.335191800000000000e+07 3.537753582906000316e+07
8.191741933000001311e+07 1.705876590000000000e+08 1.837430700000000000e+07 3.272452330000000075e+07
1.398535772800000012e+08 9.409119720000000298e+07 1.506651600000000000e+07 1.757200274000000060e+08
6.016527177000000328e+07 1.548341670399999917e+08 2.469244700000000000e+07 4.326251105000000447e+06
6.233082981599999964e+07 1.465325384146000147e+08 2.467408100000000000e+07 2.965976467350000143e+07
5.069476533000000566e+07 2.555596683000000119e+08 3.856864900000000000e+07 1.064965932000000030e+07
1.164815830810000002e+08 9.790844624169999361e+07 1.654858100000000000e+07 2.041410444841000140e+08
1.147385765199999958e+08 1.132355359200000018e+08 1.779036700000000000e+07 3.606394470000000205e+06
1.226616885300000012e+08 1.605653710000000000e+08 1.501459900000000000e+07 3.625786000999999791e+07
8.171787142999999225e+07 1.438985331999999881e+08 1.966030800000000000e+07 1.285570544899999909e+07
1.250929469660000056e+08 1.426293700000000000e+08 1.545708600000000000e+07 2.491456101999999955e+07
9.958491748999999464e+07 1.480677175999999940e+08 1.707300500000000000e+07 2.266885750099999830e+07
9.771022390000002086e+07 1.236154394000000060e+08 1.861743500000000000e+07 5.926518860000000335e+06
9.956879815999999642e+07 1.147946685310000032e+08 1.927824100000000000e+07 4.363525100000000093e+05
6.887213157999998331e+07 1.457132839099999964e+08 2.257664400000000000e+07 5.603961394000000320e+06
1.050024855499999970e+08 1.070024370100000054e+08 1.780648400000000000e+07 9.264393585999999940e+07
9.043817231999999285e+07 1.208863284500000030e+08 1.988768900000000000e+07 1.415837921000000089e+06
7.523219701000000536e+07 2.026635690000000000e+08 1.870748100000000000e+07 5.294219360000000149e+07
7.823502581999999285e+07 1.578175259000000060e+08 1.959962100000000000e+07 2.008507576999999955e+07
1.172929837950000018e+08 1.263515980999999940e+08 1.671787900000000000e+07 1.310399566799999960e+07
1.281613936190000027e+08 1.012124959300000072e+08 1.697978700000000000e+07 3.984726867189999670e+07
1.300449079200000018e+08 1.384056716999999881e+08 1.474963700000000000e+07 8.126792790000000596e+07
6.239180785429999977e+07 1.467369367921099961e+08 2.472362600000000000e+07 2.005635092686000094e+07
1.072952763499999940e+08 1.194073630000000000e+08 1.794682000000000000e+07 6.062881440000000410e+06
8.564631288000002503e+07 1.548944359000000060e+08 1.838791700000000000e+07 2.273035032999999821e+07
1.355197606300000548e+08 9.651160600000000000e+07 1.559407300000000000e+07 1.295225987000000030e+08
8.206162428999999166e+07 1.907611880000000000e+08 1.780124700000000000e+07 4.351793110000000149e+07
5.521127446999999881e+07 1.964798745999999940e+08 2.486120600000000000e+07 2.538615050000000000e+07
1.216835268199999928e+08 9.602908004000000656e+07 1.626306700000000000e+07 1.884389130239999890e+08
1.038587619800000042e+08 1.135653935300000012e+08 1.692719800000000000e+07 2.193706388000000119e+08
1.121799653799999952e+08 1.620066280000000000e+08 1.560393300000000000e+07 3.452252573000000417e+07
1.099420983100000173e+08 1.027010596860000044e+08 1.682055500000000000e+07 2.180308403319999874e+08
5.824492571800001711e+07 2.121978950000000000e+08 2.294419100000000000e+07 3.917900910000000149e+07
8.871796097400000691e+07 1.343661843000000119e+08 1.902742300000000000e+07 9.928025869999999180e+06
7.494600968000000715e+07 1.752495690000000000e+08 1.954915000000000000e+07 2.916097930999999866e+07
9.788554561499999464e+07 1.091316345429999977e+08 1.833052200000000000e+07 1.591318694760000110e+08
1.106357623110000044e+08 1.005683307652000040e+08 1.697675000000000000e+07 2.092962609562999904e+08
5.551294346000000089e+07 1.996154806999999881e+08 2.456307000000000000e+07 2.772013660000000149e+07
8.048737160999999940e+07 1.285211723129999936e+08 2.157103600000000000e+07 5.145675879999999888e+05
9.857885940700000525e+07 1.328311262000000030e+08 1.791383200000000000e+07 1.259590852800000086e+07
1.134714694599999934e+08 1.456587578000000119e+08 1.542830300000000000e+07 1.002793044000000060e+08
1.089762975900000185e+08 1.206075120000000000e+08 1.740675300000000000e+07 2.667817000000000000e+07
8.907827475000001490e+07 1.848377320000000000e+08 1.681916800000000000e+07 5.195989000000000000e+07
9.799841676999999583e+07 1.168548599300000072e+08 1.917541400000000000e+07 1.480704922000000020e+06
6.575185249199999869e+07 1.431316517845999897e+08 2.415479700000000000e+07 9.385952577199999243e+06
6.429541839500000328e+07 1.441046364459999800e+08 2.428235400000000000e+07 1.894282294370000064e+07
7.805876248999999464e+07 1.479429160000000000e+08 2.013923100000000000e+07 1.359509098900000006e+07
9.215025910999999940e+07 1.366015696999999881e+08 1.841393400000000000e+07 1.318399403999999911e+07
1.043107866599999964e+08 1.150475070699999928e+08 1.862171200000000000e+07 2.058153399999999907e+06
1.001001469469999969e+08 1.074374549930000007e+08 1.801027400000000000e+07 1.797202888564000130e+08
8.929992706099998951e+07 1.164148464459999949e+08 1.960393400000000000e+07 1.325476839437000006e+08
1.187006777099999934e+08 1.072668711459999979e+08 1.806893300000000000e+07 3.401403410000000149e+05
