1.0180037590000002E8 8.61727041E7 2.0485829E7 5475186.5
1.0284035768E8 7.3169435033E7 2.0408592E7 6.3103017322E7
8.707161872999999E7 1.27932393E8 1.9817258E7 2.796403919E7
6.758673986E7 1.456929831E8 3.7697682E7 1.26201683E7
7.65051437105E7 9.573733495361E7 2.7627456E7 3.7390114009182E7
9.803580381000005E7 8.99597702E7 2.0475598E7 7363363.7
8.429481108000001E7 8.69662301549E7 2.3919106E7 8.97694114722E7
9.395782196E7 8.275323453E7 2.2847977E7 597878.618
1.01031568209E8 7.26183253415E7 1.9767053E7 1.455776786754E8
9.585767488E7 8.554459398E7 2.1493195E7 3751041.34
6.624236232E7 1.677723666E8 3.6159251E7 2.6851639E7
7.665081285E7 1.45136324E8 2.2051385E7 3.307731622E7
1.045014584E8 7.6428329E7 2.1089102E7 1.5148934E7
9.945072678000002E7 1.18496019E8 1.8050179E7 2.6034601553E7
8.219419921000001E7 1.42570295E8 2.0477309E7 3.4744730190000005E7
7.8501631234E7 1.1227155573E8 2.3462605E7 4.0538099204E7
9.291380459E7 8.579820329E7 2.2277306E7 2686757.37
1.0859764497E8 6.8868806448E7 1.8939589E7 1.1505318869E8
9.77701548E7 7.97017618E7 2.1315825E7 2.13526023E7
7.219538344999999E7 1.196534823E8 2.6339841E7 1.318717771E7
7.8954835805E7 9.752545298E7 2.5857309E7 3036872.888
8.720227393499999E7 8.342625970199999E7 2.3491553E7 1.034720997067E8
6.807147359E7 1.358516817E8 3.1667909E7 1.551918118E7
7.0239252315E7 1.57101705E8 2.4392024E7 3.6696584E7
8.10882242E7 1.53043346E8 2.0299257E7 5.30155053E7
7.06654234E7 1.58499077E8 2.4014207E7 4.10809162E7
1.0961610727E8 6.99531428E7 1.8498908E7 1.1988936972E8
9.758707893E7 8.615235889999999E7 2.1076381E7 4537384.65
9.933545048000002E7 7.5944557563E7 2.097363E7 4.2664091726E7
8.23455887E7 8.965168321E7 2.5654033E7 1.4880306838E7
8.0281243993E7 9.799302088E7 2.5055986E7 4041112.136
1.0233954478000002E8 1.133192894E8 1.7391154E7 8.691585773E7
8.9125809021E7 9.73851935E7 2.1681278E7 8977042.341
1.02199703E8 9.09375816E7 1.9890584E7 8684284.9
9.3179880483E7 1.41879017E8 1.7953062E7 5.20773325E7
1.1410814547E8 7.36359823E7 1.7476322E7 1.4939215147E8
1.0511515548E8 7.56395482E7 1.9893379E7 4.86755465E7
9.346564428000005E7 1.22838312E8 1.8675448E7 2.714593156E7
1.0216661329000002E8 7.8630788316E7 2.1699177E7 466100.751
1.1229907300400002E8 6.977881865E7 1.8080259E7 1.32992757181E8
8.74669526E7 8.4276524699E7 2.3767946E7 3.3635772263E7
6.895478183000001E7 1.355466936E8 3.8204143E7 6597194.03
1.0196438779999998E8 1.22148581E8 1.7479294E7 3.87730571E7
1.0635062933E8 6.877704831E7 1.9164848E7 1.36202729296E8
8.564203607200003E7 9.59854956E7 2.3060227E7 6069458.305000001
8.984205142E7 8.2390778783E7 2.3182E7 3.3344128953E7
8.9824559E7 8.609770929900001E7 2.3447065E7 1249411.704
1.0459615439000002E8 7.085337007E7 1.9187914E7 1.2096467712E8
1.0018540581E8 7.4103576238E7 2.0378242E7 7.4669557439E7
9.10816668E7 8.287076621E7 2.3516029E7 7996551.738000001
1.0421079584E8 7.58187625E7 2.0273652E7 3.860803951E7
7.345817025E7 1.38665907E8 2.3717969E7 2.690861432E7
1.0381981577000004E8 9.85377101E7 1.8023505E7 5.606453337E7
7.251085406200002E7 1.59621417E8 2.3012789E7 4.2140171E7
1.0371900934999998E8 1.06330067E8 1.7475528E7 7.62801512E7
8.148213700999999E7 9.335720652E7 2.6189032E7 652828.169
9.970713517999998E7 1.0101175E8 1.9086217E7 1.68424766E7
7.014192983000001E7 1.200544768E8 2.8167178E7 1.149801216E7
7.301568969000001E7 1.4442465E8 2.3561201E7 3.030512007E7
8.52957724E7 9.004884510000001E7 2.4437546E7 1613333.825
9.560627171E7 1.078203315E8 1.917495E7 1.8416061586E7
7.665687744E7 1.087107153E8 2.5019354E7 9593903.680000002
7.098294154399998E7 1.1986389019E8 3.4490694E7 3273756.5560000003
7.310543086640015E7 1.0490865931E8 2.9670038E7 2020210.81622
7.818423308000001E7 9.394553486E7 2.7084268E7 1.8061233477E7
1.0025082253E8 8.321081866000001E7 2.1084419E7 3316508.29
8.9291072755E7 8.961706025E7 2.278239E7 3655329.3058
9.971977650000004E7 1.062499069E8 1.7937673E7 7.100079751E7
8.6803779569E7 9.59086379E7 2.2624844E7 6836880.572
1.035006617E8 8.04227865E7 2.1033115E7 5414748.8
8.088766616000001E7 1.04416731E8 2.3708395E7 9115617.572
1.0760331224E8 7.536084694999999E7 1.8056972E7 1.3592513515E8
8.347449824599999E7 9.331534392E7 2.4484977E7 2759245.0715
1.1246835518E8 6.6136880527E7 1.8500281E7 1.44321369613E8
7.994483792100002E7 1.006791103E8 2.4700228E7 5818968.521000001
1.0620510496999998E8 9.66679832E7 1.8080479E7 5.158347518E7
1.1158678231E8 7.332264317E7 1.806541E7 1.1644113671E8
8.122815178E7 1.054917784E8 2.3430267E7 1.0094107954E7
1.1181395030999996E8 7.521295189999999E7 1.8013008E7 1.1147730282E8
1.0767967407999998E8 7.537557056E7 1.9269209E7 6.555236185E7
1.0499818263E8 1.039541608E8 1.7476156E7 7.380734594E7
9.888541636E7 1.064765998E8 1.8655089E7 2.43409392E7
6.683786224E7 1.570229855E8 3.7834217E7 1.83678364E7
9.823836108E7 7.953180928E7 1.9646089E7 1.4762631229E8
8.466481642000002E7 1.187280555E8 2.1028786E7 2.075490856E7
9.592135345E7 8.1676288814E7 2.2294253E7 945160.68
9.1268350255E7 8.032194287E7 2.1971023E7 1.0018768867729E8
7.30279839E7 1.0953341019E8 2.7398311E7 6872452.52
1.0339029937300004E8 8.603259129E7 1.9795728E7 2.1965631567E7
9.813731741E7 1.066384482E8 1.8181641E7 6.5216433370000005E7
8.336554699100001E7 8.7332878993E7 2.467315E7 8.226503926979E7
1.001126104E8 1.27472332E8 1.7463059E7 4.24846645E7
8.44636197E7 1.013467702E8 2.2717643E7 9299025.861
9.327031706E7 1.088689711E8 1.9538661E7 1.8341980541E7
8.210675544E7 8.91204154E7 2.5291399E7 3.4406677374E7
1.0172964894200002E8 7.638554072E7 2.103368E7 2.4212466782E7
1.06406447224E8 7.2414774239E7 1.9889389E7 6.15815223424E7
9.392537915E7 1.1539204E8 1.8971837E7 2.2652442865E7
7.381621751E7 1.46005647E8 2.309652E7 3.193618753E7
1.0312964054000002E8 8.948492909E7 1.9272784E7 3.019097742E7
9.5884731729E7 9.43051256E7 2.0335755E7 9637235.8932
7.826386214E7 1.036790244E8 2.4887653E7 9825815.06
8.848420485E7 1.43542825E8 1.8946572E7 4.03295951E7
9.96703961E7 7.775554622E7 2.1540108E7 1.4421782882E7
1.1247688353000005E8 7.34539308E7 1.7479569E7 1.6334780027E8
8.009985314970002E7 9.099185160315E7 2.5834561E7 5.896595193247E7
9.94980434E7 9.38480208E7 1.9839547E7 1.02688351E7
1.01575893318E8 7.6560198449E7 2.1502265E7 1.5362701409E7
7.264524669999999E7 1.0700105458E8 2.8707944E7 3958673.484
1.06175763695E8 7.147179757E7 1.8516432E7 1.6019935503E8
9.10088089E7 1.44828151E8 1.8336463E7 4.74199357E7
1.1074505518E8 7.299707333E7 1.8617355E7 9.424274163E7
1.0406808642E8 8.326939518E7 2.0371232E7 1.2509672009E7
8.064996338099998E7 9.036122376784E7 2.5557224E7 6.306783989777E7
7.270919728E7 1.0418141567E8 2.9509368E7 1.9654607973E7
7.095077404E7 1.231368689E8 2.6820232E7 1.449334504E7
7.671461891000003E7 1.58678883E8 2.1539373E7 4.33636011E7
1.0292804406E8 7.44500208E7 1.9618444E7 7.832829477E7
1.059001243745E8 7.68490352892E7 2.0474762E7 2.64468799495E7
1.0207944504E8 1.11429316E8 1.807833E7 2.47501974E7
9.159152716E7 1.144077187E8 1.9077359E7 7.364374539E7
9.612106668999998E7 1.30418328E8 1.7990862E7 3.41483432E7
1.0858756443E8 6.90810509E7 1.8554209E7 1.3567666579E8
1.018249384E8 1.042996647E8 1.8675989E7 1.74808622E7
8.646565675E7 1.195291023E8 2.046647E7 2.213012595E7
9.3982757675E7 9.71167876E7 2.0421805E7 1.0823422951E7
1.0496114966E8 9.30990038E7 1.8589481E7 4.178133713E7
7.531639791660002E7 9.763382593151E7 2.8378976E7 3.4811796225329E7
1.0469195657E8 7.53299659E7 1.9229366E7 7.99344538E7
9.000746257999998E7 1.31610586E8 1.901654E7 3.153767845E7
9.819651347E7 8.192526031E7 2.1669103E7 1798515.92
9.4011087193E7 9.0811738E7 2.1141204E7 6709325.2064000005
9.726384063E7 1.22962957E8 1.8068373E7 2.95482777E7
8.905857353999999E7 1.077551002E8 2.0664981E7 1.5751041533E7
1.1210466554E8 7.47442727E7 1.7467752E7 1.5761753829E8
1.0916426392499998E8 6.9210451881E7 1.8988397E7 1.05181277942E8
7.245662108E7 1.228824741E8 2.5708571E7 1.589959442E7
1.0294936392E8 7.42562164E7 1.9224139E7 1.042724235E8
9.4033257615E7 9.35968042E7 2.0800908E7 8489301.8215
9.560399508E7 1.18213769E8 1.8516788E7 2.528284809E7
6.843426938000003E7 1.58785045E8 2.5843778E7 3.62311579E7
9.8554447015E7 1.090024293E8 1.8672501E7 1.9877829597E7
8.887529014000002E7 1.20461173E8 1.9791651E7 2.382546016E7
1.0419561897E8 9.60328834E7 1.8223455E7 5.165819107E7
8.724005379999998E7 8.468363901E7 2.3190577E7 5.469690032E7
1.0341858179999998E8 1.013574362E8 1.8616498E7 2.20756113E7
9.6779148623E7 7.840793777E7 2.0183865E7 1.39121591916E8
9.4218942333E7 7.856318399000001E7 2.1044591E7 1.290103549847E8
7.8918998938E7 9.42063902473E7 2.7151644E7 8072166.2958
9.5825164005E7 9.94480547E7 1.9831518E7 1.3042412532E7
8.31294794E7 1.60382497E8 1.9762425E7 5.7983182E7
8.315114120000002E7 1.2094727387E8 2.0994868E7 6.69965975E7
8.610181860000001E7 1.130558598E8 2.0962167E7 2.08694373E7
7.409779642700002E7 1.0457610159E8 2.7859127E7 3672220.108
8.50035718E7 1.48929294E8 1.9419389E7 5.31346898E7
8.6347246616E7 9.374432681E7 2.3135353E7 5000685.514
7.373247328999999E7 1.0729848296E8 2.7376731E7 5566806.994
8.058961918E7 1.141851927E8 2.2731066E7 1.5592006019E7
8.58790179E7 1.48272368E8 1.9248601E7 5.06606066E7
8.3488844535E7 8.906278304800001E7 2.3929693E7 8.817692702E7
7.269203939999999E7 1.70703123E8 2.2774028E7 5.07431905E7
9.751461021E7 1.14041778E8 1.7925534E7 8.021300532E7
7.505081414E7 1.0142471114E8 2.8815425E7 1476604.351
7.710956153E7 1.198942884E8 2.350918E7 1.88866014E7
1.0703902687000002E8 7.667805186E7 1.9883624E7 4.219856875E7
8.607593717E7 8.663235537E7 2.4500422E7 1.154183523E7
7.678572781E7 1.0403780619E8 2.5708531E7 6220386.775
6.891087392E7 1.66980846E8 2.5185095E7 4.18884432E7
7.017249726000002E7 1.336555722E8 2.6184355E7 2.109226129E7
9.7909409293E7 9.57621008E7 1.9865376E7 1.10815418278E7
1.1132149328E8 6.89919835E7 1.8683158E7 1.1077899566E8
9.744299448999998E7 1.043906387E8 1.9157211E7 1.6673848546E7
6.646560880999999E7 1.616414369E8 3.6575027E7 2.2818833700000003E7
1.0415617160000002E8 1.07820447E8 1.8077987E7 2.69437675E7
7.87995505E7 1.64893382E8 2.0809078E7 5.7728762E7
1.021280322E8 9.70785745E7 1.9287291E7 1.26559717E7
1.0817520207000002E8 7.23404648E7 1.9222936E7 7.862112175E7
1.03789817493E8 7.68982728217E7 2.142618E7 7917274.243319999
1.037760046E8 1.18279476E8 1.7457205E7 3.92194833E7
9.779779673000002E7 1.39606377E8 1.74664E7 4.98671626E7
7.866620636000001E7 1.309573059E8 2.2102722E7 2.548352893E7
7.434713779E7 1.70587292E8 2.2134316E7 5.6175083E7
8.771965859E7 8.805638984E7 2.3820922E7 1562221.152
1.05674572245E8 7.3178283928E7 2.0133255E7 5.20542245324E7
9.763140501000002E7 8.015296852700001E7 2.2286756E7 537109.755
7.09077261E7 1.1140123647E8 2.9433249E7 7768606.073
9.574335382340002E7 8.96137224E7 2.0919109E7 6502676.8244
7.324227535000002E7 1.58530773E8 2.2699305E7 4.65793111E7
7.283544825E7 1.0805335313E8 2.7994602E7 5443410.475000001
9.59658424676E7 7.981076466549E7 2.2148239E7 1.081758147977E7
9.723626261E7 1.11770412E8 1.86625E7 2.1306206919E7
9.599084126000002E7 8.016522037E7 2.2698053E7 3366067.03
7.513010062E7 1.126815523E8 2.5340694E7 1.0900449418E7
7.02279984E7 1.49794496E8 2.4807602E7 3.18386959E7
8.56364993E7 1.58100195E8 1.9230858E7 5.8240978E7
7.864134980510002E7 9.276806628636E7 2.6474605E7 4.660598360299E7
1.0138973414E8 7.61398816E7 2.0379902E7 4.675414456E7
8.881039729999998E7 1.55620326E8 1.8619242E7 5.8088634E7
6.875273638E7 1.48518334E8 2.6126604E7 2.97516657E7
7.713782579100001E7 9.994853298E7 2.6430192E7 3387303.863
1.1052150438E8 7.245518483E7 1.8077636E7 1.2398943378E8
8.608858815E7 8.690052546E7 2.4780457E7 7963992.757
9.1214024382E7 9.98668478E7 2.0825029E7 1.1535992808E7
