1.018003759000000209e+08 8.617270409999999404e+07 2.048582900000000000e+07 5.475186500000000000e+06
1.014204091700000018e+08 7.935929787600000203e+07 2.163710500000000000e+07 7.972149089999999851e+05
1.023735295649999529e+08 1.142358680000000000e+08 1.800516500000000000e+07 2.387526426339999959e+07
1.104675267000000179e+08 7.207995931999999285e+07 1.797698100000000000e+07 1.345661026299999952e+08
1.000913067999999970e+08 1.282387160000000000e+08 1.743612800000000000e+07 4.405705250000000000e+07
1.019561243400000036e+08 8.188834693999999762e+07 2.108173600000000000e+07 2.680880009999999776e+06
1.028403576800000072e+08 7.316943503300000727e+07 2.040859200000000000e+07 6.310301732199999690e+07
1.113124417399999946e+08 7.418918046999999881e+07 1.806750000000000000e+07 1.134466750699999928e+08
1.027467530100000203e+08 9.088972498000000417e+07 1.905572400000000000e+07 3.555850085000000149e+07
1.049021478799999803e+08 9.122034540000000596e+07 1.891100000000000000e+07 3.483903340999999642e+07
1.074929911040000021e+08 7.181386389000000060e+07 1.951762000000000000e+07 7.310147538899999857e+07
8.563064542000000179e+07 8.951800436899998784e+07 2.491871500000000000e+07 5.348352179999999935e+05
1.021373424200000018e+08 1.141605880999999940e+08 1.739132500000000000e+07 8.832469950000000000e+07
1.096930977699999958e+08 7.470029600999999046e+07 1.851156300000000000e+07 9.405200075000000000e+07
9.603349590000000596e+07 8.172794161200000346e+07 2.227057000000000000e+07 8.945010230000000447e+05
1.036193441299999952e+08 9.685725220000000298e+07 1.819144400000000000e+07 5.319075100999999791e+07
1.057403772199999988e+08 7.459616440000000596e+07 1.955837100000000000e+07 6.289502879999999702e+07
8.707161872999998927e+07 1.279323930000000000e+08 1.981725800000000000e+07 2.796403919000000134e+07
1.027145014000000358e+08 1.042280720000000000e+08 1.863629200000000000e+07 1.745109960000000149e+07
6.758673985999999940e+07 1.456929830999999940e+08 3.769768200000000000e+07 1.262016830000000075e+07
1.057339969210000038e+08 7.136063626199999452e+07 1.978438100000000000e+07 7.941370797200000286e+07
1.045918777099999785e+08 1.065766069000000060e+08 1.739824400000000000e+07 7.888700801999999583e+07
9.667695020000001788e+07 1.179425020000000000e+08 1.836601700000000000e+07 2.569115219999999925e+07
1.114174554399999976e+08 6.626448658799999952e+07 1.860840900000000000e+07 1.488890928319999874e+08
1.023324410000000000e+08 1.219870930000000000e+08 1.740270000000000000e+07 4.289981879999999702e+07
1.052876620750000030e+08 6.945266034229999781e+07 1.909679600000000000e+07 1.536535515782999992e+08
1.098869445579999983e+08 7.222574131999999285e+07 1.865218400000000000e+07 9.766715610199999809e+07
1.125456415789999962e+08 6.883877679999999702e+07 1.793701700000000000e+07 1.529636603389999866e+08
1.000188426899999976e+08 8.693439509999999404e+07 2.060445300000000000e+07 5.602628900000000373e+06
1.135217050000000000e+08 7.439415910000000894e+07 1.742634500000000000e+07 1.536501185800000131e+08
7.650514371050000191e+07 9.573733495361000299e+07 2.762745600000000000e+07 3.739011400918199867e+07
9.803580381000004709e+07 8.995977020000000298e+07 2.047559800000000000e+07 7.363363700000000186e+06
8.429481108000001311e+07 8.696623015489999950e+07 2.391910600000000000e+07 8.976941147220000625e+07
1.120557175900000036e+08 7.156151826999999583e+07 1.806013300000000000e+07 1.239035898799999952e+08
9.395782195999999344e+07 8.275323453000000119e+07 2.284797700000000000e+07 5.978786180000000168e+05
1.010315682090000063e+08 7.261832534149999917e+07 1.976705300000000000e+07 1.455776786753999889e+08
1.133702242950000167e+08 6.867983090999999642e+07 1.794525700000000000e+07 1.484300723359999955e+08
1.016890325000000447e+08 9.135871109999999404e+07 1.987832300000000000e+07 8.925687599999999627e+06
1.047803183299999833e+08 8.657209979999999702e+07 1.961196200000000000e+07 2.416597844999999925e+07
1.127022285600000024e+08 7.467273700000000000e+07 1.740589800000000000e+07 1.635282645000000000e+08
7.756995489999999106e+07 1.393208790000000000e+08 2.199463800000000000e+07 3.022632789000000060e+07
1.013158297890000045e+08 7.461300090000000596e+07 2.101471500000000000e+07 4.628463033399999887e+07
7.371009406000000238e+07 1.006162804907000065e+08 2.948839900000000000e+07 3.110671932603999972e+07
8.205824964000000060e+07 9.273257419699999690e+07 2.583312600000000000e+07 8.073074350000000559e+05
1.019329385999999940e+08 9.754577590000000596e+07 1.924563500000000000e+07 1.303513959999999963e+07
9.167268367000000179e+07 8.744970326999999583e+07 2.239045000000000000e+07 3.160303910000000149e+06
9.585767487999999523e+07 8.554459398000000417e+07 2.149319500000000000e+07 3.751041339999999851e+06
1.131354368129999936e+08 6.613630122100000083e+07 1.842989000000000000e+07 1.429648276279999912e+08
1.036544443299999982e+08 1.115332700000000000e+08 1.800324400000000000e+07 2.471045239999999851e+07
9.609258334000000358e+07 8.003212462000000477e+07 2.266540300000000000e+07 3.675062541000000201e+06
7.735425350000000000e+07 1.666670280000000000e+08 2.119575700000000000e+07 5.772280800000000000e+07
1.048286377999999970e+08 7.620238040000000596e+07 2.039893500000000000e+07 3.197990700000000000e+07
1.052853196899999976e+08 9.749028629999999702e+07 1.800830000000000000e+07 5.468116260000000149e+07
8.928170497000001371e+07 9.882492700000000000e+07 2.144081500000000000e+07 1.057203410999999940e+07
7.968540294600000978e+07 9.212545943039999902e+07 2.563160900000000000e+07 6.237815756733000278e+07
9.968926270000000298e+07 9.411000479999999702e+07 1.980057300000000000e+07 1.037089030000000075e+07
6.776954471999999881e+07 1.589062230000000000e+08 2.740713500000000000e+07 3.382447489999999851e+07
6.624236232000000030e+07 1.677723665999999940e+08 3.615925100000000000e+07 2.685163900000000000e+07
7.583453641000001132e+07 1.107134442999999970e+08 2.519429300000000000e+07 1.018066130800000019e+07
9.444688407999998331e+07 9.521256100000000000e+07 2.024490000000000000e+07 2.064462532999999821e+07
8.681319453000000119e+07 8.822948734699998796e+07 2.460039900000000000e+07 5.803099079999999376e+05
7.665081284999999404e+07 1.451363240000000000e+08 2.205138500000000000e+07 3.307731621999999881e+07
6.932403395000000298e+07 1.357340026200000048e+08 3.896338600000000000e+07 5.544817656999999657e+06
9.283477820999999344e+07 1.040801210999999940e+08 2.001446200000000000e+07 1.517998671000000089e+07
1.045014584000000060e+08 7.642832900000000000e+07 2.108910200000000000e+07 1.514893400000000000e+07
9.945072678000001609e+07 1.184960190000000000e+08 1.805017900000000000e+07 2.603460155299999937e+07
9.841298708099995553e+07 1.045105454000000060e+08 1.901993500000000000e+07 1.695398376899999753e+07
1.026284370000000000e+08 9.072714700000000000e+07 1.989124200000000000e+07 8.567105500000000000e+06
8.405257330000001192e+07 1.499363890000000000e+08 1.962063200000000000e+07 5.305132489999999851e+07
6.644548614000000060e+07 1.620325194000000060e+08 3.652430500000000000e+07 2.315417750000000000e+07
8.219419921000000834e+07 1.425702950000000000e+08 2.047730900000000000e+07 3.474473019000000507e+07
1.035955865460000038e+08 7.674503132999999821e+07 2.125170900000000000e+07 1.204885557709999941e+07
1.064921558400000185e+08 7.247496575000000000e+07 1.833457200000000000e+07 1.634879942800000012e+08
7.850163123399999738e+07 1.122715557300000042e+08 2.346260500000000000e+07 4.053809920400000364e+07
1.007066178090000004e+08 1.054775217000000030e+08 1.867847900000000000e+07 1.808965455629999936e+07
1.119240806099999994e+08 6.925070490000000596e+07 1.846875600000000000e+07 1.166652099599999934e+08
1.073917577699999809e+08 7.632576000000000000e+07 1.973842200000000000e+07 4.728557609000000358e+07
7.434453672300000489e+07 1.028295799599999934e+08 2.875789500000000000e+07 1.875085871000000043e+06
7.057878887900000811e+07 1.548592101800000072e+08 4.575047600000000000e+07 3.041142626000000164e+06
9.291380459000000358e+07 8.579820329000000656e+07 2.227730600000000000e+07 2.686757370000000112e+06
1.089605982349999994e+08 7.344097760999999940e+07 1.898391200000000000e+07 8.101348043700000644e+07
8.832226018000000715e+07 1.227849540000000000e+08 1.979163300000000000e+07 2.505752339000000060e+07
6.824681934000000358e+07 1.420916895000000000e+08 3.872496600000000000e+07 9.221456589999999851e+06
1.104709708530000001e+08 6.652884345193000138e+07 1.859809400000000000e+07 1.593476028620499969e+08
9.423473090000000596e+07 1.441566430000000000e+08 1.779963900000000000e+07 5.115087000000000000e+07
9.081323443999999762e+07 1.016098892999999970e+08 2.074821400000000000e+07 1.258193468200000003e+07
9.688902254000002146e+07 1.272020770000000000e+08 1.797000700000000000e+07 3.263087889999999851e+07
1.085540774599999934e+08 7.500454538000001013e+07 1.928257900000000000e+07 6.513975896999999881e+07
7.253320185000000894e+07 1.060636865999999940e+08 2.963363700000000000e+07 2.664317178299999796e+06
1.085976449699999988e+08 6.886880644799999893e+07 1.893958900000000000e+07 1.150531886899999976e+08
9.777015479999999702e+07 7.970176179999999702e+07 2.131582500000000000e+07 2.135260230000000075e+07
9.686250631999999285e+07 8.366020379000000656e+07 2.161082000000000000e+07 2.655859680000000168e+06
7.219538344999998808e+07 1.196534822999999970e+08 2.633984100000000000e+07 1.318717771000000089e+07
7.895483580500000715e+07 9.752545298000000417e+07 2.585730900000000000e+07 3.036872887999999803e+06
7.560790214999999106e+07 1.014196245999999940e+08 2.751760400000000000e+07 2.525320025400000159e+06
8.720227393499998748e+07 8.342625970199999213e+07 2.349155300000000000e+07 1.034720997066999972e+08
8.951837445000000298e+07 8.648885315999999642e+07 2.344159000000000000e+07 1.480707666999999899e+06
9.544419204000000656e+07 1.082620067000000030e+08 1.917062200000000000e+07 1.863841358199999854e+07
6.807147359000000358e+07 1.358516816999999881e+08 3.166790900000000000e+07 1.551918117999999970e+07
1.045665697900000215e+08 9.298769504000000656e+07 1.852054700000000000e+07 4.596291478999999911e+07
7.023925231499999762e+07 1.571017050000000000e+08 2.439202400000000000e+07 3.669658400000000000e+07
8.447549218999999762e+07 1.016015352999999970e+08 2.267989800000000000e+07 9.501226492000000551e+06
8.108822420000000298e+07 1.530433460000000000e+08 2.029925700000000000e+07 5.301550529999999702e+07
1.030866951640000343e+08 8.385318059000000358e+07 2.034260800000000000e+07 1.295336596299999952e+07
7.347124725000000000e+07 1.505869770000000000e+08 2.300695100000000000e+07 3.486847439999999851e+07
9.813898001999999583e+07 1.391911640000000000e+08 1.742150800000000000e+07 5.121466500000000000e+07
9.763252026000002027e+07 8.017904353000000119e+07 2.225977700000000000e+07 5.978786180000000168e+05
7.066542340000000596e+07 1.584990770000000000e+08 2.401420700000000000e+07 4.108091620000000298e+07
8.141725912000000477e+07 9.387467236900000274e+07 2.626985100000000000e+07 5.348352179999999935e+05
