1.096161072699999958e+08 6.995314279999999702e+07 1.849890800000000000e+07 1.198893697199999988e+08
9.758707893000000715e+07 8.615235889999999106e+07 2.107638100000000000e+07 4.537384650000000373e+06
9.552638502199999988e+07 9.458787600000000000e+07 2.037085700000000000e+07 9.715931377100000158e+06
9.354503226000000536e+07 8.353561390000000596e+07 2.259974100000000000e+07 1.382672648999999976e+06
9.933545048000001907e+07 7.594455756299999356e+07 2.097363000000000000e+07 4.266409172600000352e+07
1.030987407280000150e+08 7.647423590500000119e+07 2.109771500000000000e+07 1.743520155799999833e+07
9.933882737999999523e+07 8.936024300000000000e+07 2.036353100000000000e+07 7.266558300000000745e+06
8.234558870000000298e+07 8.965168320999999344e+07 2.565403300000000000e+07 1.488030683799999952e+07
8.028124399300000072e+07 9.799302087999999523e+07 2.505598600000000000e+07 4.041112135999999940e+06
1.127102177300000191e+08 7.382523379999999702e+07 1.745156000000000000e+07 1.613899211200000048e+08
1.038877067719999999e+08 8.485386559000000358e+07 1.985672600000000000e+07 2.266692597399999946e+07
7.700418015180000663e+07 9.499589255553999543e+07 2.733321000000000000e+07 3.911606213216400146e+07
1.023395447800000161e+08 1.133192894000000060e+08 1.739115400000000000e+07 8.691585773000000417e+07
8.912580902099999785e+07 9.738519350000000000e+07 2.168127800000000000e+07 8.977042341000000015e+06
9.330408700000000000e+07 8.609602274000000954e+07 2.210434000000000000e+07 3.012720319999999832e+06
1.021997030000000000e+08 9.093758159999999404e+07 1.989058400000000000e+07 8.684284900000000373e+06
1.021089485499999970e+08 8.611712850000000000e+07 2.046280900000000000e+07 5.536313500000000000e+06
9.170092347699999809e+07 7.987858193310000002e+07 2.184093600000000000e+07 1.191120107419999987e+08
1.035697676930000037e+08 7.673306682170000672e+07 2.139291400000000000e+07 9.610567343320000917e+06
1.034687373000000417e+08 1.100499850000000000e+08 1.799136200000000000e+07 2.728600880000000075e+07
9.594502202000004053e+07 8.016657437000000477e+07 2.269830800000000000e+07 3.490637729999999981e+06
9.317988048299999535e+07 1.418790170000000000e+08 1.795306200000000000e+07 5.207733250000000000e+07
1.141081454699999988e+08 7.363598229999999702e+07 1.747632200000000000e+07 1.493921514699999988e+08
1.079494286299999952e+08 7.350582159999999404e+07 1.926494400000000000e+07 7.228971059999999404e+07
7.350184839999999106e+07 1.012512390970000029e+08 2.950293000000000000e+07 2.800738015399999917e+07
1.023563288038000017e+08 1.132504360000000000e+08 1.805867300000000000e+07 2.319925889632600173e+07
8.362375679600000381e+07 8.705917933370000124e+07 2.458791200000000000e+07 8.400993996741999686e+07
1.055625013500000238e+08 1.044874250000000000e+08 1.742643000000000000e+07 7.481854073000000417e+07
1.002482858000000417e+08 1.275884150000000000e+08 1.744016900000000000e+07 4.349259260000000149e+07
6.729887846000000834e+07 1.487834405999999940e+08 3.753233800000000000e+07 1.451336201999999955e+07
1.051151554800000042e+08 7.563954820000000298e+07 1.989337900000000000e+07 4.867554650000000000e+07
7.022247415999999642e+07 1.155682370999999940e+08 2.919306200000000000e+07 8.167721870000000112e+06
6.812674831999999285e+07 1.582425160000000000e+08 2.639525200000000000e+07 3.494398860000000149e+07
9.346564428000004590e+07 1.228383120000000000e+08 1.867544800000000000e+07 2.714593155999999866e+07
1.021666132900000215e+08 7.863078831599999964e+07 2.169917700000000000e+07 4.661007509999999893e+05
7.455314052365700901e+07 9.898133327713429928e+07 2.889377300000000000e+07 3.341658274548279867e+07
1.122990730040000230e+08 6.977881865000000596e+07 1.808025900000000000e+07 1.329927571809999943e+08
8.746695259999999404e+07 8.427652469900000095e+07 2.376794600000000000e+07 3.363577226299999654e+07
7.898637440999999642e+07 9.578726103499999642e+07 2.710382200000000000e+07 1.019149557999999961e+06
8.266247712500000000e+07 9.623095420999999344e+07 2.423356700000000000e+07 4.440240267999999225e+06
6.895478183000001311e+07 1.355466935999999940e+08 3.820414300000000000e+07 6.597194030000000261e+06
1.030096663000000417e+08 9.704603670000000298e+07 1.923538800000000000e+07 1.279838530000000075e+07
7.870787559900000691e+07 9.428858044059999287e+07 2.719297100000000000e+07 9.105421719799999148e+06
6.642672710000000149e+07 1.624592655000000000e+08 3.646914200000000000e+07 2.346115489999999851e+07
1.019643877999999821e+08 1.221485810000000000e+08 1.747929400000000000e+07 3.877305710000000149e+07
1.106925631060000062e+08 7.166019748100000620e+07 1.865185700000000000e+07 9.864416065399999917e+07
1.054761571619999558e+08 7.315942395900000632e+07 2.004389900000000000e+07 5.489090974679999799e+07
1.063506293299999982e+08 6.877704831000000238e+07 1.916484800000000000e+07 1.362027292960000038e+08
1.059848078700000197e+08 7.463658534000000358e+07 1.822859800000000000e+07 1.653627843899999857e+08
8.564203607200002670e+07 9.598549559999999404e+07 2.306022700000000000e+07 6.069458305000000633e+06
9.769152451999999583e+07 8.037635321999999881e+07 2.215936000000000000e+07 6.552770690000000177e+05
9.490818429999999702e+07 1.325636990000000000e+08 1.790754400000000000e+07 4.388520939999999851e+07
1.012364566099999845e+08 1.045778422000000030e+08 1.862741000000000000e+07 1.971563760000000149e+07
9.797139892000001669e+07 1.117248090000000000e+08 1.856678200000000000e+07 2.146739946299999952e+07
9.408671614000001550e+07 1.044792230999999940e+08 1.972288700000000000e+07 1.568791879900000058e+07
8.984205142000000179e+07 8.239077878300000727e+07 2.318200000000000000e+07 3.334412895300000161e+07
6.621216452000001818e+07 1.693428689000000060e+08 3.590657700000000000e+07 2.794673360000000149e+07
8.982455900000000000e+07 8.609770929900000989e+07 2.344706500000000000e+07 1.249411703999999911e+06
1.119059597600000054e+08 7.229426071999999881e+07 1.805181000000000000e+07 1.210278239500000030e+08
1.045961543900000155e+08 7.085337006999999285e+07 1.918791400000000000e+07 1.209646771200000048e+08
9.818103171000002325e+07 1.402659340000000000e+08 1.739660600000000000e+07 5.337928500000000000e+07
1.001854058100000024e+08 7.410357623800000548e+07 2.037824200000000000e+07 7.466955743899999559e+07
9.108166679999999702e+07 8.287076620999999344e+07 2.351602900000000000e+07 7.996551738000000827e+06
9.444737994200000167e+07 8.942190459999999404e+07 2.123448300000000000e+07 5.863410998800000176e+06
9.567925901000000536e+07 1.189035880000000000e+08 1.849115800000000000e+07 2.537068260700000077e+07
1.042107958400000036e+08 7.581876250000000000e+07 2.027365200000000000e+07 3.860803950999999791e+07
7.345817025000000000e+07 1.386659070000000000e+08 2.371796900000000000e+07 2.690861432000000030e+07
1.038198157700000405e+08 9.853771009999999404e+07 1.802350500000000000e+07 5.606453336999999732e+07
1.000618277600000203e+08 1.213777620000000000e+08 1.779507000000000000e+07 3.048095500000000000e+07
7.251085406200002134e+07 1.596214170000000000e+08 2.301278900000000000e+07 4.214017100000000000e+07
1.037190093499999791e+08 1.063300670000000000e+08 1.747552800000000000e+07 7.628015120000000298e+07
8.148213700999999046e+07 9.335720651999999583e+07 2.618903200000000000e+07 6.528281689999999944e+05
1.122979256599999964e+08 7.519308559999999404e+07 1.787391000000000000e+07 1.179903563499999940e+08
9.789002998000000417e+07 8.227101203000000119e+07 2.164780300000000000e+07 2.060609360000000102e+06
1.066404318700000048e+08 6.891874114599999785e+07 1.916487900000000000e+07 1.276013583100000024e+08
9.970713517999997735e+07 1.010117500000000000e+08 1.908621700000000000e+07 1.684247660000000149e+07
1.129415365199999958e+08 6.609593862399999797e+07 1.843332300000000000e+07 1.445087964629999995e+08
7.014192983000001311e+07 1.200544767999999970e+08 2.816717800000000000e+07 1.149801216000000015e+07
1.041285245000000000e+08 1.176579460000000000e+08 1.744620200000000000e+07 4.003601400000000000e+07
8.335609386000001431e+07 9.112823718299999833e+07 2.572768600000000000e+07 7.115520009999999311e+05
9.409126813300000131e+07 7.729657441180001199e+07 2.160377200000000000e+07 1.349365610841999948e+08
7.301568969000001252e+07 1.444246500000000000e+08 2.356120100000000000e+07 3.030512007000000030e+07
8.529577240000000596e+07 9.004884510000000894e+07 2.443754600000000000e+07 1.613333824999999953e+06
9.560627170999999344e+07 1.078203315000000000e+08 1.917495000000000000e+07 1.841606158599999920e+07
7.717568415300001204e+07 1.003625697300000042e+08 2.629073000000000000e+07 3.689307212999999989e+06
1.056392516099999994e+08 7.590934050000000000e+07 2.042556000000000000e+07 3.106149339999999851e+07
1.105420477339999974e+08 7.119648928000000119e+07 1.805619200000000000e+07 1.341030904329999983e+08
7.665687743999999762e+07 1.087107152999999970e+08 2.501935400000000000e+07 9.593903680000001565e+06
1.103554997290000021e+08 6.831839781100000441e+07 1.882821900000000000e+07 1.142476651650000066e+08
1.085616454775999933e+08 7.293652542529998720e+07 1.898052100000000000e+07 8.410694291320000589e+07
9.429352233100000024e+07 9.372561200000000000e+07 2.071664500000000000e+07 8.750721029299998656e+06
7.098294154399998486e+07 1.198638901899999976e+08 3.449069400000000000e+07 3.273756556000000332e+06
7.313522711599999666e+07 1.049854618499999940e+08 2.925994400000000000e+07 2.427228582200000063e+06
9.484145170000001788e+07 9.380498600000000000e+07 2.008865900000000000e+07 3.093182430000000075e+07
7.310543086640015244e+07 1.049086593100000024e+08 2.967003800000000000e+07 2.020210816219999921e+06
1.023774608320000172e+08 7.635817885999999940e+07 2.087337000000000000e+07 2.586207437999999896e+07
7.818423308000001311e+07 9.394553485999999940e+07 2.708426800000000000e+07 1.806123347700000182e+07
9.123100040000000596e+07 1.507716170000000000e+08 1.820317600000000000e+07 5.660671800000000000e+07
9.745072814699998498e+07 9.696444170000000298e+07 1.981740600000000000e+07 1.173901621160000004e+07
1.002508225300000012e+08 8.321081866000001132e+07 2.108441900000000000e+07 3.316508290000000037e+06
8.161253844100001454e+07 8.925303119571000338e+07 2.525187100000000000e+07 6.852161350749999285e+07
8.929107275499999523e+07 8.961706025000000000e+07 2.278239000000000000e+07 3.655329305800000206e+06
9.610052501999999583e+07 8.153942477499999106e+07 2.228336800000000000e+07 8.848236369999999879e+05
9.971977650000004470e+07 1.062499069000000060e+08 1.793767300000000000e+07 7.100079751000000536e+07
8.680377956900000572e+07 9.590863790000000596e+07 2.262484400000000000e+07 6.836880571999999695e+06
1.035006617000000030e+08 8.042278650000000000e+07 2.103311500000000000e+07 5.414748799999999814e+06
1.113521710499999970e+08 6.925172259000000358e+07 1.862281400000000000e+07 1.114079850699999928e+08
1.033078875000000000e+08 1.082776300000000000e+08 1.801554200000000000e+07 3.017509919999999925e+07
7.487418391000002623e+07 1.016711699699999988e+08 2.864560400000000000e+07 1.744321026000000071e+06
1.127816537800000012e+08 6.643672803999999911e+07 1.829806000000000000e+07 1.494022845300000012e+08
9.578679826000000536e+07 7.947938037999999523e+07 2.173893900000000000e+07 2.429720664999999851e+07
1.063083598040000051e+08 7.134864768199999630e+07 1.978484700000000000e+07 7.612466100800000131e+07
1.017905724229999930e+08 7.253118220799998939e+07 1.952331900000000000e+07 1.471851287615999877e+08
8.088766616000001132e+07 1.044167310000000000e+08 2.370839500000000000e+07 9.115617572000000626e+06
1.076033122399999946e+08 7.536084694999998808e+07 1.805697200000000000e+07 1.359251351500000060e+08
