8.347449824599999189e+07 9.331534392000000179e+07 2.448497700000000000e+07 2.759245071500000078e+06
1.124683551800000072e+08 6.613688052700000256e+07 1.850028100000000000e+07 1.443213696130000055e+08
1.062078220199999958e+08 6.910356720000000298e+07 1.900237400000000000e+07 1.387112509300000072e+08
9.391431848999999464e+07 8.247327136499999464e+07 2.317916100000000000e+07 4.324133080000000191e+05
1.021133947999999970e+08 9.756214409999999404e+07 1.923444400000000000e+07 1.304695680000000075e+07
1.112116304300000221e+08 6.909888579999999702e+07 1.850620500000000000e+07 1.178657034800000042e+08
1.139418770499999970e+08 7.418064979999999702e+07 1.744452800000000000e+07 1.503756687400000095e+08
9.802501432600000501e+07 1.411207560000000000e+08 1.740396800000000000e+07 5.331755700000000000e+07
1.041212374007999599e+08 7.628685376839999855e+07 2.106203700000000000e+07 1.681900009609999880e+07
1.001572860300000459e+08 8.585191509999999404e+07 2.071805700000000000e+07 4.993095919999999925e+06
1.035116746899999976e+08 9.023896390000000596e+07 1.988267400000000000e+07 8.817159529999999329e+06
1.087407655409999937e+08 7.319521013099999726e+07 1.913526000000000000e+07 7.678900716400000453e+07
7.994483792100001872e+07 1.006791102999999970e+08 2.470022800000000000e+07 5.818968521000000648e+06
9.596058473000001907e+07 1.244534550000000000e+08 1.822392400000000000e+07 2.906518003999999911e+07
7.160496080000001192e+07 1.704653490000000000e+08 2.329344700000000000e+07 4.856676729999999702e+07
1.062051049699999839e+08 9.666798320000000298e+07 1.808047900000000000e+07 5.158347517999999970e+07
1.115867823100000024e+08 7.332264317000000179e+07 1.806541000000000000e+07 1.164411367099999934e+08
8.122815178000000119e+07 1.054917784000000060e+08 2.343026700000000000e+07 1.009410795399999991e+07
1.056228125400000215e+08 7.431883209999999404e+07 1.984810900000000000e+07 5.422346290999999642e+07
1.118139503099999577e+08 7.521295189999999106e+07 1.801300800000000000e+07 1.114773028199999928e+08
9.284062950000000000e+07 8.530101778000000119e+07 2.240910300000000000e+07 2.300532680000000168e+06
8.828120953000000119e+07 1.036396664000000060e+08 2.125453200000000000e+07 1.268939382100000046e+07
1.076796740799999833e+08 7.537557056000000238e+07 1.926920900000000000e+07 6.555236185000000149e+07
1.049981826299999952e+08 1.039541607999999970e+08 1.747615600000000000e+07 7.380734593999999762e+07
1.084100312600000054e+08 7.233179609999999404e+07 1.911773900000000000e+07 8.195561021999999881e+07
8.133910584000000358e+07 9.330398252099999785e+07 2.652602700000000000e+07 6.125762820000000065e+05
8.862984055339999497e+07 8.862398478000000119e+07 2.324296000000000000e+07 2.576752616179999895e+06
7.463614337027999759e+07 9.882949074297699332e+07 2.883455400000000000e+07 3.352362197623889893e+07
9.888541635999999940e+07 1.064765997999999970e+08 1.865508900000000000e+07 2.434093919999999925e+07
9.718998140000002086e+07 1.109528605999999940e+08 1.870506400000000000e+07 2.107215860999999940e+07
9.120058131000000238e+07 8.503705788500000536e+07 2.319920600000000000e+07 1.033643559000000008e+06
1.017337991899999976e+08 1.147386502000000030e+08 1.741478700000000000e+07 8.893634585999999940e+07
9.801558757999999821e+07 9.008873170000000298e+07 2.047066000000000000e+07 7.365498799999999814e+06
9.847654853800000250e+07 1.050011594000000060e+08 1.897067600000000000e+07 1.733560825200000033e+07
8.520719811000001431e+07 9.029933737000000477e+07 2.446305400000000000e+07 1.495888415999999968e+06
6.683786224000000209e+07 1.570229855000000000e+08 3.783421700000000000e+07 1.836783639999999851e+07
1.026882739000000060e+08 1.043280029000000060e+08 1.862720000000000000e+07 1.754779450000000000e+07
1.102168037670000196e+08 6.871087212700000405e+07 1.880013500000000000e+07 1.117456123120000064e+08
1.015573465999999940e+08 9.184574079999999702e+07 1.983334300000000000e+07 9.264606099999999627e+06
1.021296509899999797e+08 8.173612224000000954e+07 2.109456400000000000e+07 2.561103839999999851e+06
9.823836107999999821e+07 7.953180928000000119e+07 1.964608900000000000e+07 1.476263122899999917e+08
8.466481642000001669e+07 1.187280555000000000e+08 2.102878600000000000e+07 2.075490855999999866e+07
9.592135345000000298e+07 8.167628881399999559e+07 2.229425300000000000e+07 9.451606800000000512e+05
8.640518045999999344e+07 8.964627852000001073e+07 2.401209800000000000e+07 1.852438239000000060e+06
9.126835025499999523e+07 8.032194287000000477e+07 2.197102300000000000e+07 1.001876886772899926e+08
9.909477760999999940e+07 7.457258935999999940e+07 2.088336700000000000e+07 7.229212296799999475e+07
8.892660000000000000e+07 1.555566780000000000e+08 1.859811600000000000e+07 5.808609800000000000e+07
1.020275805999999940e+08 8.663827420000000298e+07 2.040046100000000000e+07 5.896686400000000373e+06
1.071861658599999994e+08 7.510059100000000000e+07 1.798797600000000000e+07 1.728911441299999952e+08
7.302798390000000596e+07 1.095334101899999976e+08 2.739831100000000000e+07 6.872452519999999553e+06
7.628167618810001016e+07 9.607901520620000362e+07 2.776671000000000000e+07 3.692857147235199809e+07
7.740408537000000477e+07 9.443116537000000477e+07 2.714343500000000000e+07 3.815625522999999672e+07
8.962565322000001371e+07 8.564149462700000405e+07 2.409220800000000000e+07 5.478554910000000382e+05
1.014929986999999583e+08 1.069290800000000000e+08 1.850407400000000000e+07 1.911367150000000000e+07
1.029313504000000060e+08 1.108686512000000030e+08 1.739722500000000000e+07 8.339260768000000715e+07
1.033902993730000407e+08 8.603259129000000656e+07 1.979572800000000000e+07 2.196563156700000167e+07
7.516977618999999762e+07 1.019622796200000048e+08 2.862231300000000000e+07 1.344557699000000022e+06
1.051188119800000042e+08 7.565366904000000656e+07 2.039771600000000000e+07 3.351128639000000060e+07
9.803071115000000596e+07 8.022044187300001085e+07 2.224080700000000000e+07 3.544587710000000079e+05
7.724137162500000000e+07 9.963837665000000596e+07 2.657104100000000000e+07 2.813291565799999982e+06
9.420569756793999672e+07 8.677519951999999583e+07 2.170004300000000000e+07 3.949283878618000075e+06
1.023539304300000370e+08 7.874195160600000620e+07 2.163478600000000000e+07 5.822218530000000028e+05
9.813731740999999642e+07 1.066384482000000030e+08 1.818164100000000000e+07 6.521643337000000477e+07
8.336554699100001156e+07 8.733287899300000072e+07 2.467315000000000000e+07 8.226503926978999376e+07
7.927982804000000656e+07 9.646631342000000179e+07 2.610429100000000000e+07 1.978415236000000034e+06
1.001126104000000060e+08 1.274723320000000000e+08 1.746305900000000000e+07 4.248466450000000000e+07
8.446361970000000298e+07 1.013467702000000030e+08 2.271764300000000000e+07 9.299025860999999568e+06
9.327031706000000238e+07 1.088689710999999940e+08 1.953866100000000000e+07 1.834198054100000113e+07
8.210675543999999762e+07 8.912041540000000596e+07 2.529139900000000000e+07 3.440667737399999797e+07
1.017296489420000166e+08 7.638554071999999881e+07 2.103368000000000000e+07 2.421246678200000152e+07
9.772291940000000596e+07 1.301805870000000000e+08 1.776830300000000000e+07 3.629787070000000298e+07
1.064064472240000069e+08 7.241477423899999261e+07 1.988938900000000000e+07 6.158152234239999950e+07
1.105731236500000060e+08 6.810299640000000596e+07 1.835497400000000000e+07 1.415758644199999869e+08
9.392537915000000596e+07 1.153920400000000000e+08 1.897183700000000000e+07 2.265244286499999836e+07
7.381621751000000536e+07 1.460056470000000000e+08 2.309652000000000000e+07 3.193618753000000119e+07
6.857460315000002086e+07 1.377692699000000060e+08 3.812255200000000000e+07 7.887496809999999590e+06
1.031296405400000215e+08 8.948492909000000358e+07 1.927278400000000000e+07 3.019097742000000179e+07
9.588473172900000215e+07 9.430512559999999404e+07 2.033575500000000000e+07 9.637235893200000748e+06
1.023624910000000000e+08 1.128591690000000000e+08 1.807654200000000000e+07 2.298511450000000000e+07
9.278714818299999833e+07 9.235239200000000000e+07 2.125226600000000000e+07 7.350426147999999113e+06
6.622940342000000179e+07 1.683099158000000119e+08 3.604187700000000000e+07 2.725916080000000075e+07
7.826386214000000060e+07 1.036790244000000060e+08 2.488765300000000000e+07 9.825815060000000522e+06
6.749213821999999881e+07 1.545823341999999881e+08 2.850154100000000000e+07 3.010535219999999925e+07
8.848420484999999404e+07 1.435428250000000000e+08 1.894657200000000000e+07 4.032959510000000149e+07
9.967039609999999404e+07 7.775554621999999881e+07 2.154010800000000000e+07 1.442178288199999928e+07
1.124768835300000459e+08 7.345393079999999702e+07 1.747956900000000000e+07 1.633478002700000107e+08
1.035819155230000019e+08 7.676880281990000606e+07 2.133929100000000000e+07 1.032771755946999975e+07
1.057876738400000036e+08 9.294990750000000000e+07 1.847289400000000000e+07 4.554904950000000000e+07
7.529292895000001788e+07 1.122274100999999940e+08 2.527908300000000000e+07 1.099899030000000075e+07
1.018822808000000417e+08 1.223724700000000000e+08 1.741548000000000000e+07 4.313602800000000000e+07
9.342425140000000596e+07 1.522713510000000000e+08 1.785781300000000000e+07 5.814849600000000000e+07
8.009985314970001578e+07 9.099185160314999521e+07 2.583456100000000000e+07 5.896595193247000128e+07
9.092161035580000281e+07 8.773831260999999940e+07 2.256729100000000000e+07 3.110222095859999768e+06
9.726843540000000596e+07 8.295815926000000536e+07 2.168195400000000000e+07 2.158934669999999925e+06
9.397912696999999881e+07 1.015013137000000030e+08 1.997956000000000000e+07 1.406091248000000045e+07
9.949804340000000596e+07 9.384802079999999702e+07 1.983954700000000000e+07 1.026883509999999963e+07
1.015758933180000037e+08 7.656019844900000095e+07 2.150226500000000000e+07 1.536270140899999999e+07
7.264524669999998808e+07 1.070010545799999982e+08 2.870794400000000000e+07 3.958673484000000171e+06
6.625294421999999881e+07 1.673472205999999940e+08 3.620355900000000000e+07 2.658502700000000000e+07
1.061757636949999928e+08 7.147179756999999285e+07 1.851643200000000000e+07 1.601993550300000012e+08
9.911700407999999821e+07 1.216755070000000000e+08 1.792045800000000000e+07 2.900788280000000075e+07
7.064838196800000966e+07 1.290946208799999952e+08 3.840470100000000000e+07 2.940516240999999922e+06
9.100880890000000596e+07 1.448281510000000000e+08 1.833646300000000000e+07 4.741993570000000298e+07
1.107450551800000072e+08 7.299707332999999821e+07 1.861735500000000000e+07 9.424274162999999523e+07
7.394462125000000000e+07 1.711023310000000000e+08 2.227387700000000000e+07 5.545682800000000000e+07
1.040680864200000018e+08 8.326939518000000715e+07 2.037123200000000000e+07 1.250967200899999961e+07
8.064996338099998236e+07 9.036122376783999801e+07 2.555722400000000000e+07 6.306783989777000248e+07
7.270919728000000119e+07 1.041814156700000018e+08 2.950936800000000000e+07 1.965460797300000116e+07
7.095077404000000656e+07 1.231368689000000060e+08 2.682023200000000000e+07 1.449334503999999911e+07
9.792271851000002027e+07 1.147111670000000000e+08 1.839857700000000000e+07 2.333836175600000098e+07
1.128589764469999969e+08 6.886397546299999952e+07 1.805373500000000000e+07 1.399846760879999995e+08
1.044970690999999940e+08 1.089598230000000000e+08 1.795067800000000000e+07 2.925269530000000075e+07
7.671461891000002623e+07 1.586788830000000000e+08 2.153937300000000000e+07 4.336360110000000149e+07
1.104801587099999934e+08 7.108409381000000238e+07 1.785375900000000000e+07 1.723420420300000012e+08
