1.029280440600000024e+08 7.445002079999999702e+07 1.961844400000000000e+07 7.832829476999999583e+07
1.134921919200000018e+08 7.374060729999999702e+07 1.745446100000000000e+07 1.544990500699999928e+08
1.001493683999999762e+08 1.285038590000000000e+08 1.740789500000000000e+07 4.586617889999999851e+07
1.073415597029999942e+08 7.179374688400000334e+07 1.955861500000000000e+07 7.235477734900000691e+07
9.745721951000000536e+07 8.627430860000000894e+07 2.107608300000000000e+07 4.615233330000000075e+06
6.941118991200001538e+07 1.260604299000000060e+08 2.793502700000000000e+07 1.546276615000000037e+07
1.059001243745000064e+08 7.684903528919999301e+07 2.047476200000000000e+07 2.644687994949999824e+07
1.020794450400000066e+08 1.114293160000000000e+08 1.807833000000000000e+07 2.475019739999999851e+07
9.159152715999999642e+07 1.144077187000000030e+08 1.907735900000000000e+07 7.364374539000000060e+07
1.047444057199999988e+08 1.065565599000000060e+08 1.739049100000000000e+07 7.930102917000000179e+07
9.612106668999998271e+07 1.304183280000000000e+08 1.799086200000000000e+07 3.414834320000000298e+07
1.085875644300000072e+08 6.908105090000000596e+07 1.855420900000000000e+07 1.356766657899999917e+08
8.943847570000001788e+07 8.794632325000000000e+07 2.313117100000000000e+07 2.273485810000000056e+06
9.997495784999999404e+07 7.458287173000000417e+07 2.028203500000000000e+07 7.518815223999999464e+07
1.018249384000000060e+08 1.042996647000000030e+08 1.867598900000000000e+07 1.748086219999999925e+07
1.022489150000000000e+08 9.133826759999999404e+07 1.983913600000000000e+07 9.021781000000000000e+06
1.015499497600000054e+08 8.223407109000000358e+07 2.108842200000000000e+07 2.740602399999999907e+06
1.026304062489999980e+08 7.657573505500000715e+07 2.149451000000000000e+07 1.133316928839999996e+07
1.120755520900000334e+08 7.199969014000000060e+07 1.800059000000000000e+07 1.249580338400000036e+08
8.646565675000000000e+07 1.195291022999999970e+08 2.046647000000000000e+07 2.213012594999999925e+07
1.038803307000000030e+08 1.184348880000000000e+08 1.742357000000000000e+07 4.116343689999999851e+07
9.398275767499999702e+07 9.711678759999999404e+07 2.042180500000000000e+07 1.082342295099999942e+07
1.107347513199999928e+08 7.300453523000000417e+07 1.859368500000000000e+07 9.517796179999999702e+07
1.130433305799999982e+08 6.971677043999999762e+07 1.794921300000000000e+07 1.399883071299999952e+08
8.487826485999999940e+07 8.971521417000000179e+07 2.525137600000000000e+07 6.527609270000000251e+05
9.802064551299999654e+07 1.411828270000000000e+08 1.740387400000000000e+07 5.334976600000000000e+07
1.023773097999999970e+08 9.813071959999999404e+07 1.917127800000000000e+07 1.340362830000000075e+07
1.049611496599999964e+08 9.309900379999999702e+07 1.858948100000000000e+07 4.178133713000000268e+07
9.967089034999999404e+07 1.027118257000000030e+08 1.889796500000000000e+07 1.992786030000000075e+07
7.531639791660001874e+07 9.763382593151000142e+07 2.837897600000000000e+07 3.481179622532899678e+07
1.121350121099999994e+08 7.414089570000000298e+07 1.794221900000000000e+07 1.184000559200000018e+08
1.046919565699999928e+08 7.532996590000000596e+07 1.922936600000000000e+07 7.993445379999999702e+07
1.044769683999999762e+08 7.622296900000000000e+07 2.102443200000000000e+07 1.731989900000000000e+07
1.035982085199999958e+08 1.050403385000000000e+08 1.756362700000000000e+07 7.081634420000000298e+07
1.059965822900000066e+08 9.783167779999999702e+07 1.788413300000000000e+07 5.847826574000000209e+07
9.000746257999998331e+07 1.316105860000000000e+08 1.901654000000000000e+07 3.153767844999999925e+07
8.947658759999999404e+07 8.585184877600000799e+07 2.403766900000000000e+07 5.294473020000000251e+05
1.026033563499999940e+08 8.960414665999999642e+07 1.940322700000000000e+07 2.660588810000000149e+07
7.897094178999999166e+07 9.606252220000000298e+07 2.658095900000000000e+07 1.429786523000000045e+06
9.590949550000000000e+07 1.079073512000000030e+08 1.912802100000000000e+07 1.845899072300000116e+07
9.819651346999999881e+07 8.192526031000000238e+07 2.166910300000000000e+07 1.798515919999999925e+06
9.098837306000000238e+07 8.514347470600000024e+07 2.322246200000000000e+07 1.166700628999999957e+06
1.023721849000000060e+08 1.207034140000000000e+08 1.742580000000000000e+07 4.266637410000000149e+07
9.401108719300000370e+07 9.081173800000000000e+07 2.114120400000000000e+07 6.709325206400000490e+06
1.127787926599999964e+08 6.954195602000001073e+07 1.787052200000000000e+07 1.497501033799999952e+08
9.726384062999999523e+07 1.229629570000000000e+08 1.806837300000000000e+07 2.954827769999999925e+07
1.086298384300000072e+08 7.492123983999998868e+07 1.925357200000000000e+07 6.632877253000000119e+07
8.678740012999999523e+07 1.375282970000000000e+08 1.951109400000000000e+07 3.399091200000000000e+07
7.039953235999999940e+07 1.692150100000000000e+08 2.401027600000000000e+07 4.556616310000000149e+07
9.822311884000000358e+07 9.028701959999999404e+07 2.041773800000000000e+07 7.532692099999999627e+06
9.926182059999999404e+07 1.313481750000000000e+08 1.745581600000000000e+07 4.489356470000000298e+07
8.905857353999999166e+07 1.077551002000000030e+08 2.066498100000000000e+07 1.575104153299999982e+07
1.121046655400000066e+08 7.474427270000000298e+07 1.746775200000000000e+07 1.576175382899999917e+08
1.019596381500000060e+08 7.885996903599999845e+07 2.166489400000000000e+07 6.115992020000000484e+05
1.091642639249999821e+08 6.921045188099999726e+07 1.898839700000000000e+07 1.051812779420000017e+08
1.126888862800000161e+08 6.598295921199999750e+07 1.845603000000000000e+07 1.474661484869999886e+08
7.245662107999999821e+07 1.228824740999999940e+08 2.570857100000000000e+07 1.589959441999999993e+07
1.081148901599999964e+08 7.239691129999999702e+07 1.920440400000000000e+07 7.916361510999999940e+07
1.029493639200000018e+08 7.425621640000000596e+07 1.922413900000000000e+07 1.042724235000000000e+08
7.075143135600002110e+07 1.288422330100000054e+08 3.841252700000000000e+07 2.797965799000000115e+06
9.403325761499999464e+07 9.359680420000000298e+07 2.080090800000000000e+07 8.489301821499999613e+06
9.560399507999999821e+07 1.182137690000000000e+08 1.851678800000000000e+07 2.528284808999999985e+07
8.758579043999999762e+07 8.850669957999999821e+07 2.373829500000000000e+07 1.860062050999999978e+06
6.843426938000002503e+07 1.587850450000000000e+08 2.584377800000000000e+07 3.623115789999999851e+07
9.855444701500000060e+07 1.090024292999999970e+08 1.867250100000000000e+07 1.987782959699999914e+07
6.762237545000000298e+07 1.474367210000000000e+08 3.845243100000000000e+07 1.240210293999999948e+07
9.372017084000000358e+07 1.090589130000000000e+08 1.943473800000000000e+07 1.855157101599999890e+07
8.887529014000001550e+07 1.204611730000000000e+08 1.979165100000000000e+07 2.382546016000000015e+07
9.530087087999999523e+07 8.324494945000000298e+07 2.208307700000000000e+07 1.793175780000000028e+06
7.694842513899999857e+07 9.908089004000000656e+07 2.696573800000000000e+07 2.325412106699999887e+06
1.041956189699999988e+08 9.603288340000000596e+07 1.822345500000000000e+07 5.165819107000000030e+07
8.724005379999998212e+07 8.468363901000000536e+07 2.319057700000000000e+07 5.469690032000000030e+07
1.034185817999999821e+08 1.013574362000000030e+08 1.861649800000000000e+07 2.207561130000000075e+07
9.677914862299999595e+07 7.840793776999999583e+07 2.018386500000000000e+07 1.391215919160000086e+08
7.666543271000000834e+07 1.636464900000000000e+08 2.143438700000000000e+07 4.988445639999999851e+07
7.948842059999999404e+07 1.641444290000000000e+08 2.063169800000000000e+07 5.772346700000000000e+07
1.019855639699999988e+08 1.147538437999999970e+08 1.739261100000000000e+07 8.915375526999999583e+07
1.047927030499999970e+08 8.574840170999999344e+07 1.976954900000000000e+07 2.161920180999999866e+07
1.102059525900000036e+08 7.565274129999999702e+07 1.756488200000000000e+07 1.775182706899999976e+08
9.044092750000000000e+07 1.543599220000000000e+08 1.833134000000000000e+07 5.805813300000000000e+07
9.421894233300000429e+07 7.856318399000000954e+07 2.104459100000000000e+07 1.290103549846999943e+08
6.644041735999999195e+07 1.644291983000000119e+08 3.731101800000000000e+07 2.318037810000000149e+07
7.891899893799999356e+07 9.420639024729999900e+07 2.715164400000000000e+07 8.072166295800000429e+06
9.807983712000000477e+07 8.003567318000000715e+07 2.218503700000000000e+07 5.130571439999999711e+05
9.582516400499999523e+07 9.944805470000000298e+07 1.983151800000000000e+07 1.304241253199999966e+07
8.094386465999999642e+07 9.429065991099999845e+07 2.600740800000000000e+07 1.028461523999999976e+06
8.312947940000000596e+07 1.603824970000000000e+08 1.976242500000000000e+07 5.798318200000000000e+07
8.315114120000001788e+07 1.209472738700000048e+08 2.099486800000000000e+07 6.699659750000000000e+07
6.624785692000000179e+07 1.675394495999999940e+08 3.618156500000000000e+07 2.670765800000000000e+07
8.319163918999999762e+07 9.218318120000000298e+07 2.496495700000000000e+07 1.683657527000000002e+06
8.989039858900000155e+07 8.356496801700000465e+07 2.191613200000000000e+07 1.151295436019999981e+08
7.758112190400001407e+07 1.002165024899999946e+08 2.604920600000000000e+07 3.895374510999999940e+06
8.079849042900002003e+07 9.507907373999999464e+07 2.542524200000000000e+07 2.520572706699999981e+06
1.010896571199999601e+08 8.669176970000000298e+07 2.047803100000000000e+07 5.833694450000000186e+06
8.610181860000000894e+07 1.130558597999999970e+08 2.096216700000000000e+07 2.086943730000000075e+07
8.927634577000001073e+07 8.147591703309999406e+07 2.293203200000000000e+07 1.146507887369000018e+08
9.706452762000000477e+07 1.152223940000000000e+08 1.840799200000000000e+07 2.553045860000000149e+07
7.082006390999999642e+07 1.121385130799999982e+08 2.935939900000000000e+07 6.159116885999999940e+06
7.409779642700001597e+07 1.045761015900000036e+08 2.785912700000000000e+07 3.672220108000000007e+06
7.266818878300000727e+07 1.057588972399999946e+08 2.964380400000000000e+07 2.491996304299999960e+06
1.028878028700000048e+08 9.264695695000000298e+07 1.891553600000000000e+07 3.526156724000000209e+07
9.466930748999999464e+07 8.675237340000000596e+07 2.158563100000000000e+07 4.083252250000000000e+06
8.245605134200000763e+07 8.831631354766000807e+07 2.495888300000000000e+07 7.489264096887999773e+07
7.108570133000001311e+07 1.168128900000000000e+08 2.774149700000000000e+07 1.017342907000000030e+07
7.420824954000002146e+07 1.707488050000000000e+08 2.218201400000000000e+07 5.614412300000000000e+07
8.500357179999999702e+07 1.489292940000000000e+08 1.941938900000000000e+07 5.313468979999999702e+07
8.634724661599999666e+07 9.374432681000000238e+07 2.313535300000000000e+07 5.000685514000000432e+06
1.014729666300000399e+08 7.363422024300000072e+07 2.057742300000000000e+07 6.502453406599999964e+07
7.373247328999999166e+07 1.072984829599999934e+08 2.737673100000000000e+07 5.566806993999999948e+06
8.292738149500000477e+07 8.913461803100000322e+07 2.421312300000000000e+07 8.423197754099999368e+07
6.622151142000000179e+07 1.687966323000000119e+08 3.604280400000000000e+07 2.750411950000000000e+07
8.058961918000000715e+07 1.141851927000000030e+08 2.273106600000000000e+07 1.559200601899999939e+07
8.587901790000000596e+07 1.482723680000000000e+08 1.924860100000000000e+07 5.066060660000000149e+07
9.864161862000001967e+07 1.181961640000000000e+08 1.798638300000000000e+07 3.150731480000000075e+07
8.348884453499999642e+07 8.906278304800000787e+07 2.392969300000000000e+07 8.817692701999999583e+07
6.893013439000001550e+07 1.377131715000000000e+08 3.889648600000000000e+07 6.673691190000000410e+06
1.064540724300000072e+08 7.228655875000000000e+07 1.836272300000000000e+07 1.631605564350000024e+08
9.271792559700000286e+07 1.418922280000000000e+08 1.802536100000000000e+07 5.239327989999999851e+07
7.269203939999999106e+07 1.707031230000000000e+08 2.277402800000000000e+07 5.074319050000000000e+07
9.751461020999999344e+07 1.140417780000000000e+08 1.792553400000000000e+07 8.021300531999999285e+07
1.024886249000000060e+08 9.729159950000000000e+07 1.923382200000000000e+07 1.297309769999999925e+07
7.767926756100000441e+07 9.535336479600000381e+07 2.643743600000000000e+07 4.993472412699999660e+07
7.505081414000000060e+07 1.014247111400000006e+08 2.881542500000000000e+07 1.476604351000000024e+06
6.681713662999998778e+07 1.825521894000000060e+08 4.502157800000000000e+07 1.857796355000000075e+07
7.710956153000000119e+07 1.198942884000000060e+08 2.350918000000000000e+07 1.888660139999999851e+07
9.362866829999999702e+07 8.319259794200000167e+07 2.276765200000000000e+07 8.372307070000000531e+05
1.070390268700000197e+08 7.667805185999999940e+07 1.988362400000000000e+07 4.219856875000000000e+07
8.607593717000000179e+07 8.663235537000000477e+07 2.450042200000000000e+07 1.154183523000000045e+07
1.121337063499999940e+08 6.866458381000000238e+07 1.847997200000000000e+07 1.195097721500000060e+08
7.678572781000000238e+07 1.040378061899999976e+08 2.570853100000000000e+07 6.220386775000000373e+06
6.891087392000000179e+07 1.669808460000000000e+08 2.518509500000000000e+07 4.188844320000000298e+07
7.017249726000002027e+07 1.336555722000000030e+08 2.618435500000000000e+07 2.109226128999999911e+07
9.790940929299999774e+07 9.576210079999999702e+07 1.986537600000000000e+07 1.108154182780000009e+07
7.616904456000001729e+07 1.114378414000000060e+08 2.490710600000000000e+07 1.102018128200000152e+07
1.046501901700000018e+08 8.357504260999999940e+07 2.024043000000000000e+07 1.448080043999999948e+07
