8.296564191599999368e+07 9.367953245000000298e+07 2.459806100000000000e+07 2.946078154599999543e+06
1.045540476992000192e+08 7.598921924699999392e+07 2.090162000000000000e+07 2.079319871070000157e+07
1.017030547000000030e+08 1.224297910000000000e+08 1.747168600000000000e+07 3.962737460000000149e+07
1.016808107199999988e+08 9.175162070000000298e+07 1.983111200000000000e+07 9.265744800000000745e+06
1.045201921090000421e+08 6.995840800740000606e+07 1.921905100000000000e+07 1.517636559611999989e+08
7.349428461000001431e+07 1.012770281940000057e+08 2.950298900000000000e+07 2.793343050699999928e+07
9.466862554000000656e+07 1.356356690000000000e+08 1.800966800000000000e+07 3.883229540000000596e+07
1.120040567199999988e+08 7.409471710000000894e+07 1.797258300000000000e+07 1.172266800999999940e+08
1.039574384000000060e+08 1.008509507999999970e+08 1.859976300000000000e+07 2.303518510000000149e+07
1.033343450999999940e+08 1.047783452000000030e+08 1.856518000000000000e+07 1.788497719999999925e+07
1.044510474099999964e+08 1.070965799000000060e+08 1.739327900000000000e+07 7.930127901999999583e+07
1.021830011299999952e+08 1.139637710000000000e+08 1.739128600000000000e+07 8.802796321000000834e+07
1.134235788199999928e+08 6.634180464999999851e+07 1.831214300000000000e+07 1.455214397500000000e+08
1.072830356040000468e+08 6.986322758100000024e+07 1.851819800000000000e+07 1.615427914950000048e+08
1.054296441599999964e+08 9.552638359999999404e+07 1.822586900000000000e+07 4.954837406000000238e+07
1.113214932800000012e+08 6.899198350000000000e+07 1.868315800000000000e+07 1.107789956599999964e+08
9.762867918999998271e+07 8.688822319999998808e+07 2.094703500000000000e+07 5.159285810000000522e+06
9.744299448999997973e+07 1.043906387000000030e+08 1.915721100000000000e+07 1.667384854600000009e+07
6.646560880999998748e+07 1.616414369000000060e+08 3.657502700000000000e+07 2.281883370000000298e+07
1.049307665999999940e+08 9.798316929999999702e+07 1.794488700000000000e+07 5.775817810000000149e+07
1.041561716000000238e+08 1.078204470000000000e+08 1.807798700000000000e+07 2.694376750000000000e+07
7.526503255260001123e+07 9.772057159085099399e+07 2.841141100000000000e+07 3.475360845078100264e+07
8.952919375200001895e+07 9.033972770000000298e+07 2.259618100000000000e+07 4.143279434200000018e+06
7.677602322709998488e+07 9.533720949490000308e+07 2.741598600000000000e+07 3.939309005606000125e+07
7.879955050000000000e+07 1.648933820000000000e+08 2.080907800000000000e+07 5.772876200000000000e+07
8.139251901000000536e+07 9.326657212399999797e+07 2.652561900000000000e+07 5.945754250000000466e+05
1.021280322000000030e+08 9.707857450000000000e+07 1.928729100000000000e+07 1.265597169999999925e+07
1.101806634795999974e+08 6.657368771422000229e+07 1.867836100000000000e+07 1.584777577574000061e+08
1.081752020700000226e+08 7.234046479999999702e+07 1.922293600000000000e+07 7.862112175000000000e+07
1.037898174930000007e+08 7.689827282170000672e+07 2.142618000000000000e+07 7.917274243319999427e+06
1.041555257600000203e+08 9.169547764000000060e+07 1.882997000000000000e+07 3.793692989999999851e+07
1.037760045999999940e+08 1.182794760000000000e+08 1.745720500000000000e+07 3.921948329999999702e+07
9.676176710000002384e+07 7.797229565999999642e+07 2.142779200000000000e+07 3.460462126299999654e+07
1.000098997400000244e+08 1.117796930999999940e+08 1.766829400000000000e+07 8.047057982999999821e+07
1.004947223599999994e+08 8.000174204999999702e+07 2.164251100000000000e+07 1.060582828999999911e+06
9.779779673000001907e+07 1.396063770000000000e+08 1.746640000000000000e+07 4.986716260000000149e+07
8.478899451000000536e+07 8.984998294199998677e+07 2.508443800000000000e+07 8.047285339999999851e+05
1.141594285600000024e+08 6.928197671999999881e+07 1.786664600000000000e+07 1.463779287500000000e+08
7.866620636000001431e+07 1.309573059000000060e+08 2.210272200000000000e+07 2.548352892999999970e+07
9.788548661100001633e+07 9.689663200000000000e+07 1.976339000000000000e+07 1.178361579130000062e+07
7.396391460000000894e+07 1.460677730000000000e+08 2.296650000000000000e+07 3.409846420000000298e+07
7.434713779000000656e+07 1.705872920000000000e+08 2.213431600000000000e+07 5.617508300000000000e+07
9.535938229999999702e+07 1.085182117000000030e+08 1.916823800000000000e+07 1.875398559499999881e+07
8.579607219999998808e+07 1.352536500000000000e+08 1.965688100000000000e+07 4.034032260000000149e+07
1.053144645600000024e+08 8.923398995000000298e+07 1.894419900000000000e+07 3.863535370000000298e+07
8.771965859000000358e+07 8.805638984000000358e+07 2.382092200000000000e+07 1.562221152000000002e+06
1.056745722450000048e+08 7.317828392800000310e+07 2.013325500000000000e+07 5.205422453239999712e+07
6.922064753999999166e+07 1.246462477000000030e+08 2.851999200000000000e+07 1.373810400999999978e+07
9.763140501000002027e+07 8.015296852700001001e+07 2.228675600000000000e+07 5.371097550000000047e+05
9.895925034999999404e+07 7.873715789000000060e+07 1.952198600000000000e+07 1.482842972299999893e+08
1.047836084600000232e+08 1.041673429000000060e+08 1.748046700000000000e+07 7.399908120000000298e+07
1.058357043599999994e+08 7.615356170000000298e+07 2.042945400000000000e+07 2.987630651999999955e+07
1.043286170359999985e+08 7.511732844349999726e+07 2.076306600000000000e+07 2.857368217520000041e+07
7.090772609999999404e+07 1.114012364699999988e+08 2.943324900000000000e+07 7.768606072999999858e+06
9.574335382340002060e+07 8.961372240000000596e+07 2.091910900000000000e+07 6.502676824400000274e+06
1.015869411120000035e+08 1.136170530000000000e+08 1.808244400000000000e+07 2.337796642000000179e+07
7.367528608000001311e+07 1.040932138400000036e+08 2.891386100000000000e+07 2.286489867999999784e+06
7.888697003000000119e+07 9.654319468000000715e+07 2.639118100000000000e+07 1.709740685999999987e+06
1.135425803199999928e+08 7.446205760000000894e+07 1.741787200000000000e+07 1.544970210699999928e+08
9.103872620000000298e+07 1.482852020000000000e+08 1.826768700000000000e+07 5.178872200000000000e+07
7.259992763999998569e+07 1.111289522999999970e+08 2.749675300000000000e+07 7.363231733000000939e+06
1.084289675950000435e+08 7.403992773000000417e+07 1.925026700000000000e+07 6.986852972100000083e+07
7.324227535000002384e+07 1.585307730000000000e+08 2.269930500000000000e+07 4.657931110000000149e+07
1.055079347020000070e+08 6.968514115300001204e+07 1.896902400000000000e+07 1.559227665715000033e+08
9.589709434000000358e+07 8.635419760000000894e+07 2.135820200000000000e+07 4.287860589999999851e+06
1.013038825999999940e+08 1.050088875999999940e+08 1.866653600000000000e+07 1.778647419999999925e+07
7.101872981900000572e+07 1.282299454399999976e+08 3.843094400000000000e+07 2.453447180900000036e+06
9.975924689000000060e+07 9.017108959999999404e+07 2.021124700000000000e+07 7.886507000000000000e+06
1.065543853940000236e+08 7.293675465999999642e+07 1.979475100000000000e+07 6.031563849300000072e+07
9.584142231399999559e+07 1.055091825000000000e+08 1.931293800000000000e+07 1.698136168100000173e+07
8.736679245800000429e+07 8.347256936369998753e+07 2.315182500000000000e+07 1.038838800350999981e+08
9.786165203000000119e+07 9.149243609999999404e+07 2.032084800000000000e+07 8.318658799999999814e+06
7.283544825000000000e+07 1.080533531299999952e+08 2.799460200000000000e+07 5.443410475000000559e+06
1.003926526270000041e+08 7.307627008319999278e+07 1.988955400000000000e+07 1.452828663061999977e+08
9.560653600000000000e+07 8.283707026999999583e+07 2.211966200000000000e+07 1.498519138000000035e+06
9.596584246760000288e+07 7.981076466549000144e+07 2.214823900000000000e+07 1.081758147976999916e+07
6.878382384000000358e+07 1.639235160000000000e+08 2.533974000000000000e+07 3.953388089999999851e+07
9.723626260999999940e+07 1.117704120000000000e+08 1.866250000000000000e+07 2.130620691899999976e+07
1.018540679000000060e+08 1.211273670000000000e+08 1.746447100000000000e+07 4.093041870000000298e+07
1.000471845300000012e+08 8.341939481000000238e+07 2.109238100000000000e+07 3.317580149999999907e+06
9.599084126000002027e+07 8.016522037000000477e+07 2.269805300000000000e+07 3.366067029999999795e+06
7.513010062000000477e+07 1.126815522999999970e+08 2.534069400000000000e+07 1.090044941799999960e+07
9.392084699100004137e+07 9.854609420000000298e+07 2.028381700000000000e+07 1.180607034299999848e+07
7.022799840000000596e+07 1.497944960000000000e+08 2.480760200000000000e+07 3.183869589999999851e+07
9.321147868000000715e+07 8.345316446200001240e+07 2.289137100000000000e+07 7.546363659999999218e+05
8.563649929999999702e+07 1.581001950000000000e+08 1.923085800000000000e+07 5.824097800000000000e+07
1.105162404029999971e+08 6.846650373800000548e+07 1.878554700000000000e+07 1.133399028850000054e+08
7.864134980510002375e+07 9.276806628635999560e+07 2.647460500000000000e+07 4.660598360299000144e+07
1.107584177500000000e+08 7.292258085999999940e+07 1.861722300000000000e+07 9.452865392000000179e+07
1.127811368299999833e+08 6.801244950000000000e+07 1.804121300000000000e+07 1.504429898000000119e+08
7.700214018000000715e+07 1.671677960000000000e+08 2.129534100000000000e+07 5.750326200000000000e+07
8.960159473000000417e+07 8.625608078499999642e+07 2.349107700000000000e+07 1.305047300999999978e+06
9.244439864489999413e+07 8.700770190999999642e+07 2.219815400000000000e+07 3.309764852760000154e+06
1.068682688400000036e+08 7.475859809999999404e+07 1.964788200000000000e+07 5.610475139999999851e+07
1.041734141299999952e+08 1.041083570999999940e+08 1.759745700000000000e+07 6.601440839999999851e+07
1.001911125199999958e+08 1.243058330000000000e+08 1.773787400000000000e+07 3.128159039999999851e+07
1.013897341400000006e+08 7.613988159999999404e+07 2.037990200000000000e+07 4.675414456000000238e+07
8.881039729999998212e+07 1.556203260000000000e+08 1.861924200000000000e+07 5.808863400000000000e+07
6.875273637999999523e+07 1.485183340000000000e+08 2.612660400000000000e+07 2.975166569999999925e+07
7.713782579100000858e+07 9.994853298000000417e+07 2.643019200000000000e+07 3.387303862999999896e+06
8.144010377300000191e+07 9.182888541179999709e+07 2.633760100000000000e+07 5.549225284200000577e+06
1.042933875810000002e+08 7.204704040000000596e+07 1.994994200000000000e+07 7.614736757500000298e+07
1.105215043799999952e+08 7.245518482999999821e+07 1.807763600000000000e+07 1.239894337800000012e+08
9.497934629999999702e+07 1.210592370000000000e+08 1.849819700000000000e+07 2.652102871000000089e+07
1.013195764600000232e+08 8.651127939999999106e+07 2.047840500000000000e+07 5.730095290000000037e+06
9.392678500000000000e+07 1.456718890000000000e+08 1.781614800000000000e+07 5.294877400000000000e+07
1.044683048079999983e+08 8.230189671599999070e+07 2.040310100000000000e+07 1.387251845500000007e+07
6.681060472999999672e+07 1.574516474000000060e+08 3.780596600000000000e+07 1.864522332000000030e+07
1.016149768700000048e+08 1.039293837000000030e+08 1.855729600000000000e+07 2.258587400000000000e+07
6.869429836000001431e+07 1.370233743000000119e+08 3.815007900000000000e+07 7.453848690000000410e+06
7.281020740299998224e+07 1.054660817699999958e+08 2.965301600000000000e+07 2.328958588299999945e+06
1.068762400100000054e+08 7.547858700000000000e+07 1.801422700000000000e+07 1.720341177500000000e+08
8.608858815000000596e+07 8.690052545999999344e+07 2.478045700000000000e+07 7.963992757000000216e+06
9.121402438199999928e+07 9.986684779999999702e+07 2.082502900000000000e+07 1.153599280800000019e+07
9.949448290000000596e+07 1.299170250000000000e+08 1.747353600000000000e+07 4.327761720000000298e+07
7.770359266999998689e+07 9.416606931999999285e+07 2.712354600000000000e+07 2.743736248200000077e+07
1.042495568100000471e+08 8.695256893999999762e+07 1.937860300000000000e+07 3.148353555999999866e+07
1.120981620400000066e+08 6.628760590999999642e+07 1.836514600000000000e+07 1.550347896100000143e+08
1.127307911800000072e+08 7.478638850000000000e+07 1.741206900000000000e+07 1.603775389499999881e+08
