1.2490107603E8 7.64173426E7 2.0459121E7 1.5780205006E8
1.1215295792000002E8 8.7398536872E7 2.5122255E7 1544245.581
1.1533120970999998E8 1.139217162E8 1.9853583E7 7.620032284E7
1.1810127401E8 1.107505085E8 1.9878369E7 7.596074134E7
1.0203846659000002E8 9.4382234416E7 2.6348961E7 942356.591
1.12508455E8 1.107241316E8 2.1699462E7 1.50527391E7
1.1250549145900002E8 8.7062361472E7 2.443311E7 9692458.692
1.1020130194000004E8 1.01530447E8 2.2845009E7 9558205.64
1.12782695953E8 8.2596879933E7 2.3360734E7 6.7783400844E7
9.07829244E7 1.0562892976E8 2.9835177E7 1341114.831
1.11264714364E8 8.256333761600001E7 2.2318482E7 1.43560444353E8
1.1632066366799998E8 7.8402890506E7 2.1410261E7 1.742738776927E8
8.823364638E7 1.414036735E8 2.5447886E7 6.55093991E7
8.004631759E7 1.305978524E8 3.1083971E7 1.058661308E7
1.2485435969000004E8 8.50599472E7 1.9817697E7 1.4749632196E8
1.0875209445E8 8.652321426E7 2.3881357E7 4.262110687E7
1.1004669646E8 9.001493830600001E7 2.4714744E7 845219.452
1.1585869474300002E8 8.38731466558E7 2.3261855E7 4.16151025042E7
1.1263543665E8 1.156155215E8 1.9942165E7 8.178238159E7
8.294498295000002E7 1.376398161E8 2.845071E7 1.802524724E7
8.341966243E7 1.1123035215554E8 3.2496662E7 4.434489178042E7
1.10051880486E8 1.143630596E8 2.1557726E7 1.7245740659E7
7.493909E7 1.443700662E8 3.839709E7 9128204.59
8.118924416E7 1.82522783E8 2.6458934E7 4.91767184E7
1.12204656611E8 8.125181986160001E7 2.2249528E7 1.488408427748E8
9.749293456E7 1.213757176E8 2.3723709E7 1.98583149E7
1.0825175930000004E8 9.88006653E7 2.3497532E7 6496736.300000001
7.278102156E7 1.712120755E8 4.0616537E7 2.05881472E7
8.716547088E7 1.276414988E8 2.7477662E7 1.448986234E7
1.2064500333E8 8.535258493E7 2.1066654E7 9.600845032E7
8.7917421123E7 1.1140381489E8 2.9758663E7 3429502.7380000004
1.1812986421E8 8.02454703E7 2.1181155E7 1.258262563E8
1.0417850254000002E8 9.069228834E7 2.6111952E7 7642821.648
1.02401820717E8 1.009901962E8 2.452096E7 6150211.959000001
8.599308608000001E7 1.55669319E8 2.5655369E7 3.196768314E7
8.985689267000002E7 1.66908146E8 2.3711977E7 4.29890935E7
9.721397977E7 1.2840762666E8 2.2906123E7 7.160759488E7
8.974604877000001E7 1.07860698478E8 3.0367785E7 729314.498
1.1413269573E8 8.736134162E7 2.4711846E7 1006107.521
1.0838357272E8 8.96387665E7 2.5295554E7 468442.235
1.210239952064E8 7.64363183232E7 2.071244E7 1.713768235974E8
1.1471819354200004E8 9.434309406E7 2.2810717E7 1.9943533506E7
1.1822845029E8 8.36780477E7 2.223048E7 6.54713246E7
1.126583407E8 1.32504594E8 1.9775114E7 3.968599E7
1.1643610401000002E8 1.0308483815E8 2.103597E7 4.952517993E7
1.10180461836E8 1.19733921E8 2.1099212E7 2.06898136319E7
1.1973324730000004E8 8.638598766999999E7 2.1639947E7 7.319771781E7
1.13390486581E8 9.760536575E7 2.2273031E7 2.874385785E7
1.1231817021E8 9.9687264E7 2.2894068E7 7844257.9
1.1251272079E8 1.0849268656E8 2.0675054E7 6.154868347E7
1.0182440711999996E8 1.4472566E8 2.0973344E7 3.440025926E7
1.0628718103000002E8 9.72205689E7 2.4086388E7 4935585.18
1.0445045889E8 1.25200125E8 2.147226E7 2.344449854E7
9.947218295E7 1.084972974E8 2.4479254E7 1.016331512E7
1.1210986333999996E8 9.52774361E7 2.3505543E7 4924409.57
1.1314570719E8 8.61667715E7 2.2120766E7 7.91136923E7
1.0580815667E8 1.28159066E8 2.1057079E7 2.5135000517E7
7.724301967999999E7 1.454070913E8 3.0917638E7 1.839133278E7
1.1032700631E8 1.28231154E8 2.0427031E7 2.75654001E7
9.840035635E7 1.190901629E8 2.3250833E7 5.970564873E7
1.1778565975999998E8 8.58612635E7 2.2296535E7 5.622593865E7
1.2487347631E8 8.33952613E7 1.9869686E7 1.5089039597E8
1.0769917654399998E8 1.20097895E8 2.1356671E7 2.0439739318E7
1.0346919456E8 1.214199679E8 2.199606E7 2.0087063821E7
1.1427689455E8 1.0572420171E8 2.0887815E7 5.264555693E7
1.0335281070800002E8 9.8251108E7 2.467472E7 4642065.149300001
1.1465878014799996E8 7.87969523987E7 2.1992414E7 1.696532223726E8
8.275676631E7 1.221023985E8 3.0802131E7 6720191.343
1.0931744232999998E8 1.42902315E8 1.985112E7 3.82027645E7
1.0730855961E8 8.977622961999999E7 2.2754602E7 1.30320018865E8
1.0176504926E8 1.172475394E8 2.2724715E7 1.783087541E7
8.329601875999999E7 1.1655443145E8 3.2053732E7 2297337.4613
1.078456731E8 1.319608222E8 1.9872338E7 1.045182447E8
8.9333756928E7 1.04460767001E8 2.9305903E7 7.77961513404E7
1.2036497466E8 7.80385017E7 2.0902072E7 1.4343715005E8
7.600141657E7 1.393892194E8 3.2745981E7 1.350993965E7
1.02057088397E8 1.058150448E8 2.3936924E7 9286082.605
1.1436508510999998E8 8.62302662E7 2.2872322E7 4.57049804E7
9.573460784E7 1.00404002874E8 2.8151254E7 1200689.7440000002
9.9882069101E7 9.19538494323E7 2.6246356E7 1.060353122596E8
9.9391588849E7 9.878196371E7 2.6241578E7 2864536.0918
9.046654934E7 1.3605277861E8 2.491688E7 6.690689973E7
7.728121357999998E7 1.2606807009E8 3.456991E7 4699148.213
7.435545391E7 1.77531113E8 3.0617196E7 3.7722187E7
1.17035844051E8 8.633557756E7 2.2800857E7 4.1092938999E7
8.939754698000002E7 1.258995966E8 2.6628081E7 1.504487642E7
1.1461704636300002E8 9.029435594E7 2.4101816E7 1823479.209
1.1698802766E8 1.075035421E8 2.0423707E7 6.086179852E7
1.2009388723E8 8.026940616E7 2.1601466E7 9.844673057E7
1.0631625921E8 9.0878114236E7 2.5774632E7 380487.0990000001
8.472965672E7 1.13398113253E8 3.2427396E7 912785.905
9.5069663865E7 9.70537563831E7 2.7751761E7 8.680883364253E7
1.1091385149E8 8.612089243E7 2.3431814E7 4.382283685E7
1.122909018E8 1.17502284E8 2.1096979E7 1.95574201E7
1.1642527647999996E8 1.0054792861E8 2.155364E7 3.836434356E7
1.1577269272E8 8.64268824E7 2.3505075E7 2.477234965E7
1.2012553512E8 8.443327276E7 2.0098424E7 1.5551838914E8
9.0364731713E7 1.023936507255E8 2.9445645E7 6.637720343079E7
1.2277530536E8 8.446883892999999E7 2.0492866E7 1.1922533173E8
1.09567222466E8 8.316270978830001E7 2.2976543E7 1.300694461449E8
1.2092926245999998E8 8.39491067E7 1.9772914E7 2.0477694176E8
1.2243710433400002E8 7.67225716E7 2.1046551E7 1.35995294431E8
1.207328394E8 7.671652527E7 2.1130352E7 1.42442525018E8
9.955003331000002E7 9.6649343662E7 2.69783E7 1218018.324
1.06154685363E8 1.068386168E8 2.2833782E7 1.14206196865E7
8.429261889999998E7 1.84034869E8 2.5284645E7 5.8672889E7
9.097100329000002E7 1.58752586E8 2.3626667E7 3.79048844E7
1.152586438E8 8.659185E7 2.4107957E7 1.1992367E7
1.2029640463E8 8.336673394E7 2.1526114E7 8.655300844E7
1.0417972485899998E8 8.7695150452E7 2.4958557E7 1.181637735204E8
1.1005895308E8 9.309756701E7 2.4099327E7 3016713.68
1.0585055504999998E8 1.37690771E8 2.046999E7 3.24841889E7
9.370525757E7 1.218795697E8 2.5231179E7 1.5105544519E7
1.08261231867E8 1.23339818E8 2.1038692E7 2.2642821662E7
1.02406600631E8 9.924454129E7 2.4817853E7 4891407.766
8.737811506E7 1.10760434077E8 3.1263529E7 781337.217
1.07751203778E8 8.48983037468E7 2.3408564E7 1.23150806988E8
1.0442648920700002E8 9.7713622683E7 2.4211636E7 1.150940901E7
1.1793761910999998E8 8.165634642999999E7 2.0494E7 1.7974847924E8
8.518376151000002E7 1.64437445E8 2.5528719E7 3.7094722E7
9.4168293694E7 9.89627260348E7 2.7478901E7 9.02482327921E7
8.5803949942E7 1.0800949968366E8 3.1369071E7 5.111650909187E7
9.370948267E7 9.870783958E7 2.8348164E7 5.233093551E7
1.1517981057999998E8 8.250749443E7 2.1029696E7 1.73135391431E8
7.80868125E7 1.89060967E8 2.7716467E7 5.19654174E7
1.2532015351E8 8.010340361999999E7 1.9770204E7 1.7751775585E8
7.626744733E7 1.311294719E8 3.4315887E7 7661113.97
8.509693682999998E7 1.223693708E8 2.9289628E7 9071314.793
1.12697116866E8 8.01268575873E7 2.2655243E7 1.602281746842E8
7.59887005244E7 1.349917718E8 3.3598573E7 1.035838886E7
1.142461126E8 1.31033874E8 1.987819E7 3.4379828800000004E7
1.0815939361999996E8 9.174390389E7 2.4682776E7 1675788.497
9.637915036E7 1.42993222E8 2.2603848E7 3.055128053E7
8.7137721103E7 1.065651460926E8 3.0424521E7 6.5100663416E7
1.16988072905E8 8.322839566E7 2.276469E7 5.4396655709E7
1.0027332040999997E8 1.45000508E8 2.1327381E7 3.421283361E7
9.798464583E7 9.7908875736E7 2.805454E7 701125.5920000001
9.4049615E7 1.67462E8 2.2298553E7 5.28684111E7
1.1442924881E8 1.116702498E8 2.0254607E7 6.367990194E7
7.72349015E7 1.88449956E8 2.8174149E7 5.0220865E7
9.154633214000002E7 1.0101397566E8 2.9007537E7 7.174535424657E7
9.632057198E7 1.167096484E8 2.4746033E7 1.335271345E7
1.11303624344E8 8.5983797393E7 2.3811027E7 3.2116977285E7
1.0192375868E8 9.547263573E7 2.5858429E7 1949315.933
1.2426448262000002E8 7.989488099E7 2.0457288E7 1.3731899629E8
1.0236307435E8 1.35129507E8 2.1303678E7 2.844698826E7
1.08216028E8 1.41567442E8 1.9891693E7 4.06160511E7
1.1467974494E8 8.550619189E7 2.0830662E7 1.7549402192E8
8.688442953E7 1.61013469E8 2.5030077E7 3.599848783E7
1.2191621626000002E8 7.97879873E7 2.1044528E7 1.173620382E8
1.23148549498E8 7.597080563599999E7 2.0402661E7 1.86180577812E8
1.1461566455130002E8 8.62442315367E7 2.3970822E7 1.7012471856E7
1.16869605511E8 8.150712788E7 2.2216424E7 8.084734249E7
8.440123989000002E7 1.49038531E8 2.6761548E7 2.661397651E7
1.0222162000999998E8 1.095908199E8 2.3394697E7 1.255155472E7
1.1432788998E8 9.78275171E7 2.2895003E7 9314640.6
1.1829127988E8 7.60920998751E7 2.1632691E7 1.820755681353E8
1.0400367228E8 1.31894537E8 2.1077097E7 2.84839781E7
1.1336335698E8 8.72505233E7 2.3465689E7 2.847824765E7
1.2298063178E8 8.036167928999999E7 2.0340423E7 1.4414015268E8
1.0351924444699998E8 1.039001615E8 2.3755389E7 8898562.879999999
9.5623649308E7 1.061374689E8 2.6583348E7 5410553.868
1.0656471388E8 8.55621475617E7 2.3982423E7 1.232703756596E8
9.3951217967E7 1.0436893109E8 2.7835803E7 3001938.2142
7.940307878999999E7 1.2071336248E8 3.4745143E7 1683487.5129999998
8.1058202599E7 1.1891401837E8 3.3007621E7 3146043.783
1.062424638E8 1.56761176E8 1.9644727E7 5.8736296E7
8.89690678E7 1.2794759221E8 2.6276925E7 5.0152616243E7
1.2139009376E8 8.56486283E7 1.9704382E7 1.7829809757E8
9.627063155E7 1.106631251E8 2.5517866E7 9275182.843
7.276869335000001E7 1.763048961E8 4.4001023E7 1.832348158E7
1.0293604306E8 1.13353786E8 2.28357E7 1.4671044893E7
1.2137404951E8 8.551946763000001E7 2.1060384E7 9.461779193E7
8.275967627000001E7 1.71504822E8 2.6189899E7 4.01236292E7
9.69292305E7 1.63042517E8 2.1605347E7 4.8128765E7
1.1253977355999996E8 1.0346271227E8 2.1357968E7 4.667356541E7
8.133619058999999E7 1.1429105407187E8 3.3561404E7 3.961245409124E7
1.09726563E8 9.9075859E7 2.2482294E7 3.0364285E7
1.1874119215999998E8 8.554366688000001E7 2.1157601E7 9.648638946E7
9.349297881E7 9.87997015426E7 2.8304045E7 8.07699617916E7
9.7710883168E7 1.0112233317E8 2.6536513E7 3451353.3303
9.770562806E7 1.47285542E8 2.1986977E7 3.400964063E7
8.318721379800002E7 1.15112864129E8 3.3381283E7 1024255.413
1.2592982586E8 8.029614057E7 1.9863314E7 1.6570537653E8
7.808012602000004E7 1.71176756E8 2.8312321E7 3.60666761E7
1.14835501914E8 8.2662118895E7 2.2831119E7 6.35716068E7
1.0227170771999998E8 1.52630154E8 2.0390288E7 4.9740357E7
7.614957359E7 1.86872004E8 2.889081E7 4.68743351E7
7.307512709E7 1.721484194E8 4.4336287E7 1.563403074E7
1.0577035605E8 8.758726481E7 2.3921818E7 7.807946201E7
1.0795106555E8 1.33682222E8 2.0437016E7 2.9165024088E7
1.1046371240000002E8 1.063102499E8 2.230393E7 1.19729812E7
1.1260144345E8 1.153117674E8 2.1052665E7 2.41488987E7
1.0927308714E8 9.77405832E7 2.3487247E7 6085223.96
1.1442664561E8 1.22058568E8 2.0443073E7 2.78289372E7
1.142031671E8 1.038375029E8 2.230278E7 1.07897951E7
7.880103504000002E7 1.2401513213E8 3.349868E7 4320002.917
1.081818261E8 1.30838321E8 2.0429085E7 3.11098757E7
1.128024903E8 1.25116621E8 2.0493584E7 2.45348251E7
1.0191042527E8 1.247699362E8 2.2101451E7 2.168253593E7
1.1416986342E8 9.905100593E7 2.2236869E7 2.403699127E7
1.1240693542E8 1.38519798E8 1.9848057E7 3.375146592E7
7.50708021E7 1.406518256E8 3.4659195E7 1.225484802E7
1.1032882438300002E8 8.7306685345E7 2.4673313E7 1.1715683335E7
9.064716112E7 1.39028691E8 2.4913602E7 2.439150898E7
1.18961880408E8 7.7177933985E7 2.0932087E7 1.826864182528E8
9.404633240999998E7 1.57777618E8 2.2677917E7 3.90348018E7
1.0993148732E8 1.284999395E8 1.966998E7 1.0729271932E8
1.0655360698499998E8 1.131875346E8 2.2111354E7 1.5800470014E7
1.22770236124E8 7.6583440738E7 2.1114099E7 1.33697673245E8
1.0931679000000004E8 1.36682111E8 1.9879977E7 4.16538657E7
1.2206842728E8 8.295295728999999E7 2.1037138E7 1.0345302285E8
1.1439530470000002E8 1.28815322E8 1.9872614E7 3.73159548E7
1.05900867329E8 1.01935046E8 2.350236E7 7920975.7248
9.729118010999998E7 1.32117038E8 2.2992832E7 2.41295746E7
8.69783158E7 1.70431352E8 2.452856E7 4.63204973E7
1.0416961345E8 9.410324914E7 2.5292407E7 1844097.0
1.16952677824E8 8.506761932200001E7 2.2039838E7 6.9261001399E7
8.027339673000002E7 1.73136447E8 2.7177454E7 3.9152604400000006E7
9.176454098E7 1.04641251023E8 3.0264258E7 552398.9700000001
7.463968397000001E7 1.487546392E8 3.2822022E7 1.878526857E7
9.992240171E7 1.135989891E8 2.3708486E7 1.3668880729E7
1.2266580522E8 8.305136942999999E7 2.043833E7 1.272429214E8
1.0415824611399996E8 1.064018733E8 2.3292467E7 1.0542133299E7
1.0908282842000002E8 1.092177224E8 2.1667227E7 3.11507463E7
8.300033964999999E7 1.78329572E8 2.5851859E7 4.66804268E7
8.6859881305E7 1.1196932187E8 3.039797E7 2732287.2139
7.383483082E7 1.73791048E8 3.1886303E7 3.38793447E7
7.484535314E7 1.7969943E8 2.9996071E7 4.07734103E7
8.9293612017E7 1.12256172E8 2.8742764E7 5095009.737
7.683234672E7 1.4219613663E8 3.1506126E7 2.966475149E7
1.1624688679999998E8 8.608098514999999E7 2.0417785E7 1.8396388013E8
1.0943812153E8 8.6936652E7 2.3155371E7 6.028535782E7
7.927688501E7 1.18203979591E8 3.4564558E7 2.6593466546E7
8.140689409E7 1.411620921E8 2.8908317E7 1.902359358E7
1.1485780288E8 1.196149152E8 1.9495733E7 9.199856849E7
7.9731370213E7 1.250668761E8 3.2471992E7 5767434.191999999
7.868875359000002E7 1.2688050323E8 3.2831996E7 6413014.989
7.862735583E7 1.352671476E8 3.1310293E7 1.268024185E7
1.1469751663000004E8 8.207844500999999E7 2.1219897E7 1.69532524573E8
1.1429032683E8 9.42608204E7 2.3496229E7 4421562.59
