1.200894523379999846e+08 7.917531629500000179e+07 2.169937400000000000e+07 1.020555586710000038e+08
1.146735959699999988e+08 9.437733720000000298e+07 2.346747400000000000e+07 4.455194599999999627e+06
1.101874272000000030e+08 1.106922180999999940e+08 2.188034600000000000e+07 1.490775040000000037e+07
8.338191181000000238e+07 1.159973984389999956e+08 3.340703400000000000e+07 5.787170029999999097e+05
1.146268746400000155e+08 8.735723273999999464e+07 2.468829000000000000e+07 6.201584449999999488e+05
1.222022637699999958e+08 7.456292137000000477e+07 2.088161300000000000e+07 1.788352162299999893e+08
9.039627082999999821e+07 1.043559839786999971e+08 3.036282100000000000e+07 7.543214360700000077e+06
1.249010760300000012e+08 7.641734259999999404e+07 2.045912100000000000e+07 1.578020500600000024e+08
1.167448395900000036e+08 1.036553462999999970e+08 2.095468900000000000e+07 5.052533888000000268e+07
1.055105681829999536e+08 1.128884780000000000e+08 2.232242000000000000e+07 1.527847501700000092e+07
1.063396240700000226e+08 9.087211425000000000e+07 2.557574500000000000e+07 5.806547399999999907e+05
1.121529579200000167e+08 8.739853687199999392e+07 2.512225500000000000e+07 1.544245581000000006e+06
1.112644377870000154e+08 8.566309538199999928e+07 2.382890300000000000e+07 3.406260876600000262e+07
1.140899905999999940e+08 1.041079125999999940e+08 2.227932900000000000e+07 1.093460809999999963e+07
1.204478712900000215e+08 7.550295506000000238e+07 2.136796500000000000e+07 1.597153970309999883e+08
1.153312097099999785e+08 1.139217162000000030e+08 1.985358300000000000e+07 7.620032284000000358e+07
1.126723420999999940e+08 1.176625630000000000e+08 2.105977400000000000e+07 1.971052989999999851e+07
1.135147892999999970e+08 1.247801990000000000e+08 2.048692100000000000e+07 2.433593550000000000e+07
1.142061848949999958e+08 8.273130124500000477e+07 2.302730900000000000e+07 6.185191649400000274e+07
1.181012740100000054e+08 1.107505085000000000e+08 1.987836900000000000e+07 7.596074134000000358e+07
1.020384665900000185e+08 9.438223441599999368e+07 2.634896100000000000e+07 9.423565910000000149e+05
1.125084550000000000e+08 1.107241315999999940e+08 2.169946200000000000e+07 1.505273909999999963e+07
8.735789363000001013e+07 1.098920295300000012e+08 3.196964900000000000e+07 5.978786180000000168e+05
7.900599110000000894e+07 1.891411100000000000e+08 2.727425900000000000e+07 5.329880939999999851e+07
1.118370402000000030e+08 1.359802700000000000e+08 1.977187900000000000e+07 3.789884089999999851e+07
1.064513739200000018e+08 1.029327709000000060e+08 2.326776200000000000e+07 8.740254891799999401e+06
1.145214502000000030e+08 1.202068330000000000e+08 2.048200300000000000e+07 2.989723360000000149e+07
1.215873364000000060e+08 8.301906676999999583e+07 1.975934700000000000e+07 2.020956747599999905e+08
1.125054914590000212e+08 8.706236147200000286e+07 2.443311000000000000e+07 9.692458691999999806e+06
1.117966886999999583e+08 1.051556292000000030e+08 2.229393600000000000e+07 1.149237380000000075e+07
1.147350594043000042e+08 8.594792045073999465e+07 2.394436100000000000e+07 1.865667844176999852e+07
1.084304187199999988e+08 1.235945470000000000e+08 2.095768300000000000e+07 2.369843821999999881e+07
1.054780389432000071e+08 9.993310800000000000e+07 2.386520600000000000e+07 6.460048404089999385e+06
1.252303395000000000e+08 8.358330069999998808e+07 1.981235700000000000e+07 1.528913802100000083e+08
1.102013019400000423e+08 1.015304470000000000e+08 2.284500900000000000e+07 9.558205640000000596e+06
1.181626299200000018e+08 8.363689970000000298e+07 2.220953600000000000e+07 6.639820196000000089e+07
1.170038743100000024e+08 1.092638117000000030e+08 2.026843500000000000e+07 6.282372472999999672e+07
1.192191112399999946e+08 8.470852830999998748e+07 2.010099800000000000e+07 1.645715149300000072e+08
1.160705245200000405e+08 1.007700076700000018e+08 2.133785100000000000e+07 4.570167240999999642e+07
1.141997900010000169e+08 9.066173220000000298e+07 2.406187600000000000e+07 2.047947229999999981e+06
1.127826959529999942e+08 8.259687993299999833e+07 2.336073400000000000e+07 6.778340084399999678e+07
1.163035036800000072e+08 8.486197721000000834e+07 2.050479800000000000e+07 1.821482377599999905e+08
9.078292440000000596e+07 1.056289297600000054e+08 2.983517700000000000e+07 1.341114831000000006e+06
1.153414437699999958e+08 8.650312459999999404e+07 2.346170100000000000e+07 2.624117619000000134e+07
1.106032476299999952e+08 1.428138900000000000e+08 1.975024800000000000e+07 3.856719889999999851e+07
1.046073104099999964e+08 1.527051840000000000e+08 2.008644600000000000e+07 4.582518360000000149e+07
1.217322250999999940e+08 8.298762320000000298e+07 2.035267000000000000e+07 1.347972759000000060e+08
9.555828818999999762e+07 1.003972526519999951e+08 2.888396900000000000e+07 6.444971629999999423e+05
1.112647143639999926e+08 8.256333761600001156e+07 2.231848200000000000e+07 1.435604443529999852e+08
1.163206636679999828e+08 7.840289050599999726e+07 2.141026100000000000e+07 1.742738776926999986e+08
1.081964670100000054e+08 8.996612024899999797e+07 2.528038900000000000e+07 3.461743150000000023e+05
9.703626228000000119e+07 9.989637855699999630e+07 2.809775700000000000e+07 4.716638240000000224e+05
9.203683123100000620e+07 1.004496230182999969e+08 2.882514100000000000e+07 7.404885290942999721e+07
8.883291635000000894e+07 1.058572380717000067e+08 2.931705400000000000e+07 7.905291266240000725e+07
1.230985312699999958e+08 7.761837740000000596e+07 2.088982400000000000e+07 1.335841839899999946e+08
8.823364637999999523e+07 1.414036735000000000e+08 2.544788600000000000e+07 6.550939910000000149e+07
1.074558535600000024e+08 1.525447200000000000e+08 1.955347000000000000e+07 5.786875400000000000e+07
1.144244092399999946e+08 1.148508122999999970e+08 2.104119000000000000e+07 2.246809700000000000e+07
7.447961859000000358e+07 1.468462696999999881e+08 3.565087700000000000e+07 1.417000408000000007e+07
1.104450718800000399e+08 9.584723009999999404e+07 2.364227000000000000e+07 4.826830250000000000e+06
1.065306046300000399e+08 9.155935250900000334e+07 2.531169400000000000e+07 5.911471869999999180e+05
1.108667485199999958e+08 1.402027950000000000e+08 1.988086800000000000e+07 3.462761989999999851e+07
1.250239132199999988e+08 7.982732668000000715e+07 1.977236700000000000e+07 1.826158271599999964e+08
1.128467284899999797e+08 1.298067867999999970e+08 1.937211400000000000e+07 1.127326364000000060e+08
1.019342270900000036e+08 1.105358449000000060e+08 2.340097700000000000e+07 1.240926573900000006e+07
8.004631759000000358e+07 1.305978524000000060e+08 3.108397100000000000e+07 1.058661308000000007e+07
8.691291830000001192e+07 1.806855580000000000e+08 2.440272800000000000e+07 5.880632000000000000e+07
1.050349187999999821e+08 1.560938260000000000e+08 1.978900700000000000e+07 6.017527100000000000e+07
1.096191910699999928e+08 9.782789170000000298e+07 2.344876100000000000e+07 6.067395099999999627e+06
1.221065197099999934e+08 8.310564473000000417e+07 2.099162300000000000e+07 1.045578732300000042e+08
1.120908480799999982e+08 9.220113126000000536e+07 2.400060700000000000e+07 2.735082320000000298e+06
1.248543596900000423e+08 8.505994720000000298e+07 1.981769700000000000e+07 1.474963219600000083e+08
1.249779047900000066e+08 8.022829432999999821e+07 2.026736900000000000e+07 1.436120723000000119e+08
1.189913850550000072e+08 7.587628173330000043e+07 2.131741300000000000e+07 1.843277865692000091e+08
7.424811731999997795e+07 1.772888820000000000e+08 3.080130100000000000e+07 3.724575329999999702e+07
1.087520944500000030e+08 8.652321426000000536e+07 2.388135700000000000e+07 4.262110686999999732e+07
8.541308944000001252e+07 1.127064365269999951e+08 3.271461900000000000e+07 5.371097449999999953e+05
1.070789445039999932e+08 1.166027825000000000e+08 2.173753700000000000e+07 1.800335630399999768e+07
1.100466964599999934e+08 9.001493830600000918e+07 2.471474400000000000e+07 8.452194520000000484e+05
1.140323260999999940e+08 1.302139600000000000e+08 1.972904300000000000e+07 4.243545620000000298e+07
1.158586947430000156e+08 8.387314665579999983e+07 2.326185500000000000e+07 4.161510250419999659e+07
1.126354366500000060e+08 1.156155215000000000e+08 1.994216500000000000e+07 8.178238159000000358e+07
1.103713442500000000e+08 1.283161460000000000e+08 2.040741000000000000e+07 2.793735189999999851e+07
8.294498295000001788e+07 1.376398160999999940e+08 2.845071000000000000e+07 1.802524723999999836e+07
8.341966243000000715e+07 1.112303521555400044e+08 3.249666200000000000e+07 4.434489178041999787e+07
1.173484579300000072e+08 1.084171782000000030e+08 2.034094700000000000e+07 6.138888614000000060e+07
1.100518804860000014e+08 1.143630595999999940e+08 2.155772600000000000e+07 1.724574065900000185e+07
1.070811388569999784e+08 1.079306854000000060e+08 2.254616600000000000e+07 1.254161459799999930e+07
7.493909000000000000e+07 1.443700661999999881e+08 3.839709000000000000e+07 9.128204589999999851e+06
9.317751051000000536e+07 1.038642569130000025e+08 2.876694000000000000e+07 1.287359161000000080e+06
8.118924415999999642e+07 1.825227830000000000e+08 2.645893400000000000e+07 4.917671839999999851e+07
1.122046566110000014e+08 8.125181986160001159e+07 2.224952800000000000e+07 1.488408427748000026e+08
7.719946125000000000e+07 1.262049660699999928e+08 3.455643500000000000e+07 6.139764673000000417e+06
1.000458307000000030e+08 9.612549103700000048e+07 2.725582000000000000e+07 5.796686700000000419e+05
7.537497362000000477e+07 1.397772245000000000e+08 3.337790300000000000e+07 1.320585150999999978e+07
1.049787788299999982e+08 1.296385420000000000e+08 2.104800400000000000e+07 2.707203430000000075e+07
1.264972885100000054e+08 7.877458326999999583e+07 1.989113600000000000e+07 1.732287872299999893e+08
8.123700467000001669e+07 1.185328420849999934e+08 3.426951300000000000e+07 8.781334159999999683e+05
1.045307410899999589e+08 1.281637682999999970e+08 2.065177000000000000e+07 9.037722756000000238e+07
9.908735210999999940e+07 1.111032607999999970e+08 2.431866900000000000e+07 1.136019065699999966e+07
1.015751735999999940e+08 1.644631530000000000e+08 2.036159200000000000e+07 6.075281200000000000e+07
9.749293456000000238e+07 1.213757175999999940e+08 2.372370900000000000e+07 1.985831489999999851e+07
1.082517593000000417e+08 9.880066529999999702e+07 2.349753200000000000e+07 6.496736300000000745e+06
7.278102156000000238e+07 1.712120755000000000e+08 4.061653700000000000e+07 2.058814719999999925e+07
1.026789065300000012e+08 1.472155800000000000e+08 2.068658700000000000e+07 3.688764220000000298e+07
1.145006796800000072e+08 8.529736490000000596e+07 2.285858900000000000e+07 4.941132464999999851e+07
7.769392248000001907e+07 1.375586041800000072e+08 3.146901300000000000e+07 2.739701298999999836e+07
8.716547087999999523e+07 1.276414987999999970e+08 2.747766200000000000e+07 1.448986233999999985e+07
1.230587085799999982e+08 8.419974424000000954e+07 2.049465900000000000e+07 1.196349525799999982e+08
1.206450033299999982e+08 8.535258493000000715e+07 2.106665400000000000e+07 9.600845031999999285e+07
7.470073801999998093e+07 1.784495710000000000e+08 3.017652500000000000e+07 3.875852810000000149e+07
8.791742112299999595e+07 1.114038148900000006e+08 2.975866300000000000e+07 3.429502738000000361e+06
1.036111979899999946e+08 9.336572331399999559e+07 2.580247100000000000e+07 9.849943930000000400e+05
1.181298642099999934e+08 8.024547029999999702e+07 2.118115500000000000e+07 1.258262562999999970e+08
1.041785025400000215e+08 9.069228834000000358e+07 2.611195200000000000e+07 7.642821648000000045e+06
1.024018207169999927e+08 1.009901962000000030e+08 2.452096000000000000e+07 6.150211959000000730e+06
1.135198210400000215e+08 1.267153302999999970e+08 1.937135700000000000e+07 1.079184464000000060e+08
7.555919050999999046e+07 1.498794735399999917e+08 4.389092000000000000e+07 4.782871790999999270e+06
1.075417395000000000e+08 1.319945170000000000e+08 2.045127600000000000e+07 3.136129719999999925e+07
8.599308608000001311e+07 1.556693190000000000e+08 2.565536900000000000e+07 3.196768314000000060e+07
7.933002117000001669e+07 1.208267709699999988e+08 3.474262400000000000e+07 1.744321026000000071e+06
9.715074479999999702e+07 1.690842060000000000e+08 2.143614600000000000e+07 6.080927400000000000e+07
8.985689267000001669e+07 1.669081460000000000e+08 2.371197700000000000e+07 4.298909350000000000e+07
1.128174250199999958e+08 9.942082259999999404e+07 2.288995100000000000e+07 7.718274200000000186e+06
1.075421600499999821e+08 9.250128262000000477e+07 2.465870300000000000e+07 2.022339620000000112e+06
9.368280240500000119e+07 9.888498611720000207e+07 2.787723200000000000e+07 8.776018298890000582e+07
1.128871382800000012e+08 1.369751050000000000e+08 1.981458800000000000e+07 3.438578650000000000e+07
9.721397976999999583e+07 1.284076266599999964e+08 2.290612300000000000e+07 7.160759487999999523e+07
1.206494581500000060e+08 8.417601068999999762e+07 2.146789700000000000e+07 8.517939970999999344e+07
8.974604877000001073e+07 1.078606984780000001e+08 3.036778500000000000e+07 7.293144980000000214e+05
7.820556578000000119e+07 1.260146370199999958e+08 3.347152500000000000e+07 5.441727173000000417e+06
