8.822555615999999642e+07 1.096814184800000042e+08 3.028712600000000000e+07 1.757460358999999939e+06
1.114884536099999845e+08 8.307989495999999344e+07 2.305033300000000000e+07 7.682491875599999726e+07
1.128135110499999821e+08 8.515304612999999523e+07 2.322863200000000000e+07 4.541354160000000149e+07
1.119426385000000000e+08 1.112315225999999940e+08 2.168440000000000000e+07 1.536436640000000037e+07
1.090374455000000000e+08 1.396440370000000000e+08 1.982468200000000000e+07 4.193937840000000596e+07
1.141326957300000042e+08 8.736134162000000477e+07 2.471184600000000000e+07 1.006107520999999950e+06
1.144331523429999948e+08 9.045983001000000536e+07 2.408425000000000000e+07 1.913034029000000097e+06
1.135719805649999976e+08 8.263486630500000715e+07 2.337195000000000000e+07 6.190400336500000209e+07
1.083835727199999988e+08 8.963876650000000000e+07 2.529555400000000000e+07 4.684422349999999860e+05
1.141281825999999940e+08 1.223985850000000000e+08 2.035134800000000000e+07 3.074735610000000149e+07
1.099669634200000018e+08 9.023219874699999392e+07 2.469708200000000000e+07 8.992112659999999451e+05
1.103737415400000066e+08 9.300977259999999404e+07 2.406604400000000000e+07 3.054037330000000075e+06
1.123577189000000060e+08 1.185356640000000000e+08 2.100701400000000000e+07 2.025184230000000075e+07
1.210239952064000070e+08 7.643631832320000231e+07 2.071244000000000000e+07 1.713768235974000096e+08
1.157550914870000035e+08 8.135888422599999607e+07 2.230382700000000000e+07 8.432468038699999452e+07
1.094413884819999933e+08 8.637759524199999869e+07 2.456512000000000000e+07 2.686621014299999923e+07
7.447069982000000775e+07 1.554352335999999940e+08 4.368177400000000000e+07 8.002088870000001043e+06
1.182072173229999989e+08 7.614287857990001142e+07 2.164795400000000000e+07 1.820761902680999935e+08
1.147181935420000404e+08 9.434309406000000238e+07 2.281071700000000000e+07 1.994353350600000098e+07
1.182284502900000066e+08 8.367804770000000298e+07 2.223048000000000000e+07 6.547132460000000149e+07
1.235908910400000066e+08 7.676839414000000060e+07 2.085916500000000000e+07 1.395021353799999952e+08
1.160597919400000423e+08 8.576567270000000298e+07 2.338092400000000000e+07 2.959973862999999896e+07
1.126583407000000030e+08 1.325045940000000000e+08 1.977511400000000000e+07 3.968599000000000000e+07
1.164361040100000203e+08 1.030848381500000060e+08 2.103597000000000000e+07 4.952517992999999970e+07
1.101804618359999955e+08 1.197339210000000000e+08 2.109921200000000000e+07 2.068981363190000132e+07
1.197332473000000417e+08 8.638598766999998689e+07 2.163994700000000000e+07 7.319771781000000238e+07
1.168946486899999976e+08 1.103930747000000030e+08 2.007264800000000000e+07 6.916262498999999464e+07
1.133904865810000002e+08 9.760536575000000000e+07 2.227303100000000000e+07 2.874385785000000149e+07
8.786045539999999106e+07 1.753437710000000000e+08 2.415404700000000000e+07 5.041661950000000000e+07
1.052054850000000000e+08 1.165585229000000060e+08 2.204903000000000000e+07 1.752467405999999866e+07
1.127345228499999940e+08 1.258583900000000000e+08 2.031341200000000000e+07 2.859036919999999925e+07
7.239028765999999642e+07 1.788204725000000000e+08 4.201660100000000000e+07 2.288237660000000149e+07
1.123181702099999934e+08 9.968726400000000000e+07 2.289406800000000000e+07 7.844257900000000373e+06
8.644212606000001729e+07 1.116940395849999934e+08 3.269784200000000000e+07 3.781331429999999818e+05
1.212247234300000221e+08 8.647200550000000000e+07 1.960436700000000000e+07 2.107645652700000107e+08
8.495769306000000238e+07 1.141181790600000024e+08 3.222579400000000000e+07 8.685504150000000373e+05
1.125127207900000066e+08 1.084926865600000024e+08 2.067505400000000000e+07 6.154868346999999881e+07
1.244214831900000423e+08 7.915867950999999046e+07 2.043814600000000000e+07 1.417603849099999964e+08
1.262908964399999827e+08 7.977025139000000060e+07 1.976938400000000000e+07 1.764310759099999964e+08
1.018244071199999601e+08 1.447256600000000000e+08 2.097334400000000000e+07 3.440025925999999791e+07
1.136498600999999940e+08 9.276237500000000000e+07 2.347019700000000000e+07 9.680101199999999255e+06
1.062871810300000161e+08 9.722056890000000596e+07 2.408638800000000000e+07 4.935585179999999702e+06
1.044504588900000006e+08 1.252001250000000000e+08 2.147226000000000000e+07 2.344449853999999911e+07
1.237290199699999839e+08 8.308349542000000179e+07 2.041183200000000000e+07 1.263819460799999982e+08
9.947218295000000298e+07 1.084972974000000060e+08 2.447925400000000000e+07 1.016331511999999918e+07
1.124801875999999940e+08 1.051663747999999970e+08 2.224398100000000000e+07 1.155125190000000037e+07
1.107632735699999928e+08 9.844882320000000298e+07 2.323333100000000000e+07 6.650610500000000000e+06
1.121098633399999589e+08 9.527743609999999404e+07 2.350554300000000000e+07 4.924409570000000298e+06
1.151412193099999577e+08 9.443340950000000000e+07 2.343458000000000000e+07 4.580189450000000186e+06
1.131457071899999976e+08 8.616677150000000000e+07 2.212076600000000000e+07 7.911369229999999702e+07
1.102375269000000209e+08 1.102210145999999940e+08 2.193276800000000000e+07 1.448090190000000037e+07
1.058081566700000018e+08 1.281590660000000000e+08 2.105707900000000000e+07 2.513500051700000092e+07
7.212448021999999881e+07 1.899423008000000119e+08 4.088978300000000000e+07 3.028110360000000149e+07
1.134774827999999970e+08 1.175225410000000000e+08 2.102988300000000000e+07 1.970757130000000075e+07
1.222348407000000179e+08 8.308807259999999404e+07 1.968061600000000000e+07 2.029224534499999881e+08
1.061570926299999952e+08 9.159188936200000346e+07 2.529215400000000000e+07 8.971200010000000475e+05
1.159847182800000161e+08 1.008032269899999946e+08 2.133720900000000000e+07 4.576850850000000000e+07
1.054258307999999970e+08 1.553236190000000000e+08 1.974306700000000000e+07 6.005951200000000000e+07
7.724301967999999225e+07 1.454070913000000119e+08 3.091763800000000000e+07 1.839133278000000119e+07
1.203833392600000054e+08 7.946012059999999404e+07 2.130655700000000000e+07 1.132234107099999934e+08
1.135477735000000447e+08 1.251011250000000000e+08 2.045821000000000000e+07 2.462526469999999925e+07
1.226156030799999982e+08 8.082820335000000894e+07 2.095919400000000000e+07 1.144159935300000012e+08
7.362924323000001907e+07 1.619742219000000060e+08 4.332457600000000000e+07 1.193454765000000037e+07
1.103270063100000024e+08 1.282311540000000000e+08 2.042703100000000000e+07 2.756540010000000149e+07
1.159402902000000030e+08 8.743407600000000000e+07 2.395378300000000000e+07 1.162921244999999925e+07
1.072580177300000042e+08 9.258099617000000179e+07 2.470795500000000000e+07 1.994973189999999944e+06
8.929700399000000954e+07 1.080070231130000055e+08 3.085459500000000000e+07 5.389020330000000540e+05
1.050470343900000006e+08 1.412630210000000000e+08 2.044851800000000000e+07 3.454597989999999851e+07
1.164779609800000042e+08 8.176622362000000477e+07 2.079494600000000000e+07 1.783267074519999921e+08
1.226121006400000006e+08 8.363525780999998748e+07 2.025418200000000000e+07 1.341566667000000030e+08
9.840035634999999404e+07 1.190901629000000060e+08 2.325083300000000000e+07 5.970564872999999672e+07
9.229071702099999785e+07 1.001597044835000038e+08 2.873158300000000000e+07 7.477479216477000713e+07
1.010032692500000447e+08 9.750498592000000179e+07 2.584120900000000000e+07 2.591861359999999870e+06
7.926633442999999225e+07 1.209281128799999952e+08 3.474026200000000000e+07 1.798821700999999885e+06
1.044708972800000012e+08 9.269133446199999750e+07 2.569394400000000000e+07 7.546363659999999218e+05
1.177856597599999756e+08 8.586126350000000000e+07 2.229653500000000000e+07 5.622593864999999851e+07
9.308026639000001550e+07 1.030887293560000062e+08 2.973942100000000000e+07 6.076040819999999367e+05
1.248734763100000024e+08 8.339526129999999702e+07 1.986968600000000000e+07 1.508903959699999988e+08
8.009553980500000715e+07 1.203721473900000006e+08 3.374185700000000000e+07 2.177057569999999832e+06
1.076991765439999849e+08 1.200978950000000000e+08 2.135667100000000000e+07 2.043973931799999997e+07
1.147907128900000155e+08 1.227933604000000060e+08 1.937093800000000000e+07 1.022556114000000060e+08
7.574891929000008106e+07 1.353273905999999940e+08 3.388323900000000000e+07 1.031521171000000089e+07
1.070694769000000060e+08 1.361780000000000000e+08 2.042691100000000000e+07 3.053731639999999851e+07
1.034691945600000024e+08 1.214199679000000060e+08 2.199606000000000000e+07 2.008706382099999860e+07
8.142457200999999046e+07 1.185409473530000001e+08 3.476443100000000000e+07 5.685970499999999302e+05
1.152024160700000226e+08 1.165949339000000060e+08 1.971969800000000000e+07 7.798250779999999702e+07
1.085097515999999791e+08 9.795708300000000000e+07 2.300446800000000000e+07 2.233383560000000149e+07
1.084969114440000057e+08 1.136002405999999940e+08 2.181515900000000000e+07 1.632679892159999907e+07
8.670196430900000036e+07 1.129045963499999940e+08 3.018793200000000000e+07 3.502306487000000197e+06
1.142768945499999970e+08 1.057242017099999934e+08 2.088781500000000000e+07 5.264555692999999970e+07
1.033528107080000192e+08 9.825110800000000000e+07 2.467472000000000000e+07 4.642065149300000630e+06
1.133858325999999940e+08 1.046700749000000060e+08 2.224550500000000000e+07 1.131067769999999925e+07
1.119862398299999833e+08 8.742555396400000155e+07 2.510383000000000000e+07 1.751922108000000007e+06
1.219271743959999979e+08 8.015227912799999118e+07 2.101038300000000000e+07 1.168222770569999963e+08
1.146587801479999572e+08 7.879695239869999886e+07 2.199241400000000000e+07 1.696532223725999892e+08
1.074834244899999797e+08 1.030435027999999970e+08 2.306218700000000000e+07 9.153067599999999627e+06
1.063083535750000030e+08 1.079111522999999970e+08 2.270366500000000000e+07 1.205994844850000180e+07
1.210714383200000226e+08 8.467486463000001013e+07 2.104602400000000000e+07 9.835507554000000656e+07
1.163706972680000067e+08 8.245411812199999392e+07 2.281396700000000000e+07 5.980117363030000031e+07
8.023525522900001705e+07 1.162322542619999945e+08 3.392870000000000000e+07 4.106233513019999862e+07
9.652934950000000000e+07 1.325696270999999940e+08 2.286547000000000000e+07 7.708042543000000715e+07
8.275676631000000238e+07 1.221023985000000000e+08 3.080213100000000000e+07 6.720191343000000343e+06
1.216798134899999946e+08 7.946723007999999821e+07 2.132741400000000000e+07 1.090399472000000030e+08
1.093174423299999833e+08 1.429023150000000000e+08 1.985112000000000000e+07 3.820276450000000000e+07
1.073085596099999994e+08 8.977622961999998987e+07 2.275460200000000000e+07 1.303200188649999946e+08
8.066329532000002265e+07 1.892146540000000000e+08 2.660196200000000000e+07 5.762282700000000000e+07
1.017650492600000054e+08 1.172475394000000060e+08 2.272471500000000000e+07 1.783087541000000015e+07
8.329601875999999046e+07 1.165544314500000030e+08 3.205373200000000000e+07 2.297337461300000083e+06
1.078456730999999940e+08 1.319608222000000030e+08 1.987233800000000000e+07 1.045182447000000030e+08
8.933375692800000310e+07 1.044607670010000020e+08 2.930590300000000000e+07 7.779615134039999545e+07
1.203649746599999964e+08 7.803850170000000298e+07 2.090207200000000000e+07 1.434371500500000119e+08
7.272855771999999881e+07 1.769285475999999940e+08 4.395719800000000000e+07 1.873281126999999955e+07
7.448501799000000954e+07 1.506293425000000000e+08 3.277947200000000000e+07 1.993255285000000149e+07
7.600141656999999285e+07 1.393892194000000060e+08 3.274598100000000000e+07 1.350993965000000037e+07
1.041880109500000030e+08 9.458137101999999583e+07 2.515374700000000000e+07 2.260649550000000279e+06
1.176768997500000000e+08 8.431433298999999464e+07 2.029886900000000000e+07 1.753188975600000024e+08
1.020570883969999999e+08 1.058150447999999970e+08 2.393692400000000000e+07 9.286082605000000447e+06
1.143650851099999845e+08 8.623026620000000298e+07 2.287232200000000000e+07 4.570498039999999851e+07
1.232511855300000012e+08 8.467507309999999404e+07 1.956944000000000000e+07 1.802145207800000012e+08
1.252384050499999970e+08 7.966226409000000358e+07 1.978613300000000000e+07 1.811058764399999976e+08
9.929257031000000238e+07 9.768308545900000632e+07 2.721553700000000000e+07 6.375573000000000466e+05
1.088437262800000012e+08 1.174025005000000000e+08 2.142943500000000000e+07 1.896376084600000083e+07
1.148031507000000030e+08 1.283813080000000000e+08 1.984076500000000000e+07 3.880665350000000000e+07
9.573460784000000358e+07 1.004040028739999980e+08 2.815125400000000000e+07 1.200689744000000181e+06
9.988206910099999607e+07 9.195384943230000138e+07 2.624635600000000000e+07 1.060353122595999986e+08
9.939158884900000691e+07 9.878196370999999344e+07 2.624157800000000000e+07 2.864536091800000053e+06
9.046654934000000358e+07 1.360527786100000143e+08 2.491688000000000000e+07 6.690689972999999672e+07
8.575461368999999762e+07 1.205072162000000030e+08 2.917107700000000000e+07 8.584458748999999836e+06
1.250201747999999970e+08 7.611197140000000596e+07 2.045537200000000000e+07 1.602944234000000060e+08
1.125796299019999951e+08 8.114556065689998865e+07 2.211313300000000000e+07 1.526274552441000044e+08
7.728121357999998331e+07 1.260680700900000036e+08 3.456991000000000000e+07 4.699148213000000454e+06
7.435545390999999642e+07 1.775311130000000000e+08 3.061719600000000000e+07 3.772218700000000000e+07
1.170358440509999990e+08 8.633557756000000238e+07 2.280085700000000000e+07 4.109293899899999797e+07
1.073152262699999958e+08 1.251486740000000000e+08 2.099506900000000000e+07 2.432336183999999985e+07
8.939754698000001907e+07 1.258995965999999940e+08 2.662808100000000000e+07 1.504487641999999993e+07
