1.005251167000000030e+08 1.119336335000000000e+08 2.370184300000000000e+07 1.268509214399999939e+07
1.114312377900000215e+08 1.381037480000000000e+08 1.981600400000000000e+07 3.590667610000000149e+07
1.146170463630000204e+08 9.029435593999999762e+07 2.410181600000000000e+07 1.823479209000000032e+06
1.169880276599999964e+08 1.075035420999999940e+08 2.042370700000000000e+07 6.086179852000000328e+07
1.137970012000000179e+08 1.145941535999999940e+08 2.098557300000000000e+07 2.574940530000000075e+07
1.200938872300000042e+08 8.026940615999999642e+07 2.160146600000000000e+07 9.844673056999999285e+07
1.063162592099999934e+08 9.087811423600000143e+07 2.577463200000000000e+07 3.804870990000001038e+05
1.210160492900000066e+08 7.884530990000000596e+07 2.050591600000000000e+07 1.569517044000000060e+08
1.154141266700000018e+08 9.720489206000000238e+07 2.212488300000000000e+07 3.062502932000000030e+07
1.146096917500000000e+08 1.026750050199999958e+08 2.117165200000000000e+07 4.946188971999999881e+07
8.472965671999999881e+07 1.133981132530000061e+08 3.242739600000000000e+07 9.127859050000000279e+05
1.146764497339999974e+08 8.742913291570000350e+07 2.471172100000000000e+07 1.489623968999999925e+05
1.149503388659999967e+08 8.529964323970000446e+07 2.375646400000000000e+07 2.524696093341999874e+07
1.151622988449999988e+08 7.823276662109999359e+07 2.210917900000000000e+07 1.738575358154999912e+08
1.226709941500000060e+08 7.843590159999999404e+07 2.090939300000000000e+07 1.286832343199999928e+08
9.506966386499999464e+07 9.705375638310000300e+07 2.775176100000000000e+07 8.680883364252999425e+07
1.170229123009999990e+08 8.213175662999999523e+07 2.263308000000000000e+07 6.427529150959999859e+07
1.138401719000000060e+08 1.218510200000000000e+08 2.037703600000000000e+07 3.143986260000000149e+07
1.224751747300000042e+08 8.335073453000000119e+07 2.023301900000000000e+07 1.369271324699999988e+08
1.109138514899999946e+08 8.612089243000000715e+07 2.343181400000000000e+07 4.382283685000000149e+07
1.152612536000000238e+08 1.292069210000000000e+08 1.973235500000000000e+07 4.165449589999999851e+07
1.122909017999999970e+08 1.175022840000000000e+08 2.109697900000000000e+07 1.955742010000000149e+07
1.164252764799999595e+08 1.005479286099999994e+08 2.155364000000000000e+07 3.836434356000000238e+07
1.148786737399999797e+08 9.383269165999999642e+07 2.294385800000000000e+07 1.765459933999999985e+07
1.157726927199999988e+08 8.642688240000000596e+07 2.350507500000000000e+07 2.477234964999999851e+07
1.247857818199999928e+08 7.676247929999999702e+07 2.040206100000000000e+07 1.586423254000000060e+08
1.252971205999999940e+08 8.411442650000000000e+07 1.975119400000000000e+07 1.544618516100000143e+08
8.871870728000000119e+07 1.082776692970000058e+08 3.140926900000000000e+07 5.441044160000000848e+05
1.201255351200000048e+08 8.443327276000000536e+07 2.009842400000000000e+07 1.555183891399999857e+08
9.036473171299999952e+07 1.023936507255000025e+08 2.944564500000000000e+07 6.637720343078999966e+07
1.208048138199999928e+08 8.415648915000000596e+07 2.148460600000000000e+07 8.448067317000000179e+07
1.245467846299999952e+08 7.972650782000000775e+07 2.020704400000000000e+07 1.504551948100000024e+08
1.227753053599999994e+08 8.446883892999999225e+07 2.049286600000000000e+07 1.192253317300000042e+08
1.073738196099999994e+08 9.576649359999999404e+07 2.410400400000000000e+07 4.214060730000000447e+06
1.095672224660000056e+08 8.316270978830000758e+07 2.297654300000000000e+07 1.300694461448999941e+08
1.147688685199999958e+08 9.587115968999999762e+07 2.263957800000000000e+07 2.026248387000000104e+07
9.558673146999999881e+07 1.004883644520000070e+08 2.899186100000000000e+07 5.228346689999999944e+05
8.116093741300000250e+07 1.196527850199999958e+08 3.269083600000000000e+07 3.240659888000000268e+06
1.143131645900000036e+08 9.895940626999999583e+07 2.196217600000000000e+07 3.258069710000000149e+07
1.127540297099999934e+08 1.303405502000000030e+08 1.937224300000000000e+07 1.135519754000000060e+08
1.209292624599999785e+08 8.394910670000000298e+07 1.977291400000000000e+07 2.047769417599999905e+08
1.174646568799999952e+08 8.345840340999999642e+07 2.261350300000000000e+07 5.657959510999999940e+07
1.224371043340000212e+08 7.672257159999999404e+07 2.104655100000000000e+07 1.359952944309999943e+08
8.345215310000000894e+07 1.111845221555400044e+08 3.247796100000000000e+07 4.460793278041999787e+07
1.208023616400000006e+08 8.438440181999999285e+07 2.104852800000000000e+07 9.973719403000000119e+07
8.900483406999999285e+07 1.087952568700000048e+08 3.062010300000000000e+07 7.666427870000000112e+05
1.088394722000000030e+08 1.470537540000000000e+08 1.972277400000000000e+07 4.357185720000000298e+07
1.235393252000000030e+08 8.133721328999999166e+07 1.986736000000000000e+07 1.686982230999999940e+08
7.481488798999997973e+07 1.432170531999999881e+08 3.512036100000000000e+07 1.297676266000000015e+07
1.190792260900000185e+08 8.618071642999999225e+07 2.208515300000000000e+07 6.009545246999999881e+07
1.128558037500000000e+08 9.494380370000000298e+07 2.348491600000000000e+07 4.816953379999999888e+06
8.251471821000000834e+07 1.174084284710000008e+08 3.351754500000000000e+07 7.936381240000000689e+05
1.207328394000000060e+08 7.671652526999999583e+07 2.113035200000000000e+07 1.424425250180000067e+08
9.369594834000000358e+07 9.889420989730000496e+07 2.786042800000000000e+07 8.815705071160000563e+07
1.075812598800000399e+08 9.022094428700000048e+07 2.531232100000000000e+07 5.284375679999999702e+05
9.955003331000001729e+07 9.664934366200000048e+07 2.697830000000000000e+07 1.218018324000000022e+06
1.061546853630000055e+08 1.068386167999999970e+08 2.283378200000000000e+07 1.142061968649999984e+07
1.053493432800000012e+08 1.179797345000000000e+08 2.185939400000000000e+07 1.932469475000000000e+07
8.429261889999997616e+07 1.840348690000000000e+08 2.528464500000000000e+07 5.867288900000000000e+07
9.097100329000002146e+07 1.587525860000000000e+08 2.362666700000000000e+07 3.790488439999999851e+07
7.657441545300000906e+07 1.466323226599999964e+08 4.398994700000000000e+07 2.941059255000000354e+06
1.021468926099999994e+08 9.404316739200000465e+07 2.693598100000000000e+07 5.260435270000000019e+05
1.093058413499999940e+08 9.072647056900000572e+07 2.468888100000000000e+07 1.162240219000000041e+06
8.119776032000002265e+07 1.185920114469999969e+08 3.378032600000000000e+07 1.262083191000000108e+06
1.084136381700000167e+08 1.030117462000000030e+08 2.291485700000000000e+07 9.461164400000000373e+06
1.090987886509999931e+08 1.213272710000000000e+08 2.109349400000000000e+07 2.148193691300000250e+07
1.264101805400000066e+08 7.898515001000000536e+07 1.986807800000000000e+07 1.736958223499999940e+08
1.152586437999999970e+08 8.659185000000000000e+07 2.410795700000000000e+07 1.199236700000000000e+07
1.016622599599999934e+08 1.273112240000000000e+08 2.196876200000000000e+07 2.329379546000000089e+07
1.116110432000000030e+08 1.114726550999999940e+08 2.167878600000000000e+07 1.556051859999999963e+07
1.202964046299999952e+08 8.336673393999999762e+07 2.152611400000000000e+07 8.655300843999999762e+07
1.241431991400000155e+08 8.150044568000000715e+07 2.042443200000000000e+07 1.315983378499999940e+08
9.212722037999999523e+07 1.617623270000000000e+08 2.314529100000000000e+07 4.055738160000000149e+07
1.166965038400000185e+08 1.169733654000000060e+08 1.948826400000000000e+07 8.957252609999999404e+07
1.041797248589999825e+08 8.769515045200000703e+07 2.495855700000000000e+07 1.181637735204000026e+08
1.159797193400000185e+08 9.486682598000000417e+07 2.272350400000000000e+07 1.939584403999999911e+07
1.156924446009999961e+08 8.392665367829999328e+07 2.319228900000000000e+07 4.305915915810000151e+07
1.126677635000000000e+08 1.256281190000000000e+08 2.046478200000000000e+07 2.488162800000000000e+07
9.076888143000000715e+07 1.063720487660000026e+08 2.998398900000000000e+07 7.501198449999999721e+05
1.100589530799999982e+08 9.309756701000000536e+07 2.409932700000000000e+07 3.016713680000000168e+06
1.058505550499999821e+08 1.376907710000000000e+08 2.046999000000000000e+07 3.248418889999999851e+07
1.073159167999999970e+08 1.473337180000000000e+08 1.968817100000000000e+07 5.255504900000000000e+07
1.096122155000000000e+08 9.794955620000000298e+07 2.342934700000000000e+07 6.166049700000000186e+06
9.370525756999999285e+07 1.218795697000000030e+08 2.523117900000000000e+07 1.510554451899999939e+07
1.082612318669999987e+08 1.233398180000000000e+08 2.103869200000000000e+07 2.264282166200000048e+07
1.168263255199999958e+08 1.048093022000000030e+08 2.087613900000000000e+07 5.021424907999999821e+07
1.024066006309999973e+08 9.924454129000000656e+07 2.481785300000000000e+07 4.891407765999999829e+06
8.737811506000000238e+07 1.107604340770000070e+08 3.126352900000000000e+07 7.813372169999999460e+05
1.077512037779999971e+08 8.489830374680000544e+07 2.340856400000000000e+07 1.231508069880000055e+08
1.044264892070000172e+08 9.771362268299999833e+07 2.421163600000000000e+07 1.150940900999999978e+07
9.220832279999999702e+07 1.742085260000000000e+08 2.277421300000000000e+07 6.023713800000000000e+07
1.042819228200000226e+08 1.344601830000000000e+08 2.094568300000000000e+07 2.866507855999999866e+07
1.043283114500000030e+08 9.476231317000000179e+07 2.509757400000000000e+07 2.319171229999999981e+06
1.107518515999999940e+08 1.263242390000000000e+08 2.031019000000000000e+07 3.390873179999999702e+07
8.821422648000000417e+07 1.142634529000000060e+08 2.892060400000000000e+07 5.866967510000000708e+06
8.636561970000001788e+07 1.814113610000000000e+08 2.458248900000000000e+07 5.877868200000000000e+07
1.061299732699999958e+08 9.220056293000000715e+07 2.510993200000000000e+07 1.321328270000000019e+06
1.179376191099999845e+08 8.165634642999999225e+07 2.049400000000000000e+07 1.797484792400000095e+08
1.223119119399999976e+08 8.268935578000000119e+07 2.096323500000000000e+07 1.069531617300000042e+08
8.518376151000002027e+07 1.644374450000000000e+08 2.552871900000000000e+07 3.709472200000000000e+07
7.284803750999999046e+07 1.751320373000000119e+08 4.409182600000000000e+07 1.756034649000000209e+07
9.416829369400000572e+07 9.896272603479999304e+07 2.747890100000000000e+07 9.024823279209999740e+07
1.140766538700000048e+08 1.044388502000000030e+08 2.212923500000000000e+07 1.375298800000000000e+07
1.047187798959999979e+08 1.007258322000000030e+08 2.392123900000000000e+07 6.763859477900000289e+06
8.580394994200000167e+07 1.080094996836600006e+08 3.136907100000000000e+07 5.111650909187000245e+07
1.006660034499999583e+08 1.409326600000000000e+08 2.139258600000000000e+07 3.202888342999999970e+07
1.178900046500000060e+08 7.866199270999999344e+07 2.140990000000000000e+07 1.299998845100000054e+08
1.008654212300000191e+08 1.461854440000000000e+08 2.107479700000000000e+07 3.654881479999999702e+07
1.123064002000000179e+08 1.001283067999999970e+08 2.285539200000000000e+07 8.030282199999999255e+06
1.070288108900000006e+08 1.342520510000000000e+08 2.048978300000000000e+07 2.995656087999999896e+07
9.370948267000000179e+07 9.870783957999999821e+07 2.834816400000000000e+07 5.233093550999999791e+07
1.151798105799999833e+08 8.250749443000000715e+07 2.102969600000000000e+07 1.731353914309999943e+08
7.444422610999999940e+07 1.597134989000000060e+08 4.501815800000000000e+07 8.103415250000000000e+06
1.057960970000000000e+08 9.533541129000000656e+07 2.451671200000000000e+07 3.502924189999999944e+06
7.808681250000000000e+07 1.890609670000000000e+08 2.771646700000000000e+07 5.196541739999999851e+07
7.212343492000000179e+07 1.921157885999999940e+08 4.262371200000000000e+07 2.880699850000000000e+07
1.253201535100000054e+08 8.010340361999998987e+07 1.977020400000000000e+07 1.775177558499999940e+08
1.101041623139999956e+08 1.168901157000000030e+08 2.133484300000000000e+07 1.887643375090000033e+07
7.626744732999999821e+07 1.311294719000000060e+08 3.431588700000000000e+07 7.661113969999999739e+06
1.180937397199999988e+08 1.110726870999999940e+08 1.983357200000000000e+07 7.754400268999999762e+07
1.008749935199999958e+08 9.577655750000000000e+07 2.639142100000000000e+07 1.480114954999999842e+06
1.134689212909999788e+08 8.123015082400000095e+07 2.174997600000000000e+07 1.584994317129999995e+08
1.014110860429999828e+08 1.040538510000000000e+08 2.438947000000000000e+07 7.838539532999999821e+06
8.002527778299999237e+07 1.255431500900000036e+08 3.216169900000000000e+07 6.302957092999999411e+06
1.026971823590000421e+08 9.989444920000000298e+07 2.462023600000000000e+07 5.395148381099999882e+06
9.480311651000000536e+07 1.014779369420000017e+08 2.863807300000000000e+07 8.047285339999999851e+05
1.138380204400000423e+08 1.255427949000000060e+08 1.937153600000000000e+07 1.061008420000000000e+08
8.509693682999998331e+07 1.223693707999999970e+08 2.928962800000000000e+07 9.071314792999999598e+06
1.126971168659999967e+08 8.012685758730000257e+07 2.265524300000000000e+07 1.602281746841999888e+08
7.667704172999998927e+07 1.285906934699999988e+08 3.444392500000000000e+07 8.618348472999999300e+06
7.934294684000000358e+07 1.208065750400000066e+08 3.474308000000000000e+07 1.733480766000000061e+06
1.217711078799999952e+08 7.941554086999998987e+07 2.009148000000000000e+07 1.941838878899999857e+08
1.135972552099999934e+08 1.081495178799999952e+08 2.061065500000000000e+07 6.054447152000000328e+07
1.193377852789999992e+08 8.388778679999999702e+07 2.198163400000000000e+07 7.075444400399999321e+07
7.598870052439999580e+07 1.349917718000000119e+08 3.359857300000000000e+07 1.035838885999999940e+07
1.142461125999999940e+08 1.310338740000000000e+08 1.987819000000000000e+07 3.437982880000000447e+07
1.081593936199999601e+08 9.174390389000000060e+07 2.468277600000000000e+07 1.675788496999999974e+06
1.100934389000000060e+08 1.078649524000000060e+08 2.217439800000000000e+07 1.298524350000000000e+07
9.336958139000000060e+07 1.033547199590000063e+08 2.927947700000000000e+07 5.635167789999999804e+05
1.105054575999999940e+08 1.028397314000000060e+08 2.268622400000000000e+07 9.694795900000000373e+06
9.637915035999999940e+07 1.429932220000000000e+08 2.260384800000000000e+07 3.055128053000000119e+07
8.713772110300000012e+07 1.065651460926000029e+08 3.042452100000000000e+07 6.510066341600000113e+07
1.175341517399999946e+08 8.489771190000000596e+07 2.252073500000000000e+07 5.319896820000000298e+07
1.042473059299999774e+08 9.267572380699999630e+07 2.574835700000000000e+07 8.553664300000000512e+05
