1.169880729050000012e+08 8.322839565999999642e+07 2.276469000000000000e+07 5.439665570899999887e+07
1.123985182000000328e+08 1.235370160000000000e+08 2.039816100000000000e+07 3.040484610000000149e+07
1.124841169000000060e+08 1.179636090000000000e+08 2.104973200000000000e+07 1.984881669999999925e+07
1.140419295000000447e+08 1.040454007000000030e+08 2.228698600000000000e+07 1.090351990000000037e+07
1.002733204099999666e+08 1.450005080000000000e+08 2.132738100000000000e+07 3.421283360999999940e+07
1.084902844599999934e+08 8.961473214000000060e+07 2.526400400000000000e+07 4.503294629999999888e+05
1.140281614399999976e+08 9.074319231000000238e+07 2.406374900000000000e+07 2.037256659999999916e+06
1.122857150199999958e+08 1.377354540000000000e+08 1.983797100000000000e+07 3.417842780000000447e+07
1.193088584200000018e+08 8.655341843999999762e+07 2.189974000000000000e+07 6.458913761999999732e+07
1.146752892999999821e+08 9.411046759999999404e+07 2.347755300000000000e+07 4.797899139999999665e+06
1.135649964000000060e+08 1.255107700000000000e+08 2.043566200000000000e+07 2.481554480000000075e+07
9.798464582999999821e+07 9.790887573600000143e+07 2.805454000000000000e+07 7.011255920000000624e+05
1.065035502800000012e+08 9.648691565000000596e+07 2.415050500000000000e+07 4.566120400000000373e+06
9.404961500000000000e+07 1.674620000000000000e+08 2.229855300000000000e+07 5.286841110000000149e+07
9.982008337000000477e+07 9.619787578800000250e+07 2.760066000000000000e+07 5.601984379999999655e+05
1.136599765000000000e+08 1.135103427999999970e+08 2.109255900000000000e+07 2.488148760000000149e+07
1.196975955489999950e+08 7.966724461800000072e+07 2.177655600000000000e+07 9.727165397300000489e+07
1.105983430999999940e+08 1.045759780999999940e+08 2.248366800000000000e+07 1.081696669999999925e+07
1.102804822999999970e+08 1.074748325000000000e+08 2.219890300000000000e+07 1.272041180000000075e+07
1.144292488100000024e+08 1.116702497999999970e+08 2.025460700000000000e+07 6.367990193999999762e+07
7.723490150000000000e+07 1.884499560000000000e+08 2.817414900000000000e+07 5.022086500000000000e+07
1.240008306200000048e+08 8.328319562000000477e+07 2.030207100000000000e+07 1.302125153100000024e+08
1.169805091500000060e+08 1.059981037999999970e+08 2.048654700000000000e+07 6.251889332999999821e+07
9.154633214000001550e+07 1.010139756599999964e+08 2.900753700000000000e+07 7.174535424657000601e+07
1.240762714500000030e+08 7.639738400000000000e+07 2.034638500000000000e+07 1.699757276999999881e+08
9.632057198000000417e+07 1.167096484000000060e+08 2.474603300000000000e+07 1.335271344999999925e+07
1.070107178599999845e+08 1.250725010000000000e+08 2.107555200000000000e+07 2.353444382099999860e+07
1.113036243439999968e+08 8.598379739300000668e+07 2.381102700000000000e+07 3.211697728500000015e+07
1.019237586800000072e+08 9.547263573000000417e+07 2.585842900000000000e+07 1.949315932999999961e+06
1.242644826200000197e+08 7.989488098999999464e+07 2.045728800000000000e+07 1.373189962899999917e+08
1.159746516299999952e+08 9.433065826999999583e+07 2.277740400000000000e+07 1.941340817999999970e+07
1.071532599900000244e+08 1.344861390000000000e+08 2.049482500000000000e+07 2.948672157000000030e+07
1.023630743499999940e+08 1.351295070000000000e+08 2.130367800000000000e+07 2.844698826000000164e+07
1.082160280000000000e+08 1.415674420000000000e+08 1.989169300000000000e+07 4.061605110000000149e+07
1.094368692900000066e+08 8.435979775000000000e+07 2.329460700000000000e+07 7.734730069499999285e+07
1.223382322400000244e+08 8.315795351000000536e+07 2.083069100000000000e+07 1.103521050699999928e+08
1.146797449399999976e+08 8.550619189000000060e+07 2.083066200000000000e+07 1.754940219199999869e+08
8.688442953000000119e+07 1.610134690000000000e+08 2.503007700000000000e+07 3.599848782999999821e+07
8.826710229000000656e+07 1.092513606299999952e+08 3.050094300000000000e+07 1.351093956999999937e+06
1.144182907900000066e+08 1.001041349699999988e+08 2.200986600000000000e+07 2.766758269000000134e+07
1.053117731843000054e+08 9.060646879210999608e+07 2.606274400000000000e+07 3.304506926860000007e+06
1.219162162600000203e+08 7.978798729999999702e+07 2.104452800000000000e+07 1.173620382000000030e+08
1.126497172999999970e+08 1.344155170000000000e+08 1.978828500000000000e+07 3.682341139999999851e+07
7.605876525000000000e+07 1.425955547000000179e+08 4.122217100000000000e+07 4.449955441999999806e+06
1.167990279009999633e+08 8.621956183400000632e+07 2.269477900000000000e+07 4.479557400900000334e+07
9.304870529999999702e+07 1.276230602000000030e+08 2.491831300000000000e+07 1.850134212000000104e+07
8.031710219000001252e+07 1.897316010000000000e+08 2.673653000000000000e+07 5.752730700000000000e+07
1.204896870300000012e+08 8.484194120999999344e+07 2.154434200000000000e+07 8.045992800000000000e+07
1.208433705399999768e+08 8.602064629999999702e+07 1.966472100000000000e+07 2.077816769499999881e+08
1.231485494979999959e+08 7.597080563599999249e+07 2.040266100000000000e+07 1.861805778120000064e+08
1.146156645513000190e+08 8.624423153669999540e+07 2.397082200000000000e+07 1.701247185599999875e+07
1.168696055110000074e+08 8.150712787999999523e+07 2.221642400000000000e+07 8.084734248999999464e+07
1.037516182099999934e+08 9.259650035300000012e+07 2.642384300000000000e+07 5.685970499999999302e+05
8.660170152000001073e+07 1.109867470830000043e+08 3.131017000000000000e+07 1.234152561999999918e+06
1.102644749899999946e+08 9.293267023000000417e+07 2.408525400000000000e+07 3.074312799999999814e+06
1.128323270900000036e+08 9.511759070000000298e+07 2.346622100000000000e+07 4.864835849999999627e+06
1.247986743400000036e+08 8.353821000000000000e+07 1.980696400000000000e+07 1.544852163199999928e+08
7.213058821999999881e+07 1.913401339000000060e+08 4.271253500000000000e+07 2.830272219999999925e+07
1.083206720199999809e+08 9.229302468000000715e+07 2.453466500000000000e+07 2.095943810000000056e+06
8.440123989000001550e+07 1.490385310000000000e+08 2.676154800000000000e+07 2.661397651000000164e+07
1.136796718199999928e+08 1.260963030000000000e+08 1.937151600000000000e+07 1.069881445999999940e+08
1.174099036400000155e+08 8.349440429999999702e+07 2.225617700000000000e+07 6.714268676999999583e+07
1.022216200099999756e+08 1.095908199000000060e+08 2.339469700000000000e+07 1.255155472000000067e+07
1.143278899800000042e+08 9.782751709999999404e+07 2.289500300000000000e+07 9.314640599999999627e+06
1.182912798799999952e+08 7.609209987510000169e+07 2.163269100000000000e+07 1.820755681353000104e+08
8.380519017000000179e+07 1.145880920300000012e+08 3.242009600000000000e+07 1.423863539999999804e+06
7.542472208999998868e+07 1.455511803000000119e+08 3.234374700000000000e+07 1.819520700000000000e+07
1.057710081300000399e+08 9.226347329199999571e+07 2.528804600000000000e+07 9.647041689999999944e+05
8.470139350000000000e+07 1.209304467000000030e+08 2.972269300000000000e+07 7.902683138999998569e+06
1.064476493610000014e+08 1.040226722000000030e+08 2.312800000000000000e+07 9.494610969000000507e+06
1.040036722800000012e+08 1.318945370000000000e+08 2.107709700000000000e+07 2.848397810000000149e+07
1.122669148400000036e+08 1.000253110000000000e+08 2.285255900000000000e+07 8.105594699999999255e+06
1.155488598400000036e+08 1.018309323900000006e+08 2.153357400000000000e+07 3.668559320000000298e+07
1.145211513659999967e+08 7.869792058730000257e+07 2.230347000000000000e+07 1.741936246841999888e+08
1.120984900289999545e+08 1.268377390000000000e+08 2.041689300000000000e+07 2.569544642000000179e+07
1.084992774899999797e+08 9.924764879999999702e+07 2.339458600000000000e+07 6.878341500000000000e+06
1.133633569800000042e+08 8.725052329999999702e+07 2.346568900000000000e+07 2.847824764999999851e+07
1.058399612699999958e+08 8.989247237000000477e+07 2.533072400000000000e+07 8.984435429999999702e+06
1.065268676400000006e+08 9.753664450000000000e+07 2.400990200000000000e+07 5.096131220000000671e+06
8.832419750000001490e+07 1.788817790000000000e+08 2.394885600000000000e+07 5.916204500000000000e+07
1.249749616299999952e+08 7.983127740000000596e+07 1.980093400000000000e+07 1.789995953400000036e+08
1.229806317800000012e+08 8.036167928999999166e+07 2.034042300000000000e+07 1.441401526800000072e+08
1.035192444469999820e+08 1.039001615000000000e+08 2.375538900000000000e+07 8.898562879999998957e+06
1.097512850999999940e+08 1.298427490000000000e+08 2.041668800000000000e+07 2.771949975000000000e+07
1.016715247629999816e+08 1.014858380999999940e+08 2.469745300000000000e+07 6.133836546000000089e+06
9.562364930799999833e+07 1.061374689000000060e+08 2.658334800000000000e+07 5.410553867999999784e+06
1.065647138799999952e+08 8.556214756170000136e+07 2.398242300000000000e+07 1.232703756596000046e+08
1.175992625600000024e+08 1.046896655999999940e+08 2.061152800000000000e+07 6.003766882000000030e+07
1.136075974000000060e+08 1.315219920000000000e+08 1.986366700000000000e+07 3.523888800000000000e+07
9.395121796699999273e+07 1.043689310900000036e+08 2.783580300000000000e+07 3.001938214199999813e+06
7.221799658000001311e+07 1.873888800000000000e+08 4.311112600000000000e+07 2.575381569999999925e+07
7.940307878999999166e+07 1.207133624800000042e+08 3.474514300000000000e+07 1.683487512999999803e+06
8.105820259900000691e+07 1.189140183700000048e+08 3.300762100000000000e+07 3.146043782999999821e+06
1.097376434839999974e+08 1.204310140000000000e+08 2.108495600000000000e+07 2.112372904600000009e+07
1.119471505000000000e+08 1.118204294000000060e+08 2.162174900000000000e+07 1.581369569999999925e+07
1.062424637999999970e+08 1.567611760000000000e+08 1.964472700000000000e+07 5.873629600000000000e+07
8.896906779999999702e+07 1.279475922099999934e+08 2.627692500000000000e+07 5.015261624300000072e+07
1.119027546599999666e+08 8.742203014599999785e+07 2.512909700000000000e+07 1.836067719999999972e+06
1.213900937600000054e+08 8.564862829999999702e+07 1.970438200000000000e+07 1.782980975699999928e+08
9.627063154999999702e+07 1.106631250999999940e+08 2.551786600000000000e+07 9.275182843000000343e+06
7.395798718000000715e+07 1.531344350000000000e+08 3.670558400000000000e+07 1.608848480000000075e+07
1.101848563589999974e+08 1.177811790000000000e+08 2.125307900000000000e+07 1.945983509319999814e+07
1.102160740879999995e+08 8.715002357299999893e+07 2.425073500000000000e+07 2.051571516600000113e+07
7.276869335000000894e+07 1.763048960999999940e+08 4.400102300000000000e+07 1.832348157999999821e+07
1.243253864000000060e+08 7.677651500000000000e+07 2.066171500000000000e+07 1.462173046699999869e+08
1.029360430600000024e+08 1.133537860000000000e+08 2.283570000000000000e+07 1.467104489299999923e+07
1.213740495100000054e+08 8.551946763000001013e+07 2.106038400000000000e+07 9.461779193000000715e+07
9.576572800000000000e+07 1.008553110770000070e+08 2.824607500000000000e+07 7.813372169999999460e+05
1.107263959399999976e+08 8.961548390299999714e+07 2.467381800000000000e+07 8.084499420000000391e+05
1.114601067500000000e+08 8.536052828000000119e+07 2.318057000000000000e+07 5.262076967000000179e+07
8.275967627000001073e+07 1.715048220000000000e+08 2.618989900000000000e+07 4.012362920000000298e+07
1.131976804350000471e+08 7.974561156390000880e+07 2.248230300000000000e+07 1.641432145422999859e+08
1.167905534300000221e+08 1.124422602999999970e+08 1.980856500000000000e+07 7.816672139000000060e+07
1.054306600699999928e+08 1.250443170000000000e+08 2.132801300000000000e+07 2.312550264600000158e+07
9.692923050000000000e+07 1.630425170000000000e+08 2.160534700000000000e+07 4.812876500000000000e+07
1.125397735599999577e+08 1.034627122699999958e+08 2.135796800000000000e+07 4.667356540999999642e+07
8.133619058999998868e+07 1.142910540718699992e+08 3.356140400000000000e+07 3.961245409124000371e+07
1.098685280000000000e+08 9.781935600000000000e+07 2.293602700000000000e+07 1.884477219999999925e+07
1.187961245999999940e+08 8.690157300000000000e+07 1.990987700000000000e+07 1.991912381200000048e+08
1.097265630000000000e+08 9.907585900000000000e+07 2.248229400000000000e+07 3.036428500000000000e+07
1.187411921599999815e+08 8.554366688000001013e+07 2.115760100000000000e+07 9.648638945999999344e+07
1.005876701260000169e+08 9.123658387690000236e+07 2.603034900000000000e+07 1.095056085145000070e+08
1.052920164000000060e+08 1.487200520000000000e+08 1.990646900000000000e+07 5.383697200000000000e+07
1.222243073400000036e+08 7.574333567000000179e+07 2.099022900000000000e+07 1.502808316159999967e+08
8.460381643999999762e+07 1.735330600000000000e+08 2.538708000000000000e+07 4.352474639999999851e+07
9.349297881000000238e+07 9.879970154260000587e+07 2.830404500000000000e+07 8.076996179160000384e+07
1.105589187999999821e+08 1.388647110000000000e+08 1.961884600000000000e+07 4.756915989999999851e+07
1.118769080980000198e+08 8.663247730900000036e+07 2.430266600000000000e+07 1.620675240249999985e+07
9.771088316799999774e+07 1.011223331700000018e+08 2.653651300000000000e+07 3.451353330300000031e+06
9.770562806000000238e+07 1.472855420000000000e+08 2.198697700000000000e+07 3.400964063000000268e+07
7.690688506000000238e+07 1.274627694699999988e+08 3.450646300000000000e+07 7.403669273000000045e+06
8.318721379800002277e+07 1.151128641289999932e+08 3.338128300000000000e+07 1.024255412999999942e+06
1.051582057619999796e+08 1.104573820000000000e+08 2.263023300000000000e+07 1.358058812900000066e+07
7.524243073000000417e+07 1.512519781399999857e+08 4.384673700000000000e+07 5.565840606999999844e+06
1.193782991400000006e+08 8.124222500000000000e+07 2.025652300000000000e+07 1.914532480800000131e+08
8.954815940999999642e+07 1.069938340770000070e+08 3.087400900000000000e+07 7.813372169999999460e+05
1.082954246400000006e+08 9.494585200000000000e+07 2.406808000000000000e+07 3.898108350000000093e+06
1.027493723729999959e+08 9.927723217000000179e+07 2.468807000000000000e+07 5.126502825400000438e+06
9.843116857999999821e+07 1.166598399000000060e+08 2.391915300000000000e+07 1.484852649899999984e+07
9.150555829000002146e+07 1.049226199590000063e+08 3.034848300000000000e+07 5.635167789999999804e+05
1.259298258599999994e+08 8.029614056999999285e+07 1.986331400000000000e+07 1.657053765300000012e+08
1.167283583199999928e+08 8.745419920000000298e+07 2.023372200000000000e+07 1.911260872100000083e+08
7.808012602000004053e+07 1.711767560000000000e+08 2.831232100000000000e+07 3.606667610000000149e+07
7.438897977999998629e+07 1.791363640000000000e+08 3.055399200000000000e+07 3.858880160000000149e+07
1.043973254200000167e+08 9.448703759999999404e+07 2.513964200000000000e+07 2.140808979999999981e+06
1.148355019140000045e+08 8.266211889499999583e+07 2.283111900000000000e+07 6.357160679999999702e+07
1.022717077199999839e+08 1.526301540000000000e+08 2.039028800000000000e+07 4.974035700000000000e+07
7.840111012999999523e+07 1.262541138700000048e+08 3.321584800000000000e+07 5.763497629999999888e+06
7.614957359000000358e+07 1.868720040000000000e+08 2.889081000000000000e+07 4.687433510000000149e+07
1.142338365100000054e+08 8.724272914599999785e+07 2.469551900000000000e+07 1.488909219999999972e+06
7.307512709000000358e+07 1.721484194000000060e+08 4.433628700000000000e+07 1.563403074000000022e+07
1.201254131500000060e+08 7.842485881000000238e+07 2.143598300000000000e+07 1.166545549580000043e+08
1.057703560499999970e+08 8.758726481000000238e+07 2.392181800000000000e+07 7.807946201000000536e+07
