1.177813620300000012e+08 8.601646921999999881e+07 2.261122100000000000e+07 4.644227349400000274e+07
1.236530895289999843e+08 7.570248940999999642e+07 2.086726800000000000e+07 1.478648310550000072e+08
1.155990382280000150e+08 8.670464704999999702e+07 2.406240700000000000e+07 1.211253663599999994e+07
1.079510655499999970e+08 1.336822220000000000e+08 2.043701600000000000e+07 2.916502408799999952e+07
1.124020222000000030e+08 1.178028950000000000e+08 2.106016500000000000e+07 1.983940580000000075e+07
1.104637124000000209e+08 1.063102499000000060e+08 2.230393000000000000e+07 1.197298119999999925e+07
1.126014434500000030e+08 1.153117674000000060e+08 2.105266500000000000e+07 2.414889869999999925e+07
1.092730871400000006e+08 9.774058320000000298e+07 2.348724700000000000e+07 6.085223959999999963e+06
1.144266456099999994e+08 1.220585680000000000e+08 2.044307300000000000e+07 2.782893719999999925e+07
1.128519668499999940e+08 8.742199234000000358e+07 2.485198900000000000e+07 1.645926747999999905e+06
1.104127039599999934e+08 9.357568509999999404e+07 2.399115500000000000e+07 3.316888830000000075e+06
1.142031670999999940e+08 1.038375029000000060e+08 2.230278000000000000e+07 1.078979509999999963e+07
1.160015620000000447e+08 8.494344500000000000e+07 2.346557900000000000e+07 3.096800900000000000e+07
8.150193479000000656e+07 1.184879694399999976e+08 3.476326600000000000e+07 5.440231589999999851e+05
7.880103504000002146e+07 1.240151321299999952e+08 3.349868000000000000e+07 4.320002917000000365e+06
1.081818260999999940e+08 1.308383210000000000e+08 2.042908500000000000e+07 3.110987569999999925e+07
8.944340040000000596e+07 1.081414756990000010e+08 3.031387800000000000e+07 9.333433860000000568e+05
1.128024902999999970e+08 1.251166210000000000e+08 2.049358400000000000e+07 2.453482510000000149e+07
1.125750644099999964e+08 9.536762359999999404e+07 2.345649500000000000e+07 4.958770370000000112e+06
1.019104252699999958e+08 1.247699362000000030e+08 2.210145100000000000e+07 2.168253592999999970e+07
1.251625812800000012e+08 8.302775590000000596e+07 1.987296400000000000e+07 1.517003501500000060e+08
1.226152535771999955e+08 7.405847211687999964e+07 2.106988500000000000e+07 1.806159651207700074e+08
1.214810141300000399e+08 8.595298474000000954e+07 2.094771500000000000e+07 9.745223573999999464e+07
9.384623354999999702e+07 1.021427405010000020e+08 2.936332700000000000e+07 7.579685709999999963e+05
1.141698634200000018e+08 9.905100593000000715e+07 2.223686900000000000e+07 2.403699126999999955e+07
7.240725023000000417e+07 1.784623675000000000e+08 4.203881800000000000e+07 2.263676950000000000e+07
1.202270476899999976e+08 8.476248044999998808e+07 2.087064200000000000e+07 1.071397796599999964e+08
1.206347093799999952e+08 8.342555274000000954e+07 2.131674500000000000e+07 9.331926534999999404e+07
1.124069354200000018e+08 1.385197980000000000e+08 1.984805700000000000e+07 3.375146592000000179e+07
1.138385463299999982e+08 1.071537556200000048e+08 2.070882000000000000e+07 5.798508942000000179e+07
1.167847073599999994e+08 1.032525774699999988e+08 2.101031200000000000e+07 4.951326765999999642e+07
1.144378640339999944e+08 9.386316214200000465e+07 2.286143200000000000e+07 2.043085659499999881e+07
7.507080209999999404e+07 1.406518255999999940e+08 3.465919500000000000e+07 1.225484801999999955e+07
1.169622591720000058e+08 8.343545332379999757e+07 2.293388300000000000e+07 4.906560959420000017e+07
1.174285441500000209e+08 1.127378844000000060e+08 1.974005500000000000e+07 7.984745662999999523e+07
1.103288243830000162e+08 8.730668534499999881e+07 2.467331300000000000e+07 1.171568333500000089e+07
7.635048449999998510e+07 1.311866445000000000e+08 3.411430700000000000e+07 7.832957370000000112e+06
1.177362223700000048e+08 8.627040635999999940e+07 2.227241000000000000e+07 5.574570756000000238e+07
9.064716112000000477e+07 1.390286910000000000e+08 2.491360200000000000e+07 2.439150898000000045e+07
1.189618804080000073e+08 7.717793398499999940e+07 2.093208700000000000e+07 1.826864182527999878e+08
9.404633240999998152e+07 1.577776180000000000e+08 2.267791700000000000e+07 3.903480179999999702e+07
1.196190858999999762e+08 8.083993811999998987e+07 2.025946000000000000e+07 1.916440791399999857e+08
1.099314873199999928e+08 1.284999395000000000e+08 1.966998000000000000e+07 1.072927193199999928e+08
1.065536069849999845e+08 1.131875345999999940e+08 2.211135400000000000e+07 1.580047001400000043e+07
1.227702361239999980e+08 7.658344073800000548e+07 2.111409900000000000e+07 1.336976732450000048e+08
1.127433676000000238e+08 1.108582657999999970e+08 2.166272000000000000e+07 1.524253669999999925e+07
1.093167900000000447e+08 1.366821110000000000e+08 1.987997700000000000e+07 4.165386570000000298e+07
8.267767398000000417e+07 1.161370867099999934e+08 3.289389900000000000e+07 1.517657190000000177e+06
1.220684272800000012e+08 8.295295728999999166e+07 2.103713800000000000e+07 1.034530228499999940e+08
1.143953047000000179e+08 1.288153220000000000e+08 1.987261400000000000e+07 3.731595479999999702e+07
1.059008673289999962e+08 1.019350460000000000e+08 2.350236000000000000e+07 7.920975724799999967e+06
9.729118010999998450e+07 1.321170380000000000e+08 2.299283200000000000e+07 2.412957460000000149e+07
8.697831579999999702e+07 1.704313520000000000e+08 2.452856000000000000e+07 4.632049729999999702e+07
9.482699962999999523e+07 1.012147997360000014e+08 2.889160100000000000e+07 7.011255920000000624e+05
1.078728150999999940e+08 9.236650443999999762e+07 2.463646900000000000e+07 1.907339919999999925e+06
1.253610812099999934e+08 7.983065426000000536e+07 2.017880100000000000e+07 1.496969722199999988e+08
1.041696134500000030e+08 9.410324914000000060e+07 2.529240700000000000e+07 1.844097000000000000e+06
1.079330268400000185e+08 9.020289654299999774e+07 2.528006900000000000e+07 3.618584170000000158e+05
1.169526778240000010e+08 8.506761932200001180e+07 2.203983800000000000e+07 6.926100139900000393e+07
8.724153690999999642e+07 1.101218133449999988e+08 3.201483600000000000e+07 5.579745400000000373e+05
1.265056335499999970e+08 7.877448781000000238e+07 1.989156300000000000e+07 1.731673006500000060e+08
8.541704913999998569e+07 1.133100339609999955e+08 3.237778000000000000e+07 5.840280439999999944e+05
9.484356920000000298e+07 1.024104657199999988e+08 2.798207800000000000e+07 1.791935816000000108e+06
1.021079856200000197e+08 9.434090978300000727e+07 2.709506900000000000e+07 3.529491990000000224e+05
8.027339673000001907e+07 1.731364470000000000e+08 2.717745400000000000e+07 3.915260440000000596e+07
9.176454098000000417e+07 1.046412510230000019e+08 3.026425800000000000e+07 5.523989700000000885e+05
1.125147895100000054e+08 9.992626050000000000e+07 2.284875300000000000e+07 8.025401799999999814e+06
7.463968397000001371e+07 1.487546391999999881e+08 3.282202200000000000e+07 1.878526857000000030e+07
1.207335604899999946e+08 7.936276904000000656e+07 2.138310200000000000e+07 1.097879020600000024e+08
1.202914579000000060e+08 8.488447799000000954e+07 2.156752900000000000e+07 7.976152365999999642e+07
1.034823438400000036e+08 1.329755000000000000e+08 2.118351200000000000e+07 2.748675294000000134e+07
9.992240170999999344e+07 1.135989890999999940e+08 2.370848600000000000e+07 1.366888072900000028e+07
7.427343412000000477e+07 1.552021789000000060e+08 4.259018100000000000e+07 9.310076130000000820e+06
1.228395916660000235e+08 7.979488171000000834e+07 2.087085100000000000e+07 1.224684705690000057e+08
1.090563727710000426e+08 1.243589270000000000e+08 2.087259600000000000e+07 2.345280990799999982e+07
1.226658052199999988e+08 8.305136942999999225e+07 2.043833000000000000e+07 1.272429214000000060e+08
1.090052652600000054e+08 1.318984630000000000e+08 2.037608600000000000e+07 2.896456848000000045e+07
7.671397552699999511e+07 1.462929036500000060e+08 4.400040100000000000e+07 2.748987285000000149e+06
1.031905617699999809e+08 1.159873390999999940e+08 2.252879000000000000e+07 1.644281855700000003e+07
1.041582461139999628e+08 1.064018732999999970e+08 2.329246700000000000e+07 1.054213329900000058e+07
1.252819956199999601e+08 7.906840818999999762e+07 1.984870100000000000e+07 1.801452006500000060e+08
1.189095125099999756e+08 8.312680570000000298e+07 2.204297000000000000e+07 7.244996198000000417e+07
1.231726116200000197e+08 8.401338270000000298e+07 1.953163700000000000e+07 1.982719936399999857e+08
9.249386650000000000e+07 1.289984280999999940e+08 2.500339700000000000e+07 1.912332501000000164e+07
1.090828284200000167e+08 1.092177224000000060e+08 2.166722700000000000e+07 3.115074630000000075e+07
1.062551555000000000e+08 1.413881670000000000e+08 2.001135500000000000e+07 4.837711389999999851e+07
9.836801756000000238e+07 1.119305415000000000e+08 2.448579500000000000e+07 1.154069399499999918e+07
8.300033964999999106e+07 1.783295720000000000e+08 2.585185900000000000e+07 4.668042679999999702e+07
1.250038751200000197e+08 7.605148509999999404e+07 2.046396500000000000e+07 1.603838892599999905e+08
7.688141823999999464e+07 1.275815024699999988e+08 3.450145900000000000e+07 7.528991872999999672e+06
1.060406316770000011e+08 1.082088719000000060e+08 2.269812400000000000e+07 1.236734153900000080e+07
8.685988130500000715e+07 1.119693218700000048e+08 3.039797000000000000e+07 2.732287213899999857e+06
1.085323754000000060e+08 9.929462159999999404e+07 2.339754600000000000e+07 6.829130400000000373e+06
7.383483081999999285e+07 1.737910480000000000e+08 3.188630300000000000e+07 3.387934470000000298e+07
9.147338298000000417e+07 1.053034310230000019e+08 3.004480300000000000e+07 5.523989700000000885e+05
1.098775878800000399e+08 9.049894409199999273e+07 2.463445700000000000e+07 1.130812431000000099e+06
1.048844419000000060e+08 1.589930440000000000e+08 1.979096800000000000e+07 6.155057700000000000e+07
8.256482073999997973e+07 1.396108061999999881e+08 2.843839600000000000e+07 1.908454755999999866e+07
1.231447891599999964e+08 7.786559890000000596e+07 2.033981700000000000e+07 1.614862480000000000e+08
1.074586289000000060e+08 1.263565100000000000e+08 2.092942500000000000e+07 2.439935083399999887e+07
1.167921243400000334e+08 1.086466490999999940e+08 2.035792100000000000e+07 6.090683588000000268e+07
9.994800503000000119e+07 9.599738573600000143e+07 2.745005000000000000e+07 7.011255920000000624e+05
1.009194622800000012e+08 1.478097610000000000e+08 2.104995200000000000e+07 3.643336790000000596e+07
7.484535314000000060e+07 1.796994300000000000e+08 2.999607100000000000e+07 4.077341029999999702e+07
9.909710629999998212e+07 1.530070840000000000e+08 2.135417900000000000e+07 3.912849620000000298e+07
1.137949556400000155e+08 9.696532190000000596e+07 2.282643100000000000e+07 1.388260550000000000e+07
7.760218380000001192e+07 1.887123860000000000e+08 2.797225900000000000e+07 5.090478260000000149e+07
1.065108374300000072e+08 9.916066900000000000e+07 2.373645300000000000e+07 6.422358780000000261e+06
1.029163645000000000e+08 1.583760300000000000e+08 2.016817300000000000e+07 5.343258100000000000e+07
8.929361201700000465e+07 1.122561720000000000e+08 2.874276400000000000e+07 5.095009736999999732e+06
1.129584514580000341e+08 8.627732208390000463e+07 2.409878500000000000e+07 1.850224470740000159e+07
7.683234671999999881e+07 1.421961366299999952e+08 3.150612600000000000e+07 2.966475148999999836e+07
1.125771057200000435e+08 1.352648010000000000e+08 1.980744800000000000e+07 3.562262279999999702e+07
1.165439407600000054e+08 9.690841912000000477e+07 2.198776600000000000e+07 3.440210881000000238e+07
1.162468867999999821e+08 8.608098514999999106e+07 2.041778500000000000e+07 1.839638801299999952e+08
1.094381215300000012e+08 8.693665200000000000e+07 2.315537100000000000e+07 6.028535782000000030e+07
1.206586829099999964e+08 8.654706050000000000e+07 1.966713400000000000e+07 2.089165786500000060e+08
7.305860970000000298e+07 1.723506005000000000e+08 4.432283300000000000e+07 1.576312565000000037e+07
7.924318580000001192e+07 1.209657525000000000e+08 3.473931300000000000e+07 1.819143003000000026e+06
7.927688501000000536e+07 1.182039795910000056e+08 3.456455800000000000e+07 2.659346654600000009e+07
1.146808840550000370e+08 8.743723622229999304e+07 2.470785500000000000e+07 1.484618083000000042e+05
7.639468990000000596e+07 1.869737040000000000e+08 2.871690800000000000e+07 4.710193960000000149e+07
8.140689409000000358e+07 1.411620920999999940e+08 2.890831700000000000e+07 1.902359357999999821e+07
1.139470718589999974e+08 8.430137529299999774e+07 2.324685600000000000e+07 4.510757777600000054e+07
1.148578028799999952e+08 1.196149152000000030e+08 1.949573300000000000e+07 9.199856848999999464e+07
7.213764182000000775e+07 1.908804815999999940e+08 4.072131700000000000e+07 3.097610089999999851e+07
1.042441202800000012e+08 1.310626910999999940e+08 2.060312500000000000e+07 9.140160850000000000e+07
1.090426466000000238e+08 1.041298287000000030e+08 2.271914200000000000e+07 1.018123090000000037e+07
7.973137021299999952e+07 1.250668760999999940e+08 3.247199200000000000e+07 5.767434191999998875e+06
1.084271622999999821e+08 9.561272779999999702e+07 2.395812700000000000e+07 4.288300330000000075e+06
7.868875359000001848e+07 1.268805032300000042e+08 3.283199600000000000e+07 6.413014989000000060e+06
1.164074952699999958e+08 1.152177657000000030e+08 1.960704700000000000e+07 8.546098134999999404e+07
9.269855289000001550e+07 1.050588959699999988e+08 2.863977000000000000e+07 1.882073575999999885e+06
7.862735582999999821e+07 1.352671475999999940e+08 3.131029300000000000e+07 1.268024184999999963e+07
1.160016229300000072e+08 1.004303096200000048e+08 2.150226200000000000e+07 4.094297596999999881e+07
1.071924570499999821e+08 1.206951750000000000e+08 2.138117200000000000e+07 2.069329685999999940e+07
1.146975166300000399e+08 8.207844500999999046e+07 2.121989700000000000e+07 1.695325245730000138e+08
1.023075301400000006e+08 1.529128700000000000e+08 2.032752600000000000e+07 5.619499700000000000e+07
1.212049397689999789e+08 7.463780978460000455e+07 2.114967700000000000e+07 1.829230678772000074e+08
1.175871873550000042e+08 8.236823205500000715e+07 2.255806100000000000e+07 6.321301469300000370e+07
1.142903268299999982e+08 9.426082040000000596e+07 2.349622900000000000e+07 4.421562589999999851e+06
