1.12171082762E8 6.981377655000001E7 1.7959017E7 1.15442323268E8
1.0794425114E8 9.68675969E7 1.7476399E7 5.80955385E7
1.0118364955E8 7.554890485E7 2.0743998E7 3.014661023E7
1.0773195859E8 7.38897517E7 1.9242097E7 5.66370103E7
1.1071412069E8 6.98070159E7 1.8609706E7 9.036090892E7
1.1270652694E8 6.634401136E7 1.8224171E7 1.2401893514E8
1.0611986285999998E8 8.742267322E7 1.8656202E7 3.794597107E7
1.0444156080000004E8 1.05003838E8 1.8079864E7 1.90952259E7
1.0020559758E8 7.866870983E7 2.1677861E7 636902.1579999999
9.0557635362E7 8.05145997087E7 2.2774517E7 1.095456654736E8
1.0531967012999998E8 7.17680824E7 1.9251432E7 8.15278176E7
1.03968278161E8 6.9521486446E7 1.9651555E7 1.628097139437E8
9.127949369E7 8.308553137E7 2.375689E7 4885125.03
9.395427736E7 8.252475356300001E7 2.2901938E7 634143.947
8.4242939574E7 9.69001954E7 2.3697295E7 5863056.011999999
1.13250572224E8 6.9041703897E7 1.8083512E7 1.09992491941E8
1.01774859741E8 1.0989433E8 1.7980233E7 2.1841490844E7
7.739809538000003E7 1.146478089E8 2.4443856E7 1.373747584E7
1.0385932738E8 7.14345253E7 1.9235708E7 1.0567165685E8
7.52364146849E7 1.031378176E8 2.9333554E7 1921820.99044
1.0374340268000004E8 1.033786823E8 1.8077765E7 2.34895084E7
9.59666511193E7 8.502924261E7 2.1409777E7 3871063.89329
1.00417468E8 8.34636464E7 2.0354836E7 1.36818827E7
1.0406013513E8 7.63737134E7 1.8447966E7 1.5725519162E8
1.082463346E8 7.23501934E7 1.9190363E7 6.325220656E7
1.0619700533999996E8 1.007514414E8 1.7258966E7 6.799387373E7
1.0678439258E8 8.97282329E7 1.8673494E7 2.965614207E7
8.72277834982E7 8.952294016000001E7 2.3804835E7 2465220.19646
9.504338653399998E7 8.90048953E7 2.1050518E7 6278397.1215
1.0538388101E8 7.43556573E7 1.976984E7 4.516511853E7
8.295323377000001E7 8.987758337E7 2.5932134E7 1.085985423E7
6.867157336E7 1.421037767E8 3.7869236E7 1.057323496E7
1.06364391489E8 7.30214502656E7 2.0206519E7 3.46848189399E7
9.317647613E7 7.88365851E7 2.2000264E7 6.6459194075E7
1.0575866134399998E8 7.4031423659E7 2.0494457E7 2.41266950595E7
7.067411409E7 1.237434535E8 3.1798974E7 9169346.06
1.0002043701999998E8 8.165837774000001E7 2.1077344E7 2722395.05
9.5925933214E7 9.20572839E7 2.0426478E7 8738657.59
1.0745661884E8 9.24860656E7 1.8008399E7 4.627714618E7
1.1214309995E8 7.419070865E7 1.8019378E7 9.416941411E7
9.9842931524E7 7.6389558997E7 2.1639758E7 1.354354611E7
9.817931256E7 1.32204642E8 1.7470826E7 3.85713903E7
1.08544045912E8 6.9612222311E7 1.9230592E7 7.846631253E7
8.340022019999999E7 1.555977E8 1.983349E7 5.4276011E7
8.593580352999999E7 1.2298327E8 2.0398478E7 2.96519216E7
9.27251889E7 1.44470562E8 1.7952471E7 5.38198261E7
7.4163866317E7 1.111807424E8 2.7315521E7 8019646.647
1.1433668580000004E8 7.19457218E7 1.7479565E7 1.2466825388E8
1.0411639378E8 8.62227374E7 1.9856147E7 6783292.4
8.659343710000001E7 1.53737123E8 1.910765E7 5.3618796E7
9.759424943E7 1.1909957E8 1.8030668E7 2.676676367E7
7.0467822E7 1.43234564E8 2.6410231E7 2.69404369E7
8.545313577000001E7 8.682916337E7 2.4704569E7 1.950712523E7
8.284800414000002E7 1.024768991E8 2.3460532E7 8893531.992
1.0636891900000004E8 1.08087392E8 1.74619E7 3.26228401E7
8.138165337E7 9.3873041221E7 2.628916E7 1258260.002
1.106750863E8 6.555024391E7 1.8536065E7 1.49508672652E8
7.444993937E7 1.140468884E8 2.6453471E7 1.078911511E7
1.0953572302E8 7.434313958E7 1.927939E7 5.053541641E7
8.399990136000001E7 9.93589941E7 2.3396978E7 7560445.748
8.034753403E7 1.34841182E8 2.1581857E7 2.859241099E7
1.0128767153000002E8 8.88265653E7 1.9854155E7 8059478.4
1.0227418648E8 1.19630695E8 1.7475657E7 2.820533602E7
8.30696123724E7 9.253295318E7 2.5274404E7 1941637.91888
8.172782624000001E7 1.35599535E8 2.1077582E7 2.99542793E7
8.7354876E7 8.6762605949E7 2.4472879E7 4908739.509
7.486046599299999E7 1.0510034458E8 2.826844E7 4003529.425
8.002187145000002E7 1.233631395E8 2.2405973E7 2.31567853E7
7.521759124000001E7 1.159631099E8 2.5629636E7 1.2666352E7
7.938610250899999E7 9.4434320217E7 2.7274394E7 1.01419538959E7
8.0697986941E7 9.806500518E7 2.5215642E7 4373988.389
7.84349069E7 1.41407786E8 2.19119E7 3.171064761E7
9.5178823742E7 7.66375286638E7 2.1251875E7 1.245475435502E8
1.0839259657E8 7.112340821E7 1.7938771E7 1.6461278943E8
9.790978964E7 7.6168964404E7 2.1221273E7 4.0845543899E7
7.30787584E7 1.68708172E8 2.3258802E7 4.76845872E7
1.0768059355300002E8 6.840462073699999E7 1.8456876E7 1.537540218025E8
8.630969403E7 1.40785569E8 1.9584533E7 3.60302868E7
1.0215173029E8 7.946049274000001E7 2.1088346E7 1797099.26
8.124382799200001E7 9.08093326721E7 2.5642002E7 5.769909055987E7
8.904212444E7 8.19751739374E7 2.3192691E7 9.980115482901E7
7.626580351000002E7 1.03808984E8 2.7029247E7 4964139.459
7.648831147000001E7 1.069195762E8 2.6143942E7 7559719.359
8.568877814E7 1.039324428E8 2.2170398E7 1.1774237272E7
9.718568208E7 7.533186098E7 2.0867032E7 9.143301715E7
9.570959565E7 1.062302519E8 1.9154404E7 1.785804322E7
7.304288110999998E7 1.1223162743E8 2.8131442E7 1.2099154995E7
1.0850145901E8 7.26461769E7 1.8487327E7 9.21308401E7
1.00318067133E8 7.6709846671E7 2.1861708E7 6226259.044
9.8019702545E7 9.34443494E7 1.9857455E7 1.0210096281E7
1.066063974E8 7.480098823E7 1.7988249E7 1.5962684463E8
1.09554008146E8 6.9754422764E7 1.915981E7 7.47352300003E7
1.0402148129999998E8 9.7916222E7 1.8674786E7 1.44215901E7
1.0401883356000002E8 8.175196430000001E7 2.0470196E7 3674339.01
1.1525984039000002E8 6.91049821E7 1.7469177E7 1.3835095221E8
7.508371749E7 1.59659249E8 2.24776E7 4.15138229E7
1.0613113729999998E8 1.09971794E8 1.745141E7 2.98260854E7
8.301043664500001E7 8.85494386735E7 2.4964678E7 6.782288687768E7
7.567302979E7 1.180921234E8 2.5055516E7 1.453943048E7
1.1110227094E8 7.303109131E7 1.8645481E7 7.452641901E7
7.724837433E7 1.67801431E8 2.1519326E7 5.6377822E7
9.315076788E7 8.610817316999999E7 2.2144168E7 3204470.99
1.0635314685E8 7.99115152E7 2.0278648E7 9711947.6
9.1159747075E7 8.921132289999999E7 2.2286625E7 4379926.8036
1.0010146617E8 1.26489275E8 1.7449477E7 3.31886981E7
7.592000817E7 1.54740961E8 2.2188565E7 4.6525229E7
9.975810629999998E7 1.13665386E8 1.7980484E7 2.428232938E7
9.159949966E7 1.152174437E8 1.9475274E7 2.198686143E7
1.007814001E8 7.667707033E7 2.1537227E7 8001862.902
9.153543073000002E7 1.19016147E8 1.9262578E7 2.429538448E7
8.637592828E7 8.46915281801E7 2.4028806E7 8.601179104319E7
8.281513811000001E7 1.26457813E8 2.1014218E7 6.70995971E7
8.910515120000002E7 1.55416695E8 1.8579915E7 5.8182485E7
8.340697927E7 1.197449023E8 2.1520418E7 2.080234166E7
7.91242625E7 1.40994047E8 2.1561571E7 4.05976572E7
9.58510746E7 1.42634037E8 1.7481261E7 5.0603424E7
1.0316684236E8 7.66537351E7 2.1033004E7 9275468.76
9.571350895000002E7 7.965901894E7 2.2722472E7 5010063.22
7.519894023E7 1.44633395E8 2.3053742E7 3.22390098E7
8.577949846E7 1.178487416E8 2.0906643E7 2.08241689E7
1.0448272583E8 9.11952736E7 1.8543494E7 3.58818577E7
8.56449326E7 1.52607073E8 1.9360692E7 4.91272618E7
1.00232757232E8 1.034523396E8 1.8601941E7 1.764970686E7
7.101368426E7 1.56812069E8 2.4941137E7 3.80206902E7
7.097839095E7 1.263950615E8 2.7968368E7 1.581014422E7
9.780649254E7 1.075550977E8 1.8607297E7 2.1127330700000003E7
8.937542306E7 1.30578175E8 1.9208318E7 3.079231827E7
9.94812087288E7 9.15902521E7 1.9804531E7 9450156.68512
7.849346061999999E7 1.064688459E8 2.494583E7 8817958.856
7.062208705999999E7 1.388288074E8 2.6658908E7 2.408559548E7
8.473947378E7 1.28837154E8 2.043049E7 3.0367489E7
9.095004820000002E7 1.47928308E8 1.8250813E7 5.4947005E7
1.05660404369E8 6.9422821679E7 1.8833897E7 1.488207880176E8
1.0564522947E8 7.31046031E7 1.9569038E7 5.707198251E7
9.596100456E7 1.28546578E8 1.79431E7 3.24284169E7
9.794964764E7 8.088069635000001E7 2.1664128E7 1721295.283
1.0338150843000002E8 7.619499937E7 2.1675089E7 1493603.73
9.722136459E7 7.7086758506E7 2.0308587E7 1.3175075478E8
1.0280096546999998E8 7.240203592E7 1.9830113E7 7.3392074906E7
9.72428746E7 7.767149603E7 2.1681977E7 2.1225014829E7
9.05448831832E7 8.722809063E7 2.2884831E7 2700851.80409
7.0926883902E7 1.301103798E8 3.8377076E7 3611212.947
1.0241063871E8 7.54538649E7 1.9752049E7 5.90643895E7
1.065703984E8 9.63692387E7 1.7637952E7 5.479689367E7
6.887060263E7 1.425781441E8 3.8761694E7 9597086.13
1.052523582E8 1.04589637E8 1.807227E7 1.88966222E7
1.111732981E8 6.98301006E7 1.8592088E7 8.965657169E7
8.359704391E7 1.142806099E8 2.1900763E7 1.732501878E7
1.0664365948999998E8 8.486830877E7 1.927428E7 2.311834373E7
7.095868514000002E7 1.44693616E8 2.5765718E7 2.96874858E7
7.370216496000002E7 1.42900006E8 2.3936799E7 3.02433343E7
7.697875694999999E7 1.0056459091E8 2.8040418E7 1850859.718
9.582254418E7 8.247812350999999E7 2.1943397E7 2074618.26
9.555028941E7 7.900824673E7 2.1837581E7 2.509590232E7
7.188653002999999E7 1.49727672E8 2.4633351E7 3.41866797E7
9.976042884E7 1.101011029E8 1.7595263E7 7.965521864E7
7.148988782000001E7 1.2108531152E8 3.4148636E7 4562104.943000001
7.912082953000002E7 1.0141768738E8 2.5450509E7 5641366.37
8.2558369204E7 9.94196457E7 2.4045185E7 6539710.756999999
9.1792223467E7 9.66638472E7 2.1019163E7 9999292.927
1.1126755179E8 7.285756886E7 1.808103E7 9.825126353E7
1.0181563751000002E8 1.116991612E8 1.7265498E7 8.47830566E7
9.821598027390005E7 8.93074971E7 2.0283464E7 7583722.19228
8.1088630316E7 1.09202500433E8 2.3070579E7 3.9447488974E7
7.942362000000001E7 1.54041965E8 2.0987444E7 4.58571852E7
7.994221934E7 1.07489374E8 2.4063197E7 1.064413372E7
7.98310467E7 1.047096901E8 2.4495827E7 8649444.286
1.0464965320800002E8 8.5138293259E7 1.9286211E7 2.5727808675E7
1.0719812976000002E8 8.351450103E7 1.9285929E7 2.588906005E7
1.09652633526E8 6.9095087762E7 1.7982246E7 1.48183813868E8
7.230509774E7 1.268331731E8 2.6408758E7 1.7495793630000003E7
8.819056161000001E7 1.124083876E8 2.0593769E7 1.862852585E7
7.9322085737E7 9.847171823E7 2.6086728E7 3292187.686
1.0148085629E8 8.42634361E7 2.0424772E7 4924164.8100000005
7.884102777E7 1.196112993E8 2.3250585E7 1.79979313E7
1.1189200702E8 6.57710519036E7 1.8056024E7 1.630957346356E8
8.508663551E7 9.100006633E7 2.4629916E7 1796406.234
1.0417838916000004E8 1.14674964E8 1.7473514E7 2.69068369E7
1.0372097485099998E8 8.38393098E7 1.9865939E7 1.3913743231E7
1.1200000582E8 7.229209460000001E7 1.7385793E7 1.4786445543E8
1.0905294574E8 7.2766796E7 1.9289409E7 5.626120739E7
1.13260941152E8 6.6227209922E7 1.8339227E7 1.1809728711E8
8.965725613E7 8.686606165E7 2.3444588E7 1636575.867
1.105907999E8 7.411169166000001E7 1.8345999E7 8.354953642E7
1.0464855745000002E8 9.01243646E7 1.9285879E7 1.20573746E7
9.753942296999995E7 8.65573867E7 2.0793629E7 5445151.0
1.0186445492E8 7.654473632E7 2.1729842E7 2793656.482
1.0771188755999996E8 7.43303533E7 1.9886562E7 3.485107892E7
1.0612909207600003E8 7.40583899134E7 1.8595515E7 9.75100214691E7
1.07567411682E8 7.236306421E7 1.9776801E7 4.6144361639E7
9.396591989000002E7 1.107481058E8 1.9209969E7 2.0147233372E7
9.7596225423E7 1.00388139E8 1.9263993E7 1.4736322608E7
9.530845559E7 1.17169274E8 1.8521859E7 2.468569734E7
1.04104937554E8 7.2454314608E7 2.0487034E7 4.8596994762E7
8.3518019745E7 8.92712475589E7 2.4427948E7 7.42583319378E7
1.0010489963400002E8 7.24343459157E7 2.0304025E7 1.493386423969E8
1.1411191076000002E8 6.965386522E7 1.7448771E7 1.4085581925E8
6.857368816999999E7 1.482763079E8 3.1276044E7 2.29948525E7
9.785337958E7 7.9365692465E7 2.2278878E7 545987.0959999999
8.567260734E7 8.919323519E7 2.525577E7 738100.697
8.135992924000001E7 9.451573379E7 2.5883396E7 1803221.579
1.015801647E8 9.41385076E7 1.9264554E7 1.15053165E7
1.0435181360000002E8 1.10347335E8 1.7482356E7 3.18313834E7
8.517930246000001E7 1.224620858E8 2.047284E7 7.187297475E7
8.149148220000002E7 1.57822686E8 2.034429E7 4.96706735E7
7.280210625000018E7 1.1115002996E8 2.8877015E7 6590807.653000001
7.596625698E7 1.43903643E8 2.2678023E7 3.77501446E7
1.00153065099E8 9.61627485E7 1.9229343E7 1.305035825E7
7.652630617000002E7 9.750924437E7 2.8615148E7 3.339228523E7
9.92466246E7 8.63399086E7 2.0482114E7 5862453.6
9.568041092000002E7 9.99350381E7 1.9684186E7 1.3756517093E7
7.876572978399998E7 9.764961807E7 2.6994583E7 1906224.56798
1.0227071285000002E8 1.013959738E8 1.853015E7 1.65014841372E7
8.6343533491E7 9.32480094E7 2.3437897E7 4550259.0176
9.337782511E7 1.056710296E8 1.9725407E7 1.680250155E7
1.1246170967E8 6.995081964E7 1.7416792E7 1.7392426841E8
1.1391959091E8 6.593050953E7 1.8075255E7 1.2931306008E8
