1.038256640799999982e+08 7.648399709800000489e+07 2.162535200000000000e+07 2.184198286000000080e+05
1.061465913209999949e+08 7.320915103800000250e+07 2.015812400000000000e+07 3.535491337699999660e+07
1.121710827619999945e+08 6.981377655000001192e+07 1.795901700000000000e+07 1.154423232680000067e+08
1.046587579000000060e+08 9.792481850000000000e+07 1.864674200000000000e+07 1.439976369999999925e+07
1.061593202600000054e+08 8.301670125000000000e+07 1.979694800000000000e+07 1.372695856000000052e+07
1.079442511400000006e+08 9.686759690000000596e+07 1.747639900000000000e+07 5.809553850000000000e+07
1.011836495499999970e+08 7.554890484999999404e+07 2.074399800000000000e+07 3.014661023000000045e+07
9.996250075000000000e+07 1.368171110000000000e+08 1.710269100000000000e+07 4.795448970000000298e+07
1.077319585900000036e+08 7.388975170000000298e+07 1.924209700000000000e+07 5.663701029999999702e+07
1.068330154870000035e+08 7.205373059999999404e+07 1.978414500000000000e+07 4.990426582599999756e+07
9.097109270000000298e+07 1.537772090000000000e+08 1.822990600000000000e+07 5.797807400000000000e+07
7.286645096999999881e+07 1.261238635100000054e+08 3.848781200000000000e+07 1.399335389999999898e+06
8.274761145000001788e+07 1.031544772000000030e+08 2.341394600000000000e+07 9.288766833000000566e+06
1.047359583999999762e+08 1.150386120000000000e+08 1.746800300000000000e+07 2.626219675000000000e+07
1.158434954099999964e+08 6.779785210999999940e+07 1.747339800000000000e+07 1.462020604000000060e+08
1.034871660900000036e+08 1.158980350000000000e+08 1.746463500000000000e+07 2.753868260000000149e+07
9.936193402400000393e+07 7.688707299699999392e+07 2.187360900000000000e+07 9.426038310000000522e+06
1.107141206899999976e+08 6.980701590000000596e+07 1.860970600000000000e+07 9.036090892000000179e+07
1.043591297699999958e+08 8.186848469999998808e+07 2.042189100000000000e+07 3.814747109999999870e+06
1.043831325399999768e+08 8.610542679999999702e+07 1.985337200000000000e+07 6.728297400000000373e+06
1.127065269399999976e+08 6.634401135999999940e+07 1.822417100000000000e+07 1.240189351400000006e+08
1.061198628599999845e+08 8.742267321999999881e+07 1.865620200000000000e+07 3.794597107000000030e+07
7.647098348599998653e+07 1.017729697699999958e+08 2.763837700000000000e+07 3.081240479999999516e+06
1.009103916500000060e+08 7.686945596400000155e+07 2.190376300000000000e+07 2.983339808000000194e+06
1.044415608000000417e+08 1.050038380000000000e+08 1.807986400000000000e+07 1.909522589999999851e+07
1.053260831099999994e+08 7.561595062999999523e+07 2.109095600000000000e+07 6.321402109000000171e+06
1.046715467400000244e+08 7.124931155099999905e+07 1.974757400000000000e+07 7.179854545900000632e+07
1.080899565900000185e+08 7.386335309999999404e+07 1.984436000000000000e+07 3.712497028999999911e+07
7.992885540999999642e+07 1.018382440000000000e+08 2.492852400000000000e+07 6.511333380999999121e+06
1.112741286299999952e+08 7.247640283999998868e+07 1.867591800000000000e+07 7.517539740000000596e+07
1.127163848700000048e+08 7.226406010000000894e+07 1.780985800000000000e+07 1.097073477600000054e+08
8.047310092000000179e+07 9.203194062000000477e+07 2.665562100000000000e+07 1.821837304199999943e+07
1.134596129200000018e+08 7.234785960000000894e+07 1.739808000000000000e+07 1.315661192900000066e+08
1.002055975799999982e+08 7.866870982999999821e+07 2.167786100000000000e+07 6.369021579999999376e+05
7.848952680000001192e+07 9.823702351999999583e+07 2.753229800000000000e+07 1.351093956999999937e+06
1.028791285999999940e+08 9.296117540000000596e+07 1.922314700000000000e+07 1.107890850000000000e+07
8.558627650000000000e+07 1.584371740000000000e+08 1.931051800000000000e+07 5.798025600000000000e+07
9.787347651999999583e+07 1.031531940999999940e+08 1.898883000000000000e+07 1.657791236600000039e+07
9.800842340399999917e+07 9.163644829999999702e+07 2.005670400000000000e+07 9.009359239199999720e+06
9.055763536200000346e+07 8.051459970870000124e+07 2.277451700000000000e+07 1.095456654736000001e+08
9.757045640000000596e+07 1.367741950000000000e+08 1.730773800000000000e+07 5.109992750000000000e+07
1.085012583860000223e+08 6.650871949750000238e+07 1.878269000000000000e+07 1.595411604493499994e+08
8.088493773000000417e+07 9.513253490999999642e+07 2.609039600000000000e+07 1.747004095000000205e+06
1.053196701299999803e+08 7.176808240000000596e+07 1.925143200000000000e+07 8.152781759999999404e+07
9.335517390000000596e+07 1.518805250000000000e+08 1.781402400000000000e+07 5.778369800000000000e+07
1.002833782660000026e+08 1.065847892000000030e+08 1.837414300000000000e+07 1.945843929100000113e+07
1.039682781609999985e+08 6.952148644599999487e+07 1.965155500000000000e+07 1.628097139436999857e+08
9.176051809999999404e+07 8.447786369900000095e+07 2.322808600000000000e+07 9.333433860000000568e+05
9.127949368999999762e+07 8.308553137000000477e+07 2.375689000000000000e+07 4.885125030000000261e+06
1.016646619300000072e+08 8.575996430000001192e+07 2.018556000000000000e+07 6.048284860000000335e+06
7.733334335000000894e+07 1.006822296420000046e+08 2.937042100000000000e+07 6.352291709999999730e+05
9.395427735999999940e+07 8.252475356300000846e+07 2.290193800000000000e+07 6.341439470000000438e+05
7.178930551999999583e+07 1.160969754699999988e+08 3.041360900000000000e+07 1.047690777300000004e+07
8.934087150000001490e+07 8.646520177600000799e+07 2.410563600000000000e+07 5.294473020000000251e+05
8.424293957400000095e+07 9.690019540000000596e+07 2.369729500000000000e+07 5.863056011999999173e+06
1.104141438569999784e+08 6.554302762729000300e+07 1.850893700000000000e+07 1.590287703643699884e+08
1.018916814899999946e+08 8.185966548000000417e+07 2.070837600000000000e+07 3.470040030000000261e+06
9.963182162000003457e+07 8.813658000000000000e+07 2.018942500000000000e+07 7.133608099999999627e+06
1.069044309899999797e+08 8.696724900000000000e+07 1.874053400000000000e+07 3.453094212999999523e+07
9.081356164499999583e+07 9.202678470000000298e+07 2.192207200000000000e+07 6.400631178999999538e+06
1.023370979800000042e+08 1.210463930000000000e+08 1.741715000000000000e+07 2.940639214000000060e+07
1.132505722240000069e+08 6.904170389699999988e+07 1.808351200000000000e+07 1.099924919409999996e+08
8.964282993500000238e+07 8.138758774109999835e+07 2.302131800000000000e+07 1.029215115837000012e+08
8.273633294900000095e+07 9.377337335999999940e+07 2.518863500000000000e+07 2.287727865280000027e+06
7.647258967999997735e+07 1.688951650000000000e+08 2.177951100000000000e+07 5.611137100000000000e+07
1.003516501299999952e+08 1.045227535000000000e+08 1.852346000000000000e+07 1.803830168100000173e+07
9.752422374099999666e+07 9.645915509999999404e+07 1.962437200000000000e+07 1.232883752999999933e+07
7.059143051999999583e+07 1.590314030000000000e+08 2.527529400000000000e+07 3.733958440000000596e+07
1.017748597409999967e+08 1.098943300000000000e+08 1.798023300000000000e+07 2.184149084400000051e+07
1.041835112999999821e+08 9.904798950000000000e+07 1.856353000000000000e+07 1.522944559999999963e+07
7.386028539999999106e+07 1.693803320000000000e+08 2.285273000000000000e+07 4.936916900000000000e+07
1.073508968199999928e+08 9.492016509999999404e+07 1.773431200000000000e+07 5.191445100999999791e+07
1.143956695699999928e+08 6.811199706000000238e+07 1.745453300000000000e+07 1.533728652400000095e+08
1.016097297000000179e+08 9.137957459999999404e+07 1.953266400000000000e+07 9.762295699999999255e+06
7.091174162600000203e+07 1.301562884500000030e+08 3.837574500000000000e+07 3.637142725999999791e+06
7.739809538000002503e+07 1.146478089000000060e+08 2.444385600000000000e+07 1.373747583999999985e+07
1.042027655000000447e+08 7.794703110000000894e+07 2.109456700000000000e+07 1.092282307000000030e+06
8.566680939999999106e+07 8.925040726900000870e+07 2.524871700000000000e+07 6.821208379999999888e+05
7.820913449000000954e+07 9.561647149070000648e+07 2.793721800000000000e+07 1.384506632603999972e+07
8.183825154000000656e+07 1.218992539000000060e+08 2.188836600000000000e+07 2.149041660999999940e+07
1.038593273799999952e+08 7.143452529999999702e+07 1.923570800000000000e+07 1.056716568499999940e+08
1.087548298739999980e+08 7.340127708799999952e+07 1.921641800000000000e+07 5.682382498300000280e+07
7.523641468490000069e+07 1.031378175999999940e+08 2.933355400000000000e+07 1.921820990440000081e+06
9.817599335999999940e+07 9.095886942000000179e+07 1.974712900000000000e+07 2.154381923000000045e+07
7.216039645999999344e+07 1.679276410000000000e+08 2.385174500000000000e+07 4.538191920000000298e+07
1.059248594921800047e+08 8.020165803949999809e+07 2.026180600000000000e+07 9.759965232890000567e+06
1.037434026800000370e+08 1.033786822999999970e+08 1.807776500000000000e+07 2.348950839999999851e+07
9.894324332199999690e+07 1.005300654000000060e+08 1.904200800000000000e+07 1.510015762700000033e+07
1.025980681800000072e+08 7.263894381000000238e+07 1.957149900000000000e+07 8.856562857999999821e+07
8.985458077000001073e+07 1.412137760000000000e+08 1.870124500000000000e+07 4.048375100000000000e+07
9.234776918999999762e+07 1.179799857999999970e+08 1.876748600000000000e+07 7.999290581999999285e+07
9.596665111929999292e+07 8.502924260999999940e+07 2.140977700000000000e+07 3.871063893290000036e+06
9.781730262000001967e+07 8.017235493799999356e+07 2.193798700000000000e+07 9.196828739999999525e+05
1.004174680000000000e+08 8.346364640000000596e+07 2.035483600000000000e+07 1.368188269999999925e+07
1.040601351299999952e+08 7.637371340000000596e+07 1.844796600000000000e+07 1.572551916200000048e+08
8.550256079999999702e+07 1.062296485000000000e+08 2.199433500000000000e+07 1.317341934100000001e+07
1.082463345999999940e+08 7.235019340000000596e+07 1.919036300000000000e+07 6.325220656000000238e+07
1.061970053399999589e+08 1.007514414000000060e+08 1.725896600000000000e+07 6.799387373000000417e+07
9.578966308400000632e+07 9.573330790000000596e+07 2.005400800000000000e+07 1.111223097499999963e+07
1.067843925799999982e+08 8.972823290000000596e+07 1.867349400000000000e+07 2.965614207000000030e+07
9.512207396999999881e+07 1.022477132999999970e+08 1.960621000000000000e+07 1.506538604900000058e+07
7.860390310230000317e+07 9.415014054899999499e+07 2.713551100000000000e+07 4.179548673809000105e+07
8.722778349819999933e+07 8.952294016000001132e+07 2.380483500000000000e+07 2.465220196459999774e+06
1.096446724200000018e+08 7.235502851999999583e+07 1.767954700000000000e+07 1.477490298700000048e+08
9.504338653399997950e+07 8.900489529999999702e+07 2.105051800000000000e+07 6.278397121500000358e+06
8.140747164000001550e+07 9.428260031299999356e+07 2.716716900000000000e+07 5.145675879999999888e+05
1.106128088359999806e+08 6.958444890999999642e+07 1.774020100000000000e+07 1.562546007939999998e+08
1.056594307000000179e+08 1.100872470000000000e+08 1.740477800000000000e+07 3.253691169999999925e+07
9.749342232999999821e+07 1.115201265000000000e+08 1.833289400000000000e+07 2.660709510000000149e+07
1.110808317099999934e+08 7.361608850000000000e+07 1.733070100000000000e+07 1.779280287400000095e+08
9.541675256999999285e+07 1.189376780000000000e+08 1.841111800000000000e+07 2.581860155999999866e+07
1.053838810100000054e+08 7.435565729999999702e+07 1.976984000000000000e+07 4.516511853000000119e+07
9.979891175000000000e+07 1.153658430000000000e+08 1.791535100000000000e+07 2.480906414499999955e+07
1.143230130629999936e+08 6.543748475999999791e+07 1.808405600000000000e+07 1.320934453159999996e+08
9.987900173999999464e+07 8.410398110000000894e+07 2.068420900000000000e+07 4.574247410000000149e+06
9.232420807999999821e+07 1.210765260000000000e+08 1.896294400000000000e+07 2.598151494000000134e+07
1.040702305900000185e+08 1.123253824000000060e+08 1.702143000000000000e+07 8.791715081999999285e+07
8.295323377000001073e+07 8.987758337000000477e+07 2.593213400000000000e+07 1.085985423000000045e+07
9.530889120000000298e+07 1.319953780000000000e+08 1.782432600000000000e+07 3.919029289999999851e+07
6.867157335999999940e+07 1.421037766999999881e+08 3.786923600000000000e+07 1.057323496000000089e+07
9.435421184700000286e+07 7.711419473720000684e+07 2.171463500000000000e+07 1.255384218425000012e+08
8.578634333000001311e+07 8.531536938289999962e+07 2.421203700000000000e+07 8.207092964408999681e+07
