1.043045497000000030e+08 1.149909700000000000e+08 1.731223400000000000e+07 3.229780130000000075e+07
1.063674793672199994e+08 8.016802224108999968e+07 2.015035300000000000e+07 1.206491470735999942e+07
1.049274539399999827e+08 1.149616930000000000e+08 1.740369900000000000e+07 2.795780930000000075e+07
1.145241155100000203e+08 6.419930765299999714e+07 1.807929600000000000e+07 1.507018338600000143e+08
1.063643914889999926e+08 7.302145026559999585e+07 2.020651900000000000e+07 3.468481893990000337e+07
1.037084529810000062e+08 7.647476986300000548e+07 2.166816700000000000e+07 2.375442791000000143e+05
1.061666097099999934e+08 8.312197890000000596e+07 1.988008300000000000e+07 1.131846063000000082e+07
9.317647612999999523e+07 7.883658509999999404e+07 2.200026400000000000e+07 6.645919407500000298e+07
1.113962471599999964e+08 7.312544232999999821e+07 1.841783700000000000e+07 8.233397217000000179e+07
1.041147579300000370e+08 1.158456860000000000e+08 1.744537400000000000e+07 2.722507489999999851e+07
1.081596641600000411e+08 7.230022282999999821e+07 1.961441500000000000e+07 4.985983454999999702e+07
1.057586613439999819e+08 7.403142365899999440e+07 2.049445700000000000e+07 2.412669505950000137e+07
1.049793320300000012e+08 9.689652279999999702e+07 1.868204300000000000e+07 1.460291466999999993e+07
9.327834762000001967e+07 8.323818791499999166e+07 2.283846300000000000e+07 1.045451527000000002e+06
1.043138364000000060e+08 9.795986229999999702e+07 1.866461600000000000e+07 1.437493600000000000e+07
1.032135732999999970e+08 9.246044440000000596e+07 1.924878700000000000e+07 1.072156259999999963e+07
1.096316890670000166e+08 7.300214613199999928e+07 1.921934300000000000e+07 5.685064391700000316e+07
1.003217140000000000e+08 7.876068114800000191e+07 2.165619900000000000e+07 6.373654820000000764e+05
1.036175430999999940e+08 1.056519680000000000e+08 1.808455200000000000e+07 1.942401019999999925e+07
9.713909409000000358e+07 1.189091720000000000e+08 1.811808300000000000e+07 2.632962913000000268e+07
1.020147084229999930e+08 7.448522131399999559e+07 2.057252500000000000e+07 3.626799081800000370e+07
9.421568410999999940e+07 8.429925560999999940e+07 2.210366900000000000e+07 2.603370899999999907e+06
9.773111335999998450e+07 7.975496549900001287e+07 2.210460800000000000e+07 6.694729029999999329e+05
7.067411409000000358e+07 1.237434535000000000e+08 3.179897400000000000e+07 9.169346060000000522e+06
9.886540346999998391e+07 8.860659859999999404e+07 2.024820000000000000e+07 7.363254000000000000e+06
1.000204370199999809e+08 8.165837774000000954e+07 2.107734400000000000e+07 2.722395049999999814e+06
9.592593321400000155e+07 9.205728390000000596e+07 2.042647800000000000e+07 8.738657589999999851e+06
7.498959121700000763e+07 1.035886842300000042e+08 2.932067500000000000e+07 2.169722742899999954e+06
1.074566188400000036e+08 9.248606559999999404e+07 1.800839900000000000e+07 4.627714617999999970e+07
1.064029921099999994e+08 8.712894882999999821e+07 1.886265700000000000e+07 3.056505417999999970e+07
1.121430999500000030e+08 7.419070865000000596e+07 1.801937800000000000e+07 9.416941410999999940e+07
8.468834459999999404e+07 1.385388530000000000e+08 1.992257500000000000e+07 4.457033950000000000e+07
9.984293152400000393e+07 7.638955899699999392e+07 2.163975800000000000e+07 1.354354610999999940e+07
9.817931256000000238e+07 1.322046420000000000e+08 1.747082600000000000e+07 3.857139029999999702e+07
1.085440459120000005e+08 6.961222231100000441e+07 1.923059200000000000e+07 7.846631253000000119e+07
9.937218584900000691e+07 9.274690179999999702e+07 1.970985500000000000e+07 1.009144873028000072e+07
1.023306874200000018e+08 7.624512418199999630e+07 2.172131800000000000e+07 3.158085132000000216e+06
1.071305271099999994e+08 8.387627334999999404e+07 1.917391500000000000e+07 2.846841642000000179e+07
8.340022019999998808e+07 1.555977000000000000e+08 1.983349000000000000e+07 5.427601100000000000e+07
1.004437666389999986e+08 1.029976147000000030e+08 1.861847100000000000e+07 1.721352425300000235e+07
8.593580352999998629e+07 1.229832700000000000e+08 2.039847800000000000e+07 2.965192160000000149e+07
1.078952639699999988e+08 1.001500347000000030e+08 1.714638000000000000e+07 7.104894000000000000e+07
9.853082792000001669e+07 1.176770440000000000e+08 1.792441900000000000e+07 2.709186850000000000e+07
1.147567230799999982e+08 6.985416776999999583e+07 1.724708300000000000e+07 1.567445189499999881e+08
1.035882554200000018e+08 8.186378806999999285e+07 2.048174500000000000e+07 3.812320700000000186e+06
1.001399711309999824e+08 1.050986890999999940e+08 1.851115000000000000e+07 1.833745249300000072e+07
1.157283844100000411e+08 6.954102018999999762e+07 1.741552600000000000e+07 1.380523832299999893e+08
7.882435999300001562e+07 9.977917970000000298e+07 2.609981000000000000e+07 3.876256317999999970e+06
9.272518890000000596e+07 1.444705620000000000e+08 1.795247100000000000e+07 5.381982610000000149e+07
7.416386631700000167e+07 1.111807424000000060e+08 2.731552100000000000e+07 8.019646646999999881e+06
9.415415202599999309e+07 8.759247820000000298e+07 2.155023300000000000e+07 4.764614179399999790e+06
7.693429862999999523e+07 1.002476104829999954e+08 2.880452800000000000e+07 1.253244435999999987e+06
1.143366858000000417e+08 7.194572179999999702e+07 1.747956500000000000e+07 1.246682538799999952e+08
1.041163937800000012e+08 8.622273740000000596e+07 1.985614700000000000e+07 6.783292400000000373e+06
8.659343710000000894e+07 1.537371230000000000e+08 1.910765000000000000e+07 5.361879600000000000e+07
1.011268487199999839e+08 1.131346430000000000e+08 1.787197200000000000e+07 2.369658541899999976e+07
7.205599620000001788e+07 1.549024060000000000e+08 2.421288500000000000e+07 3.870284720000000298e+07
9.759424943000000715e+07 1.190995700000000000e+08 1.803066800000000000e+07 2.676676367000000179e+07
7.046782200000000000e+07 1.432345640000000000e+08 2.641023100000000000e+07 2.694043689999999851e+07
8.545313577000001073e+07 8.682916337000000477e+07 2.470456900000000000e+07 1.950712523000000045e+07
1.111564094300000072e+08 6.931042659999999404e+07 1.850462700000000000e+07 9.603340701000000536e+07
8.284800414000001550e+07 1.024768990999999940e+08 2.346053200000000000e+07 8.893531992000000551e+06
9.205856262999999523e+07 1.074179345000000000e+08 1.993456500000000000e+07 1.713190803900000080e+07
9.987967785199999809e+07 7.258551097669999301e+07 2.042446700000000000e+07 1.537968211473999918e+08
1.134344116570000052e+08 6.569436546000000089e+07 1.818671500000000000e+07 1.286740573920000046e+08
1.063689190000000447e+08 1.080873920000000000e+08 1.746190000000000000e+07 3.262284010000000149e+07
1.063459100000000447e+08 1.034236710000000000e+08 1.791943200000000000e+07 2.397598880000000075e+07
7.613336682000000775e+07 1.676765680000000000e+08 2.190255800000000000e+07 5.448700150000000000e+07
8.138165337000000477e+07 9.387304122100000083e+07 2.628916000000000000e+07 1.258260002000000095e+06
1.106750862999999970e+08 6.555024390999999642e+07 1.853606500000000000e+07 1.495086726520000100e+08
7.444993937000000477e+07 1.140468884000000060e+08 2.645347100000000000e+07 1.078911510999999940e+07
1.095357230199999958e+08 7.434313957999999821e+07 1.927939000000000000e+07 5.053541640999999642e+07
9.638221112599995732e+07 8.731937750000000000e+07 2.094381100000000000e+07 5.609548931900000200e+06
8.565069931000000238e+07 8.946550218400000036e+07 2.502061000000000000e+07 8.146530130000000354e+05
1.117841289300000072e+08 7.234296367000000179e+07 1.804833800000000000e+07 1.003009919599999934e+08
8.399990136000001431e+07 9.935899409999999404e+07 2.339697800000000000e+07 7.560445747999999672e+06
9.605924112000001967e+07 1.325840110000000000e+08 1.778077700000000000e+07 3.642130200000000000e+07
6.706711834000000358e+07 1.661128364000000060e+08 3.718819900000000000e+07 2.447786210000000149e+07
1.043313662759999931e+08 7.445207114000000060e+07 2.084442800000000000e+07 1.952159422060000151e+07
9.727063065000000596e+07 9.532538859999999404e+07 1.978156400000000000e+07 1.151079107999999821e+07
8.034753403000000119e+07 1.348411820000000000e+08 2.158185700000000000e+07 2.859241098999999836e+07
7.922283378000000119e+07 9.696711278900000453e+07 2.760674400000000000e+07 9.126079000000000233e+05
1.012876715300000161e+08 8.882656529999999702e+07 1.985415500000000000e+07 8.059478400000000373e+06
6.827336845000000298e+07 1.457504970999999940e+08 3.771000700000000000e+07 1.274411198000000045e+07
9.996575723800000548e+07 9.764172559999999404e+07 1.914033200000000000e+07 1.351482823279999942e+07
1.022741864800000042e+08 1.196306950000000000e+08 1.747565700000000000e+07 2.820533601999999955e+07
1.016447214700000435e+08 8.429694590000000596e+07 2.038127900000000000e+07 5.116152059999999590e+06
7.167053621299999952e+07 1.253859226599999964e+08 3.702425000000000000e+07 2.941059255000000354e+06
8.306961237240000069e+07 9.253295318000000715e+07 2.527440400000000000e+07 1.941637918880000012e+06
7.299190470000000298e+07 1.098346933599999994e+08 2.939933000000000000e+07 5.296326984000000171e+06
8.172782624000000954e+07 1.355995350000000000e+08 2.107758200000000000e+07 2.995427930000000075e+07
8.391498019999998808e+07 1.214651985999999940e+08 2.123104100000000000e+07 2.218559044999999925e+07
1.042625366099999994e+08 1.117718940000000000e+08 1.701684100000000000e+07 8.721877134999999404e+07
1.055408652960000038e+08 7.540449986699999869e+07 2.106777600000000000e+07 7.148248916999999434e+06
8.355366581000000238e+07 9.964343829999999702e+07 2.353147700000000000e+07 7.572242469999999739e+06
8.735487600000000000e+07 8.676260594900000095e+07 2.447287900000000000e+07 4.908739508999999613e+06
7.486046599299998581e+07 1.051003445799999982e+08 2.826844000000000000e+07 4.003529424999999814e+06
8.002187145000001788e+07 1.233631395000000000e+08 2.240597300000000000e+07 2.315678530000000075e+07
8.978590195999999344e+07 8.684201353999999166e+07 2.329706500000000000e+07 2.077196379999999888e+06
9.175571669499999285e+07 8.942953920000000298e+07 2.203280800000000000e+07 4.878713245699999854e+06
1.124566921099999994e+08 7.154329109999999404e+07 1.728463600000000000e+07 1.777087505699999928e+08
1.053494127010000050e+08 6.854754343230000138e+07 1.937482100000000000e+07 1.617415622596000135e+08
7.521759124000000954e+07 1.159631099000000060e+08 2.562963600000000000e+07 1.266635200000000000e+07
7.938610250899998844e+07 9.443432021699999273e+07 2.727439400000000000e+07 1.014195389589999989e+07
1.151298826599999964e+08 6.607002250000000000e+07 1.788230700000000000e+07 1.343626419399999976e+08
8.069798694099999964e+07 9.806500518000000715e+07 2.521564200000000000e+07 4.373988389000000432e+06
1.046489563299999982e+08 7.374549220000000298e+07 1.971915900000000000e+07 5.359104956000000238e+07
7.843490690000000596e+07 1.414077860000000000e+08 2.191190000000000000e+07 3.171064760999999940e+07
9.517882374199999869e+07 7.663752866380000114e+07 2.125187500000000000e+07 1.245475435502000004e+08
1.083925965699999928e+08 7.112340820999999344e+07 1.793877100000000000e+07 1.646127894300000072e+08
9.790978964000000060e+07 7.616896440399999917e+07 2.122127300000000000e+07 4.084554389899999648e+07
8.422001355500000715e+07 9.201184912000000477e+07 2.469149700000000000e+07 2.611441506000000052e+06
7.307875840000000596e+07 1.687081720000000000e+08 2.325880200000000000e+07 4.768458720000000298e+07
7.922717856999999285e+07 1.453430810000000000e+08 2.132099900000000000e+07 4.432944479999999702e+07
1.083818036400000006e+08 7.386864950000000000e+07 1.969746400000000000e+07 4.083921568999999762e+07
1.076805935530000180e+08 6.840462073699998856e+07 1.845687600000000000e+07 1.537540218025000095e+08
1.098702867600000054e+08 6.871365765000000596e+07 1.860693700000000000e+07 1.020679035600000024e+08
8.630969403000000119e+07 1.407855690000000000e+08 1.958453300000000000e+07 3.603028679999999702e+07
1.142982448599999994e+08 6.993978800000000000e+07 1.788900500000000000e+07 1.125239795000000000e+08
1.021517302900000066e+08 7.946049274000000954e+07 2.108834600000000000e+07 1.797099260000000009e+06
9.463298874199999869e+07 8.027645310489998758e+07 2.255452500000000000e+07 9.013721300000000745e+06
8.124382799200001359e+07 9.080933267209999263e+07 2.564200200000000000e+07 5.769909055986999720e+07
8.904212443999999762e+07 8.197517393739999831e+07 2.319269100000000000e+07 9.980115482900999486e+07
6.812956071999999881e+07 1.593203665000000000e+08 3.109238600000000000e+07 2.923807539999999851e+07
7.029572409000000358e+07 1.323664015199999958e+08 3.830918000000000000e+07 4.886752229000000283e+06
7.626580351000002027e+07 1.038089840000000000e+08 2.702924700000000000e+07 4.964139458999999799e+06
7.648831147000001371e+07 1.069195762000000030e+08 2.614394200000000000e+07 7.559719359000000171e+06
9.686983295000001788e+07 8.284286182999999821e+07 2.154589100000000000e+07 2.740162729999999981e+06
8.568877814000000060e+07 1.039324427999999970e+08 2.217039800000000000e+07 1.177423727199999988e+07
9.718568207999999821e+07 7.533186098000000417e+07 2.086703200000000000e+07 9.143301715000000596e+07
9.570959565000000596e+07 1.062302519000000060e+08 1.915440400000000000e+07 1.785804321999999881e+07
7.304288110999998450e+07 1.122316274300000072e+08 2.813144200000000000e+07 1.209915499499999918e+07
1.127325420900000185e+08 6.736139329999999702e+07 1.778212400000000000e+07 1.443642838000000119e+08
1.085014590100000054e+08 7.264617690000000596e+07 1.848732700000000000e+07 9.213084009999999404e+07
