1.013471490999999940e+08 7.660617173100000620e+07 2.171931100000000000e+07 3.985439387000000104e+06
1.003180671330000013e+08 7.670984667100000381e+07 2.186170800000000000e+07 6.226259043999999762e+06
1.001548112900000066e+08 8.268041926999999583e+07 2.085571500000000000e+07 3.662227240000000224e+06
1.036520215160000026e+08 7.656706659700000286e+07 2.156755500000000000e+07 3.027711599000000278e+05
9.801970254500000179e+07 9.344434940000000596e+07 1.985745500000000000e+07 1.021009628099999949e+07
1.123524954299999774e+08 6.555267628599999845e+07 1.829503800000000000e+07 1.349411761080000103e+08
1.066063974000000060e+08 7.480098823000000417e+07 1.798824900000000000e+07 1.596268446299999952e+08
1.095540081459999979e+08 6.975442276399999857e+07 1.915981000000000000e+07 7.473523000030000508e+07
9.744399470999997854e+07 8.184313014000000060e+07 2.162152600000000000e+07 2.060469879999999888e+06
1.040214812999999821e+08 9.791622200000000000e+07 1.867478600000000000e+07 1.442159009999999963e+07
8.344530172000001371e+07 9.213324551399999857e+07 2.563590100000000000e+07 9.022475400000000373e+05
8.175696187000000477e+07 1.414805530000000000e+08 2.078189600000000000e+07 3.429993230000000447e+07
1.040188335600000173e+08 8.175196430000001192e+07 2.047019600000000000e+07 3.674339009999999776e+06
1.152598403900000155e+08 6.910498209999999404e+07 1.746917700000000000e+07 1.383509522100000083e+08
9.805349696300004423e+07 9.171392920000000298e+07 2.003630900000000000e+07 9.097558314600000158e+06
7.508371748999999464e+07 1.596592490000000000e+08 2.247760000000000000e+07 4.151382289999999851e+07
1.087330332709999979e+08 6.644558206509999931e+07 1.867226300000000000e+07 1.616139440081999898e+08
9.742142471999999881e+07 8.727447390000000596e+07 2.072217400000000000e+07 5.872667030000000261e+06
1.061311372999999821e+08 1.099717940000000000e+08 1.745141000000000000e+07 2.982608539999999851e+07
1.119596004899999946e+08 6.987645229999999702e+07 1.843967600000000000e+07 9.364799551999999583e+07
7.799091112000000477e+07 9.868589187000000477e+07 2.753340600000000000e+07 1.726244218999999808e+06
8.301043664500001073e+07 8.854943867350000143e+07 2.496467800000000000e+07 6.782288687768000364e+07
9.358627800000000000e+07 1.516914790000000000e+08 1.777566100000000000e+07 5.775994200000000000e+07
9.214096184700000286e+07 7.930492573720000684e+07 2.202898200000000000e+07 1.135250218425000012e+08
1.056988517699999958e+08 1.044445045999999940e+08 1.711758100000000000e+07 7.399713289000000060e+07
7.567302979000000656e+07 1.180921234000000060e+08 2.505551600000000000e+07 1.453943048000000045e+07
9.640329235999999940e+07 1.386183720000000000e+08 1.742750800000000000e+07 5.183687929999999702e+07
1.077163157800000161e+08 9.693800979999999702e+07 1.747799500000000000e+07 5.836632821999999881e+07
1.111022709399999976e+08 7.303109131000000238e+07 1.864548100000000000e+07 7.452641901000000536e+07
9.886988151999999583e+07 8.820579079999999702e+07 2.029975700000000000e+07 7.061708100000000559e+06
1.063891112199999988e+08 8.696904053000000119e+07 1.881756900000000000e+07 3.262327801999999955e+07
8.351211959999999404e+07 1.604183200000000000e+08 1.978920500000000000e+07 5.808100500000000000e+07
7.227363387999999523e+07 1.270184156700000018e+08 3.846666200000000000e+07 1.881312972999999998e+06
9.994938235999998450e+07 7.912953735999999940e+07 2.163489200000000000e+07 8.243621369999999879e+05
1.085595075319000036e+08 7.325677427189999819e+07 1.903672200000000000e+07 6.425920998640000075e+07
1.121759880400000066e+08 7.217385690000000596e+07 1.733532600000000000e+07 1.544254865399999917e+08
7.724837432999999821e+07 1.678014310000000000e+08 2.151932600000000000e+07 5.637782200000000000e+07
1.134747600910000056e+08 6.622253575999999791e+07 1.818328700000000000e+07 1.232977208700000048e+08
8.181567535999999940e+07 1.055821067000000030e+08 2.350119900000000000e+07 1.034276058300000057e+07
1.145927814899999946e+08 7.215124080000001192e+07 1.740950500000000000e+07 1.274477999699999988e+08
1.146987083900000006e+08 6.599810968999999762e+07 1.800747500000000000e+07 1.294863522099999934e+08
9.991836923899999261e+07 9.937962100000000000e+07 1.899999000000000000e+07 1.457841536930000037e+07
9.315076787999999523e+07 8.610817316999998689e+07 2.214416800000000000e+07 3.204470990000000224e+06
1.063531468499999940e+08 7.991151520000000298e+07 2.027864800000000000e+07 9.711947599999999627e+06
6.803663710000000894e+07 1.503842230999999940e+08 3.833342800000000000e+07 1.429513491999999993e+07
8.015870484999999404e+07 1.003248775699999928e+08 2.506060400000000000e+07 5.655945889000000432e+06
9.115974707500000298e+07 8.921132289999999106e+07 2.228662500000000000e+07 4.379926803600000218e+06
1.043490192999999821e+08 1.055288550000000000e+08 1.804749200000000000e+07 1.941678200000000000e+07
1.001014661700000018e+08 1.264892750000000000e+08 1.744947700000000000e+07 3.318869810000000149e+07
1.016525427999999970e+08 9.092772850000000000e+07 1.957390500000000000e+07 9.488279099999999627e+06
1.020069550100000054e+08 1.228161760000000000e+08 1.732060200000000000e+07 3.269203489999999851e+07
1.044861278000000417e+08 1.153669870000000000e+08 1.724106600000000000e+07 3.470673600000000000e+07
7.107030253000000119e+07 1.662061750000000000e+08 2.469074300000000000e+07 4.288071000000000000e+07
7.592000817000000179e+07 1.547409610000000000e+08 2.218856500000000000e+07 4.652522900000000000e+07
1.118953825900000185e+08 7.241409678000000119e+07 1.794489000000000000e+07 1.047502443599999994e+08
1.040841163499999940e+08 8.657966159999999404e+07 1.981630500000000000e+07 7.001625600000000559e+06
9.975810629999998212e+07 1.136653860000000000e+08 1.798048400000000000e+07 2.428232937999999896e+07
9.147264135999999940e+07 8.449212317000000179e+07 2.347860900000000000e+07 6.527609270000000251e+05
1.039671535799999982e+08 7.820728698000000417e+07 2.105557100000000000e+07 1.317371321999999927e+06
9.159949965999999642e+07 1.152174437000000030e+08 1.947527400000000000e+07 2.198686142999999970e+07
8.490621637900000811e+07 8.626628411549000442e+07 2.449366800000000000e+07 7.636180036792999506e+07
8.106482524000000954e+07 9.433630117700000107e+07 2.702488300000000000e+07 7.521787369999999646e+05
1.007814000999999940e+08 7.667707032999999821e+07 2.153722700000000000e+07 8.001862901999999769e+06
8.756267336000001431e+07 8.811714847499999404e+07 2.434732800000000000e+07 8.739748140000000130e+05
9.153543073000001907e+07 1.190161470000000000e+08 1.926257800000000000e+07 2.429538448000000045e+07
8.622663979999999702e+07 1.518072170000000000e+08 1.918996900000000000e+07 5.501323200000000000e+07
8.624475654000000656e+07 1.304128270000000000e+08 2.000422400000000000e+07 2.917886612999999896e+07
8.637592828000000119e+07 8.469152818009999394e+07 2.402880600000000000e+07 8.601179104319000244e+07
8.877096084000000358e+07 8.653460866600000858e+07 2.405120200000000000e+07 1.001028508999999962e+06
8.281513811000001431e+07 1.264578130000000000e+08 2.101421800000000000e+07 6.709959710000000149e+07
7.278294561000001431e+07 1.124714822000000030e+08 2.839651700000000000e+07 1.172040775699999928e+07
9.007743434000000358e+07 1.011968565999999940e+08 2.105372800000000000e+07 1.208694697599999979e+07
7.074500497000001371e+07 1.306854452699999958e+08 3.836038400000000000e+07 3.935544439999999944e+06
7.518356613230000436e+07 1.032318444300000072e+08 2.933083600000000000e+07 1.973412679220000049e+06
8.910515120000001788e+07 1.554166950000000000e+08 1.857991500000000000e+07 5.818248500000000000e+07
8.340697926999999583e+07 1.197449022999999970e+08 2.152041800000000000e+07 2.080234166000000015e+07
1.139401264800000191e+08 6.986674129999999702e+07 1.790675900000000000e+07 1.126454940799999982e+08
1.020805407000000030e+08 9.449839000000000000e+07 1.916331000000000000e+07 1.190256250000000000e+07
1.038916960319999754e+08 1.164061060000000000e+08 1.747350800000000000e+07 2.653755612999999896e+07
9.527326685999998450e+07 8.119014229799999297e+07 2.274791700000000000e+07 6.326692550000000047e+05
6.692878885000000894e+07 1.695833281999999881e+08 3.567626100000000000e+07 2.842651300000000000e+07
7.998059743999999762e+07 9.595244598000000417e+07 2.649627300000000000e+07 1.772495439999999944e+06
7.912426250000000000e+07 1.409940470000000000e+08 2.156157100000000000e+07 4.059765720000000298e+07
7.995947899000000954e+07 1.402531730000000000e+08 2.143514100000000000e+07 3.180948575000000000e+07
9.823331088000003994e+07 7.931543375500001013e+07 2.219039500000000000e+07 4.310327100000000210e+05
6.704938534000000358e+07 1.644332540000000000e+08 3.638637400000000000e+07 2.481092260000000149e+07
9.585107459999999404e+07 1.426340370000000000e+08 1.748126100000000000e+07 5.060342400000000000e+07
1.031668423599999994e+08 7.665373509999999404e+07 2.103300400000000000e+07 9.275468759999999776e+06
7.928278695000000298e+07 9.788610869400000572e+07 2.855047900000000000e+07 4.254914400000000023e+05
9.571350895000001788e+07 7.965901893999999762e+07 2.272247200000000000e+07 5.010063219999999739e+06
7.519894023000000417e+07 1.446333950000000000e+08 2.305374200000000000e+07 3.223900980000000075e+07
1.069023454300000072e+08 7.332413168000000715e+07 1.994574200000000000e+07 3.854189302000000328e+07
8.430112719999998808e+07 9.067368423000000417e+07 2.530064600000000000e+07 1.152972693000000203e+06
7.696651051000000536e+07 1.006710010820000023e+08 2.863568300000000000e+07 1.234152560999999987e+06
1.010434987099999934e+08 8.712377559999999404e+07 2.010247500000000000e+07 6.785668699999999255e+06
8.577949845999999344e+07 1.178487415999999940e+08 2.090664300000000000e+07 2.082416889999999851e+07
1.044827258299999982e+08 9.119527359999999404e+07 1.854349400000000000e+07 3.588185770000000298e+07
1.017424081700000167e+08 1.085380530000000000e+08 1.800869600000000000e+07 2.276001330000000075e+07
6.792594451999999583e+07 1.495493771999999881e+08 3.740502300000000000e+07 1.514608848999999836e+07
7.017676843999999762e+07 1.496192700000000000e+08 2.626260400000000000e+07 3.104695139999999851e+07
8.564493259999999404e+07 1.526070730000000000e+08 1.936069200000000000e+07 4.912726179999999702e+07
1.002327572319999933e+08 1.034523395999999940e+08 1.860194100000000000e+07 1.764970685999999940e+07
7.101368426000000536e+07 1.568120690000000000e+08 2.494113700000000000e+07 3.802069020000000298e+07
9.392723092000000179e+07 1.054019267000000030e+08 1.959957400000000000e+07 1.717146285999999940e+07
7.097839095000000298e+07 1.263950615000000000e+08 2.796836800000000000e+07 1.581014422000000067e+07
8.069175532500000298e+07 9.116686314811000228e+07 2.615569200000000000e+07 4.710730623026999831e+07
9.780649254000000656e+07 1.075550977000000030e+08 1.860729700000000000e+07 2.112733070000000298e+07
9.759260878000001609e+07 1.042161685000000000e+08 1.894686200000000000e+07 1.725683910800000280e+07
8.937542306000000238e+07 1.305781750000000000e+08 1.920831800000000000e+07 3.079231826999999955e+07
6.691766387000000477e+07 1.736640083000000119e+08 3.534617200000000000e+07 3.094501050000000000e+07
1.147655409300000072e+08 6.875005673999999464e+07 1.735454000000000000e+07 1.552871385900000036e+08
8.497406987000000477e+07 1.077291155000000000e+08 2.202258800000000000e+07 1.390911223900000006e+07
1.047645385699999928e+08 7.495417334000000358e+07 1.838495900000000000e+07 1.552685358700000048e+08
9.483632566400000453e+07 8.887050079999999702e+07 2.112024800000000000e+07 6.177398895499999635e+06
1.041850889000000209e+08 9.204768540000000596e+07 1.921745500000000000e+07 1.058335850000000000e+07
1.007795640970000029e+08 7.470627648999999464e+07 2.069589800000000000e+07 4.004781684700000286e+07
9.948120872879999876e+07 9.159025209999999404e+07 1.980453100000000000e+07 9.450156685119999573e+06
7.849346061999998987e+07 1.064688459000000060e+08 2.494583000000000000e+07 8.817958856000000611e+06
7.062208705999998748e+07 1.388288074000000060e+08 2.665890800000000000e+07 2.408559548000000045e+07
8.473947378000000119e+07 1.288371540000000000e+08 2.043049000000000000e+07 3.036748900000000000e+07
6.862688699000000954e+07 1.445487280999999940e+08 3.865836400000000000e+07 1.077194036999999918e+07
9.095004820000001788e+07 1.479283080000000000e+08 1.825081300000000000e+07 5.494700500000000000e+07
1.056604043690000027e+08 6.942282167900000513e+07 1.883389700000000000e+07 1.488207880175999999e+08
7.153193512999999523e+07 1.182822956500000060e+08 3.174938800000000000e+07 6.366945474000000395e+06
1.121625631800000072e+08 6.733788079999999702e+07 1.784571600000000000e+07 1.458300221999999881e+08
1.065280315349999964e+08 8.178777139999999106e+07 1.987324100000000000e+07 1.455232607100000046e+07
9.543094090000000596e+07 1.193655480000000000e+08 1.838792000000000000e+07 2.609373922000000253e+07
1.072835003599999845e+08 9.357566250000000000e+07 1.794519200000000000e+07 4.630110854999999702e+07
1.056452294699999988e+08 7.310460309999999404e+07 1.956903800000000000e+07 5.707198250999999791e+07
9.596100456000000238e+07 1.285465780000000000e+08 1.794310000000000000e+07 3.242841689999999851e+07
7.807377733990000188e+07 9.487985643847399950e+07 2.761233400000000000e+07 3.588096869169799984e+07
