1.019138987999999821e+08 8.012555245000000298e+07 2.101363600000000000e+07 2.153368859999999870e+06
9.794964764000000060e+07 8.088069635000000894e+07 2.166412800000000000e+07 1.721295283000000054e+06
9.351096926000000536e+07 8.271500412500000000e+07 2.345930300000000000e+07 3.361240459999999730e+05
1.066388440439999998e+08 7.332283216959999502e+07 2.025513500000000000e+07 3.111635133430000022e+07
7.899904558000001311e+07 9.746464700300000608e+07 2.762416400000000000e+07 9.678913839999999618e+05
8.521554903000000119e+07 8.983517073600000143e+07 2.527908200000000000e+07 7.011255920000000624e+05
1.054550570100000054e+08 8.032701509999999404e+07 2.023476500000000000e+07 1.065223959999999963e+07
1.033815084300000221e+08 7.619499937000000477e+07 2.167508900000000000e+07 1.493603729999999981e+06
9.722136459000000358e+07 7.708675850599999726e+07 2.030858700000000000e+07 1.317507547800000012e+08
1.028009654699999839e+08 7.240203592000000179e+07 1.983011300000000000e+07 7.339207490600000322e+07
9.724287459999999404e+07 7.767149603000000119e+07 2.168197700000000000e+07 2.122501482899999991e+07
1.102462536580000222e+08 6.561739153283999860e+07 1.853021400000000000e+07 1.590721272524800003e+08
1.053800185499999821e+08 9.794074170000000298e+07 1.843911000000000000e+07 1.914835130000000075e+07
1.042208148900000006e+08 7.358336362000000477e+07 1.995439600000000000e+07 4.827132709000000358e+07
1.083724022800000012e+08 7.469700254000000656e+07 1.896698600000000000e+07 6.221284810999999940e+07
1.054220174060000330e+08 7.468333250669999421e+07 2.085469600000000000e+07 1.442491297189999931e+07
1.113066605900000036e+08 6.528614273900000006e+07 1.846321800000000000e+07 1.493409167190000117e+08
9.054488318320000172e+07 8.722809062999999523e+07 2.288483100000000000e+07 2.700851804090000223e+06
1.097246670740000010e+08 7.040984271999999881e+07 1.921435800000000000e+07 6.840550590600000322e+07
7.092688390199999511e+07 1.301103797999999970e+08 3.837707600000000000e+07 3.611212947000000160e+06
1.138270305460000038e+08 6.550041517499999702e+07 1.817684800000000000e+07 1.294095500929999948e+08
1.021427113400000036e+08 1.221847170000000000e+08 1.738057100000000000e+07 3.062979810000000149e+07
1.024106387099999934e+08 7.545386490000000596e+07 1.975204900000000000e+07 5.906438950000000000e+07
8.927415693000000715e+07 8.174663699220000207e+07 2.312759900000000000e+07 1.012784573112999946e+08
8.442207182999999821e+07 1.315343610000000000e+08 2.036578700000000000e+07 3.281775000000000000e+07
8.310514507000000775e+07 9.247045161200000346e+07 2.567437800000000000e+07 1.017645011000000057e+06
1.001926239580000043e+08 9.937324229999999702e+07 1.895935200000000000e+07 1.466410118060000055e+07
1.032966347000000030e+08 9.893032209999999404e+07 1.863862800000000000e+07 1.500054459999999963e+07
1.065703984000000060e+08 9.636923870000000298e+07 1.763795200000000000e+07 5.479689367000000179e+07
9.767482559999999404e+07 1.411932990000000000e+08 1.726685200000000000e+07 5.082210400000000000e+07
1.147871525699999928e+08 7.075537454000000656e+07 1.746930700000000000e+07 1.297995473599999994e+08
1.076517251800000072e+08 9.673291159999999404e+07 1.747706200000000000e+07 5.920149306000000238e+07
6.887060262999999523e+07 1.425781440999999940e+08 3.876169400000000000e+07 9.597086130000000820e+06
9.620723855699999630e+07 7.615712951319999993e+07 2.087482700000000000e+07 1.287615311661999971e+08
1.000765146099999994e+08 8.162729193000000715e+07 2.106837100000000000e+07 2.731837240000000224e+06
1.148020242099999934e+08 6.762582523999999464e+07 1.747902300000000000e+07 1.534591545800000131e+08
1.078900545049999952e+08 7.209891764200000465e+07 1.978277500000000000e+07 4.663370207699999958e+07
9.758597787999999523e+07 1.175315550000000000e+08 1.811313300000000000e+07 2.559338073999999836e+07
1.052523582000000030e+08 1.045896370000000000e+08 1.807227000000000000e+07 1.889662219999999925e+07
1.062673254800000042e+08 1.057842037000000030e+08 1.701610900000000000e+07 7.990462446000000834e+07
7.530530159999999404e+07 1.703885290000000000e+08 2.221014700000000000e+07 5.344214510000000149e+07
1.043557032999999821e+08 1.065254980000000000e+08 1.797859200000000000e+07 2.004485319999999925e+07
7.395197750000000000e+07 1.654957240000000000e+08 2.282633000000000000e+07 4.815561160000000149e+07
1.111732980999999940e+08 6.983010059999999404e+07 1.859208800000000000e+07 8.965657168999999762e+07
8.359704390999999642e+07 1.142806099000000060e+08 2.190076300000000000e+07 1.732501878000000119e+07
1.040254862199999988e+08 8.200611079999999702e+07 2.042843100000000000e+07 3.875065509999999776e+06
8.860795418000000715e+07 8.689962838500000536e+07 2.408211800000000000e+07 8.789439259999999776e+05
8.246379323000001907e+07 1.241913220999999940e+08 2.126573400000000000e+07 6.522570565999999642e+07
7.589038564000001550e+07 1.082315354000000060e+08 2.633109100000000000e+07 8.171527469999999739e+06
1.116429650999999940e+08 7.193244060000000894e+07 1.735791700000000000e+07 1.779374527700000107e+08
1.066436594899999797e+08 8.486830876999999583e+07 1.927428000000000000e+07 2.311834373000000045e+07
7.095868514000001550e+07 1.446936160000000000e+08 2.576571800000000000e+07 2.968748580000000075e+07
7.370216496000002325e+07 1.429000060000000000e+08 2.393679900000000000e+07 3.024333430000000075e+07
1.002203212800000012e+08 8.666644629999999702e+07 2.029490000000000000e+07 6.214815200000000186e+06
1.143427065499999821e+08 6.584284932000000030e+07 1.803842100000000000e+07 1.304109573400000036e+08
7.697875694999998808e+07 1.005645909099999964e+08 2.804041800000000000e+07 1.850859718000000110e+06
9.589257940000003576e+07 1.503911550000000000e+08 1.742317200000000000e+07 5.788034500000000000e+07
9.582254418000000715e+07 8.247812350999999046e+07 2.194339700000000000e+07 2.074618260000000009e+06
9.555028940999999642e+07 7.900824673000000417e+07 2.183758100000000000e+07 2.509590232000000030e+07
7.188653002999998629e+07 1.497276720000000000e+08 2.463335100000000000e+07 3.418667970000000298e+07
9.490160777000004053e+07 1.201267300000000000e+08 1.845645200000000000e+07 2.639017517000000179e+07
9.976042884000000358e+07 1.101011029000000060e+08 1.759526300000000000e+07 7.965521864000000060e+07
1.060728620229999572e+08 7.360828793780000508e+07 2.041995300000000000e+07 2.727120591120000184e+07
7.148988782000000775e+07 1.210853115199999958e+08 3.414863600000000000e+07 4.562104943000000902e+06
9.194125720000000298e+07 1.160310334000000060e+08 1.933901200000000000e+07 2.265406523000000045e+07
7.912082953000001609e+07 1.014176873799999952e+08 2.545050900000000000e+07 5.641366370000000112e+06
1.050372294710000008e+08 6.876435095940001309e+07 1.943628500000000000e+07 1.627409514228000045e+08
8.005203062899999321e+07 9.859605528000000119e+07 2.546483600000000000e+07 4.375391837000000291e+06
1.001638528649999946e+08 7.617165330500000715e+07 2.130552500000000000e+07 1.843405636499999836e+07
8.255836920399999619e+07 9.941964570000000298e+07 2.404518500000000000e+07 6.539710756999999285e+06
1.085171249490000010e+08 6.649972478509999812e+07 1.878071700000000000e+07 1.594231384889400005e+08
1.037611152900000066e+08 8.671877070000000298e+07 1.983094800000000000e+07 6.984537700000000186e+06
9.981874662700001895e+07 9.417258159999999404e+07 1.949067700000000000e+07 1.118929160889999941e+07
9.179222346699999273e+07 9.666384720000000298e+07 2.101916300000000000e+07 9.999292926999999210e+06
8.758198299000000954e+07 8.784287965199999511e+07 2.452788200000000000e+07 6.444971629999999423e+05
9.796301029000002146e+07 7.949756529699999094e+07 2.215237200000000000e+07 5.441044160000000848e+05
1.112675517900000066e+08 7.285756885999999940e+07 1.808103000000000000e+07 9.825126353000000119e+07
1.076650172900000066e+08 7.455129029999999702e+07 1.978124400000000000e+07 3.715764379999999702e+07
6.779648102000001073e+07 1.706126060000000000e+08 3.180592500000000000e+07 3.407439350000000000e+07
1.018156375100000203e+08 1.116991612000000030e+08 1.726549800000000000e+07 8.478305659999999404e+07
1.138125509603000432e+08 6.834722126739999652e+07 1.805313000000000000e+07 1.138175096673000008e+08
6.726348310000000894e+07 1.595757324000000060e+08 3.669034200000000000e+07 2.162974960000000149e+07
8.870894308000001311e+07 1.398015420000000000e+08 1.904246300000000000e+07 3.693655550000000000e+07
9.961289464000000060e+07 7.946320443999999762e+07 2.158849700000000000e+07 1.115658527999999933e+06
1.073457172999999970e+08 7.026888497599999607e+07 1.927007100000000000e+07 7.760251374400000274e+07
7.333784779999998212e+07 1.580116240000000000e+08 2.329269200000000000e+07 4.287981840000000596e+07
9.693679311100000143e+07 9.539561479999999702e+07 1.940653100000000000e+07 3.206955792999999970e+07
1.003053821420000046e+08 1.070183637000000030e+08 1.833619800000000000e+07 1.983705023999999836e+07
9.821598027390004694e+07 8.930749709999999404e+07 2.028346400000000000e+07 7.583722192280000076e+06
8.108863031599999964e+07 1.092025004329999983e+08 2.307057900000000000e+07 3.944748897399999946e+07
1.011687675300000012e+08 1.141518200000000000e+08 1.776233400000000000e+07 2.569119660000000149e+07
7.942362000000001490e+07 1.540419650000000000e+08 2.098744400000000000e+07 4.585718520000000298e+07
7.994221934000000358e+07 1.074893740000000000e+08 2.406319700000000000e+07 1.064413372000000067e+07
8.130787493999999762e+07 9.435648880200000107e+07 2.640036100000000000e+07 1.017403432000000030e+06
1.008962310699999928e+08 7.672720625300000608e+07 2.186144700000000000e+07 3.866048203000000212e+06
1.000303822000000030e+08 1.398344880000000000e+08 1.701870600000000000e+07 5.428679700000000000e+07
1.066636657000000030e+08 8.241842506000000238e+07 1.966879000000000000e+07 1.823364869999999925e+07
7.983104670000000298e+07 1.047096900999999940e+08 2.449582700000000000e+07 8.649444286000000313e+06
9.469454295999999344e+07 1.311728230000000000e+08 1.806086700000000000e+07 3.412643910000000149e+07
1.092319602300000191e+08 6.844670354999999702e+07 1.873191600000000000e+07 1.033452413460000008e+08
1.046496532080000192e+08 8.513829325900000334e+07 1.928621100000000000e+07 2.572780867500000075e+07
1.071981297600000203e+08 8.351450103000000119e+07 1.928592900000000000e+07 2.588906005000000075e+07
1.096526335259999931e+08 6.909508776199999452e+07 1.798224600000000000e+07 1.481838138680000007e+08
1.033683284000000060e+08 9.365648629999999702e+07 1.911275200000000000e+07 1.158582819999999925e+07
7.230509773999999464e+07 1.268331730999999940e+08 2.640875800000000000e+07 1.749579363000000268e+07
9.711186039000000060e+07 1.243843900000000000e+08 1.778047400000000000e+07 3.421064400000000000e+07
8.819056161000001431e+07 1.124083875999999940e+08 2.059376900000000000e+07 1.862852585000000149e+07
8.607746329100000858e+07 8.500635799300000072e+07 2.411427500000000000e+07 8.371097326978999376e+07
7.459200558300000429e+07 1.044108418199999928e+08 2.929517600000000000e+07 2.628019283100000117e+06
7.932208573700000346e+07 9.847171823000000417e+07 2.608672800000000000e+07 3.292187686000000220e+06
1.014808562900000066e+08 8.426343609999999404e+07 2.042477200000000000e+07 4.924164810000000522e+06
1.161214478900000006e+08 6.769956941999998689e+07 1.747914400000000000e+07 1.456657260000000000e+08
7.884102776999999583e+07 1.196112992999999970e+08 2.325058500000000000e+07 1.799793130000000075e+07
1.023100246899999976e+08 9.960191670000000298e+07 1.856483700000000000e+07 1.912526939999999851e+07
1.105169105000000000e+08 7.233065503000000119e+07 1.827786800000000000e+07 9.361661725000000000e+07
1.118920070199999958e+08 6.577105190359999985e+07 1.805602400000000000e+07 1.630957346356000006e+08
8.508663551000000536e+07 9.100006632999999821e+07 2.462991600000000000e+07 1.796406233999999939e+06
1.041783891600000411e+08 1.146749640000000000e+08 1.747351400000000000e+07 2.690683689999999851e+07
