1.056347886599999964e+08 7.663359609999999404e+07 2.081067900000000000e+07 8.151349600000000559e+06
1.041486027999999970e+08 9.804540859999999404e+07 1.865750400000000000e+07 1.449697280000000075e+07
1.050927014099999964e+08 1.143334490000000000e+08 1.736541900000000000e+07 2.943883120000000298e+07
1.037209748509999812e+08 8.383930979999999702e+07 1.986593900000000000e+07 1.391374323100000061e+07
7.497552971799999475e+07 1.036153195100000054e+08 2.931991300000000000e+07 2.184399206100000069e+06
1.120000058199999928e+08 7.229209460000000894e+07 1.738579300000000000e+07 1.478644554300000072e+08
1.090529457399999946e+08 7.276679600000000000e+07 1.928940900000000000e+07 5.626120739000000060e+07
1.132609411519999951e+08 6.622720992199999839e+07 1.833922700000000000e+07 1.180972871099999994e+08
8.965725612999999523e+07 8.686606165000000596e+07 2.344458800000000000e+07 1.636575867000000086e+06
7.172248489300000668e+07 1.280645230199999958e+08 3.843764800000000000e+07 2.457521656400000211e+06
1.021605114699999988e+08 1.217437100000000000e+08 1.740394200000000000e+07 2.999397062999999896e+07
1.049635755700000226e+08 1.037757874000000060e+08 1.807201600000000000e+07 2.026718739999999851e+07
1.125216733610000461e+08 6.568190236209999770e+07 1.796769800000000000e+07 1.632713879309000075e+08
1.064254029800000042e+08 8.435017087999999523e+07 1.920289300000000000e+07 2.705694582999999821e+07
1.030176719000000060e+08 8.233834359999999404e+07 2.047825400000000000e+07 4.048005950000000186e+06
1.105907999000000060e+08 7.411169166000001132e+07 1.834599900000000000e+07 8.354953642000000179e+07
1.046485574500000179e+08 9.012436459999999404e+07 1.928587900000000000e+07 1.205737459999999963e+07
1.150485349399999827e+08 7.335373890000000596e+07 1.734202600000000000e+07 1.258926340100000054e+08
1.118736430199999958e+08 7.274106373999999464e+07 1.840190800000000000e+07 8.360575217000000179e+07
1.041655180000000000e+08 1.060291760000000000e+08 1.802111600000000000e+07 1.974894089999999851e+07
1.038900691050000042e+08 7.641918654299999774e+07 2.166558500000000000e+07 2.138494759999999951e+05
9.365658312999999523e+07 8.291418487900000811e+07 2.299509200000000000e+07 5.645269799999999814e+05
9.753942296999995410e+07 8.655738670000000298e+07 2.079362900000000000e+07 5.445151000000000000e+06
1.018644549200000018e+08 7.654473631999999285e+07 2.172984200000000000e+07 2.793656481999999844e+06
1.132541961299999952e+08 7.322141960000000894e+07 1.736810100000000000e+07 1.308922271899999976e+08
1.095735651800000072e+08 7.379545039999999106e+07 1.756607500000000000e+07 1.538709101399999857e+08
1.085583278229999840e+08 6.647648805380000174e+07 1.877369800000000000e+07 1.594745055746900141e+08
1.077118875599999577e+08 7.433035329999999702e+07 1.988656200000000000e+07 3.485107892000000179e+07
1.073330187399999946e+08 9.308318109999999404e+07 1.792428200000000000e+07 4.848836082999999821e+07
9.971657128000001609e+07 1.191466680000000000e+08 1.776350800000000000e+07 2.713406453999999911e+07
7.422634714000000060e+07 1.148919447800000012e+08 2.640717400000000000e+07 1.909969030999999866e+07
9.947792831999999285e+07 7.923667261399999261e+07 2.167836700000000000e+07 9.257904429999999702e+05
1.110811648100000024e+08 7.348523304999999702e+07 1.852481000000000000e+07 7.746937296999999881e+07
1.123989916120000184e+08 7.034973391999998689e+07 1.803194600000000000e+07 1.080981962709999979e+08
6.912897021999999881e+07 1.640829550000000000e+08 2.794850500000000000e+07 3.602349980000000447e+07
1.021629260499999821e+08 1.115673054000000060e+08 1.722965100000000000e+07 8.485221831999999285e+07
7.118118253999999166e+07 1.669286910000000000e+08 2.459302400000000000e+07 4.358426850000000000e+07
1.055127561710000038e+08 7.103766248000000417e+07 1.985095900000000000e+07 6.676789467999999970e+07
1.061290920760000348e+08 7.405838991339999437e+07 1.859551500000000000e+07 9.751002146909999847e+07
1.075674116819999963e+08 7.236306420999999344e+07 1.977680100000000000e+07 4.614436163899999857e+07
9.830450529000000656e+07 1.092680890000000000e+08 1.847086100000000000e+07 2.063561373900000006e+07
7.389455120000000298e+07 1.685073750000000000e+08 2.283867000000000000e+07 4.827952129999999702e+07
8.433070710000000894e+07 1.596590080000000000e+08 1.959655000000000000e+07 5.804564600000000000e+07
1.041504702399999946e+08 7.816772818999999762e+07 2.104321200000000000e+07 1.302934594000000041e+06
9.396591989000001550e+07 1.107481057999999970e+08 1.920996900000000000e+07 2.014723337200000137e+07
9.759622542299999297e+07 1.003881390000000000e+08 1.926399300000000000e+07 1.473632260799999908e+07
9.530845559000000358e+07 1.171692740000000000e+08 1.852185900000000000e+07 2.468569733999999985e+07
1.041049375540000051e+08 7.245431460799999535e+07 2.048703400000000000e+07 4.859699476200000197e+07
9.922548281000004709e+07 8.483130820000000298e+07 2.069187200000000000e+07 4.911806190000000410e+06
8.259992377000001073e+07 9.311531485999999940e+07 2.542090200000000000e+07 1.888186939999999944e+06
8.351801974500000477e+07 8.927124755889999866e+07 2.442794800000000000e+07 7.425833193780000508e+07
1.031066833100000024e+08 8.669181670000000298e+07 1.988805600000000000e+07 6.945155200000000186e+06
1.092317458299999982e+08 7.175831390000000596e+07 1.772641000000000000e+07 1.698041206800000072e+08
7.084439915000000596e+07 1.647394710000000000e+08 2.491769200000000000e+07 4.121789110000000149e+07
1.001048996340000182e+08 7.243434591570000350e+07 2.030402500000000000e+07 1.493386423968999982e+08
1.141119107600000203e+08 6.965386521999999881e+07 1.744877100000000000e+07 1.408558192500000000e+08
6.857368816999998689e+07 1.482763079000000060e+08 3.127604400000000000e+07 2.299485250000000000e+07
1.046843310999999940e+08 9.753148850000000000e+07 1.866992500000000000e+07 1.425757659999999963e+07
9.785337957999999821e+07 7.936569246500000358e+07 2.227887800000000000e+07 5.459870959999999031e+05
8.567260734000000358e+07 8.919323518999999762e+07 2.525577000000000000e+07 7.381006970000000438e+05
9.661856679999999702e+07 1.417458390000000000e+08 1.739578300000000000e+07 5.000501400000000000e+07
7.653095538000002503e+07 1.617348800000000000e+08 2.180159000000000000e+07 5.187645600000000000e+07
8.135992924000000954e+07 9.451573379000000656e+07 2.588339600000000000e+07 1.803221578999999911e+06
1.063261554200000167e+08 9.680102279999999702e+07 1.761334300000000000e+07 5.575956385000000149e+07
1.015801647000000030e+08 9.413850759999999404e+07 1.926455400000000000e+07 1.150531650000000000e+07
9.653828356000000238e+07 1.284880950000000000e+08 1.785275400000000000e+07 3.269455119000000134e+07
1.043518136000000238e+08 1.103473350000000000e+08 1.748235600000000000e+07 3.183138339999999851e+07
1.017948353030000180e+08 1.100279450000000000e+08 1.796976200000000000e+07 2.193271929500000179e+07
1.000373700000000000e+08 1.398464910000000000e+08 1.701822800000000000e+07 5.428741500000000000e+07
1.133853379869000018e+08 6.859881182149998844e+07 1.805725700000000000e+07 1.132069217408999950e+08
8.517930246000000834e+07 1.224620857999999970e+08 2.047284000000000000e+07 7.187297475000000000e+07
8.149148220000001788e+07 1.578226860000000000e+08 2.034429000000000000e+07 4.967067350000000000e+07
7.280210625000017881e+07 1.111500299599999934e+08 2.887701500000000000e+07 6.590807653000000864e+06
1.061592561490000039e+08 7.290233884499999881e+07 2.010778600000000000e+07 3.837834742700000107e+07
8.674375550000000000e+07 1.572340070000000000e+08 1.905854100000000000e+07 5.817220900000000000e+07
1.117372623100000173e+08 6.919618520000000298e+07 1.855518700000000000e+07 9.313175818000000715e+07
7.596625698000000417e+07 1.439036430000000000e+08 2.267802300000000000e+07 3.775014460000000149e+07
1.109892572919999957e+08 6.916626629399999976e+07 1.889459200000000000e+07 8.308810070800000429e+07
7.105069596699999273e+07 1.548039203499999940e+08 4.579874900000000000e+07 3.405452583999999799e+06
1.001530650990000069e+08 9.616274850000000000e+07 1.922934300000000000e+07 1.305035825000000000e+07
1.005653560300000012e+08 8.280828478999999166e+07 2.076646900000000000e+07 3.839367549999999814e+06
6.908121827999998629e+07 1.454023715000000000e+08 2.967677600000000000e+07 2.357414819999999925e+07
9.575336057999999821e+07 8.352507409999999404e+07 2.176065500000000000e+07 2.662055799999999814e+06
9.454441135999998450e+07 9.791170440000000596e+07 2.013009300000000000e+07 1.210535950899999961e+07
7.972696392000000179e+07 1.012928314300000072e+08 2.511619400000000000e+07 6.060551545999999158e+06
1.100051487349999845e+08 6.872786764399999380e+07 1.904820400000000000e+07 8.579250067499999702e+07
9.578697437999999523e+07 7.804817950699999928e+07 2.182520800000000000e+07 3.072872104800000042e+07
1.046409800050000399e+08 7.366976416200000048e+07 2.036110600000000000e+07 3.341494877499999851e+07
7.652630617000001669e+07 9.750924437000000477e+07 2.861514800000000000e+07 3.339228523000000045e+07
9.924662459999999404e+07 8.633990859999999404e+07 2.048211400000000000e+07 5.862453599999999627e+06
9.568041092000001669e+07 9.993503809999999404e+07 1.968418600000000000e+07 1.375651709300000034e+07
7.876572978399997950e+07 9.764961806999999285e+07 2.699458300000000000e+07 1.906224567980000051e+06
8.126982921999999881e+07 9.439414266699999571e+07 2.678686300000000000e+07 6.916395000000000000e+05
8.175348483200000226e+07 8.985870529935000837e+07 2.565147800000000000e+07 5.618899719829999655e+07
1.086497727709999979e+08 7.363379972599999607e+07 1.924158900000000000e+07 5.534240223200000077e+07
9.536586275200001895e+07 7.625660597669999301e+07 2.144709900000000000e+07 1.306841311474000067e+08
9.355089875000000000e+07 8.445604458999998868e+07 2.233648600000000000e+07 2.245384700000000186e+06
1.065412812600000203e+08 1.006160365999999940e+08 1.723720600000000000e+07 6.813664968999999762e+07
9.710845385000002384e+07 8.235509578000000119e+07 2.158083600000000000e+07 2.440568540000000037e+06
8.489886257899999619e+07 8.627431511549000442e+07 2.449674100000000000e+07 7.636608036792999506e+07
9.903509341300001740e+07 9.198179140000000596e+07 1.982182700000000000e+07 9.817848029999999329e+06
7.146974023199999332e+07 1.539332940000000000e+08 2.473254900000000000e+07 3.514090779999999702e+07
1.055104242300000042e+08 9.229232037000000477e+07 1.831310900000000000e+07 3.862329568999999762e+07
1.022707128500000238e+08 1.013959737999999970e+08 1.853015000000000000e+07 1.650148413719999976e+07
1.100874680699999928e+08 6.573667607000000030e+07 1.857480800000000000e+07 1.534603934250000119e+08
8.634353349099999666e+07 9.324800940000000596e+07 2.343789700000000000e+07 4.550259017599999905e+06
7.687630773599998653e+07 1.007110104500000030e+08 2.788092000000000000e+07 2.179009691899999976e+06
9.337782510999999940e+07 1.056710295999999940e+08 1.972540700000000000e+07 1.680250155000000075e+07
9.352396370000000298e+07 1.517425440000000000e+08 1.778597300000000000e+07 5.777765700000000000e+07
9.060380404999999702e+07 8.785798970000000298e+07 2.273571700000000000e+07 3.155894010699999984e+06
1.124617096700000018e+08 6.995081964000000060e+07 1.741679200000000000e+07 1.739242684099999964e+08
1.126922962000000030e+08 6.918349185000000894e+07 1.775944600000000000e+07 1.288684272600000054e+08
8.646275466399998963e+07 9.027795906999999285e+07 2.399672600000000000e+07 2.495738347300000023e+06
1.139195909099999964e+08 6.593050953000000119e+07 1.807525500000000000e+07 1.293130600799999982e+08
6.932267840000000596e+07 1.356208340999999940e+08 3.265028000000000000e+07 1.416112385999999940e+07
