9.821691894E7 1.0358992768E8 1.6767945E7 1374174.515
1.1860802924E8 8.46607463252E7 1.363669E7 1.431788487602E8
5.399791632E7 1.826167017E8 2.4462318E7 1.85739292E7
1.28523749289E8 7.795146926200001E7 1.2631867E7 1.851301540349E8
7.257208905E7 1.98015211E8 1.7435904E7 5.47967935E7
1.08958491435E8 9.0332582622E7 1.4810166E7 1.609283325982E8
1.1328271925E8 8.803802577E7 1.4486505E7 8.7439331746E7
7.714986066299999E7 1.2165018263E8 2.0205614E7 782997.6309999999
6.997574205000001E7 1.4613328101E8 1.9670962E7 2.817769766E7
7.36744866E7 1.79475045E8 1.75173E7 4.44556191E7
9.5922742017E7 1.005730077252E8 1.654692E7 1.266736218723E8
6.197926268800001E7 1.4264466712E8 2.282556E7 3197730.3910000003
1.0299245816E8 1.65934134E8 1.3218314E7 6.1190376E7
8.867159224999999E7 1.77291582E8 1.4941624E7 6.0432728E7
5.015433978E7 2.495276152E8 3.7884449E7 9484332.87
6.599102553999999E7 1.4294806684E8 2.1068676E7 1.4338240961E7
5.573712811700001E7 1.975480302E8 2.270867E7 3.17634155E7
6.204708356999999E7 2.04121941E8 1.9857556E7 4.39408744E7
7.675325714400001E7 1.554222884E8 1.7712899E7 2.427149834E7
1.118794674E8 1.193400926E8 1.3547576E7 1.838958374E7
1.2726819245E8 8.42558681E7 1.3177997E7 6.98378648E7
7.073294932E7 1.364605361E8 2.0189024E7 7534540.589999999
1.181341511E8 8.77791358E7 1.3740575E7 8.81818356E7
8.350861103E7 1.1681217842E8 1.8611378E7 2660176.0711
1.08420622197E8 1.0372389444E8 1.4883219E7 6703288.276
7.780898165200001E7 1.77556394E8 1.6740832E7 4.88185711E7
1.1637693275800002E8 8.7039052646E7 1.3770949E7 1.74936681665E8
6.64434344839E7 1.3470048406E8 2.2222067E7 1341274.409
1.168042908E8 1.5524474E8 1.190639E7 5.3334764E7
1.1153874787E8 9.1548051E7 1.4873761E7 3.871417638E7
8.092189082E7 1.1797818893E8 1.9289055E7 1458948.606
6.361471002E7 1.630565876E8 2.065834E7 1.957866618E7
7.214248648700002E7 1.302882329E8 2.0335545E7 4266105.119999999
7.104038775999999E7 1.2869114242E8 2.1086849E7 1595637.396
7.5066248611E7 1.23848325795E8 2.0449239E7 1153007.035
1.24005936339E8 8.00099932574E7 1.3172093E7 1.591649898512E8
7.940319042899999E7 1.5475179088E8 1.7093065E7 6.794589913E7
9.410548795E7 1.362005007E8 1.5354056E7 2.186190059E7
1.17653609E8 8.571995382E7 1.4059674E7 7.5194825324E7
1.22432863582E8 8.1333226021E7 1.326125E7 1.818596572511E8
6.354154818E7 2.01347487E8 1.9483766E7 4.40417182E7
1.1869983887E8 9.12483865E7 1.446064E7 1991000.737
6.523688671999999E7 1.613249691E8 2.0267367E7 1.96314882E7
7.599537122E7 1.91838696E8 1.6814137E7 5.6615389E7
7.719999144399999E7 1.2382124752E8 1.9529563E7 3480597.701
1.1871964812E8 9.90033619E7 1.3851725E7 7251101.760000001
9.2011185464E7 1.044905435419E8 1.7057249E7 1.146137704469E8
7.070732635000001E7 1.7730022E8 1.8241151E7 3.88817545E7
5.991195592E7 2.07621296E8 2.0425264E7 4.47753454E7
7.400915162E7 1.80790353E8 1.7411934E7 4.60525022E7
1.0210319678E8 1.0097892353E8 1.6235889E7 1711125.383
1.0641904182E8 9.6928933462E7 1.6035973E7 492915.961
8.330086439999999E7 1.2312793722E8 1.8057843E7 7134379.303
7.0844102894E7 1.2549160581853E8 2.1086743E7 3.623835136032E7
6.467351249E7 1.445687883E8 2.1430595E7 8131484.875000001
1.3575076886300004E8 7.982866836E7 1.1934058E7 1.63356283983E8
6.889434625E7 1.2845485137E8 2.160883E7 1.843684723E7
8.862670598E7 1.0768113913E8 1.7848609E7 3.720158839E7
5.405805124E7 1.909515879E8 2.4067311E7 2.44398355E7
1.02377936114E8 9.9093463161E7 1.5452798E7 9.74542162312E7
1.3576565158400002E8 7.5526428026E7 1.2046719E7 1.856682990365E8
5.358369063E7 1.830610709E8 2.6402572E7 1.260504664E7
1.2841974367000002E8 8.27675768E7 1.3203745E7 7.019234633E7
6.970370737E7 2.01350544E8 1.8009373E7 5.35679558E7
7.886195087E7 1.20036010921E8 1.9050539E7 7.8814620055E7
1.1102081787E8 1.48845053E8 1.2611957E7 4.25165703E7
1.0145445964000002E8 9.7559100731E7 1.6126251E7 3.7716208587E7
1.0991679358E8 1.087361158E8 1.4348059E7 1.0597298725E7
1.26432757357E8 8.3941793526E7 1.3792865E7 3.65700093981E7
1.20491263155E8 8.7227353305E7 1.4528247E7 7953177.865
1.3480281263E8 8.132626510000001E7 1.2045898E7 1.4800074694E8
1.3689635083E8 7.3445677807E7 1.2226754E7 1.71935266447E8
9.644915318999998E7 1.51889355E8 1.4462597E7 3.221545951E7
9.532727771E7 1.72564243E8 1.4103999E7 5.5732428E7
6.764908357999998E7 1.99649741E8 1.8486129E7 4.57483375E7
8.354869866E7 1.15281966024E8 1.9041026E7 818624.2710000001
9.9500478983E7 1.0722965959E8 1.6096327E7 5003769.061
1.3621308019E8 7.996215986999999E7 1.1954546E7 1.584660733E8
6.687599993000001E7 1.81785225E8 1.9060422E7 3.403962638E7
1.0837509854E8 1.200184054E8 1.3849953E7 3.14174677E7
5.053801424E7 2.464889667E8 3.7958967E7 7673715.87
1.1207243524E8 1.36554395E8 1.2877047E7 2.93156453E7
1.24239083574E8 1.3146449E8 1.1993276E7 2.9126868548E7
1.2103100734E8 1.069343477E8 1.322237E7 1.29133461E7
5.8417325737E7 1.6044497598E8 2.2559186E7 2.028000697E7
7.506197453200002E7 1.342140351E8 1.9192636E7 9283592.016
5.638084267E7 1.5930112156E8 2.5128531E7 4245727.702
1.2983181717E8 8.09313117E7 1.263038E7 1.179404019E8
1.1339940232E8 1.128533815E8 1.3671822E7 1.4508600518E7
1.1170301709E8 9.557745306E7 1.5061248E7 2326141.37
5.728929003000012E7 1.632462045E8 2.2849408E7 1.321056372E7
1.2447314837E8 1.1591126431E8 1.1941889E7 7.869125181E7
8.016804085E7 1.8391609E8 1.6235439E7 4.48143228E7
1.3134168953E8 7.782931175E7 1.2620854E7 1.2887932001E8
9.8018900811E7 1.01321446756E8 1.6871668E7 9504199.0837
6.3643241409E7 1.4086558892E8 2.2284206E7 3750542.867
9.740148549E7 1.308095635E8 1.5078243E7 1.956123835E7
6.789044847E7 1.587008878E8 1.9652814E7 2.013539764E7
9.300747353E7 1.65404159E8 1.4607387E7 3.95187856E7
7.519157107599999E7 1.2789231326E8 1.9667905E7 4966443.771
7.597864772E7 1.86723456E8 1.6939145E7 4.3429714E7
1.048354734E8 1.203812617E8 1.4453644E7 1.615664753E7
1.0503510306E8 1.45881381E8 1.3470274E7 3.218761657E7
1.3224869151E8 8.12421908E7 1.257821E7 1.102122167E8
8.150458378E7 1.531874085E8 1.6839887E7 2.72163072E7
9.9407152345E7 9.76861764248E7 1.605524E7 1.370807142271E8
1.1906295328E8 1.4178558E8 1.2014482E7 3.456262170999999E7
5.7750151780000106E7 1.879745714E8 2.1568688E7 3.00204912E7
8.759223212E7 1.520678689E8 1.5669141E7 8.671418472E7
8.284579975E7 1.42454191E8 1.7046658E7 1.959848403E7
6.676925928E7 1.617535802E8 1.9807757E7 2.135342932E7
6.0511553786E7 1.4461970611999995E8 2.3327578E7 2771423.9680000003
1.2511123636E8 8.374572865E7 1.3657141E7 4.851894354E7
1.2426592055E8 8.30020094E7 1.3201575E7 9.37500544E7
5.736173377E7 1.831983249E8 2.187526E7 2.656041761E7
5.834071699E7 1.5052291462E8 2.3505534E7 5163544.516
6.861697727E7 1.3487943321E8 2.0984627E7 4708093.795
8.397315477999999E7 1.80782669E8 1.5660791E7 4.58676822E7
1.3162177532E8 8.081467382000001E7 1.2044012E7 1.9471732612E8
1.0655216054E8 1.62856885E8 1.2844025E7 6.1182049E7
1.2166224885999998E8 1.0493359836E8 1.297749E7 3.334963139E7
1.2097239615E8 1.35219003E8 1.2042846E7 3.10669243E7
1.2107742409E8 9.6675864E7 1.3841574E7 6126110.62
1.02937791541E8 9.45720303673E7 1.5663803E7 1.446504713709E8
1.2348815159E8 8.3829289008E7 1.3957381E7 4.36118671672E7
1.2254161497000004E8 8.718065925E7 1.4460894E7 3833820.05
9.546475795E7 1.0175921037E8 1.6872048E7 4.5644154703E7
1.3084508558E8 7.6823547874E7 1.268271E7 1.36940249108E8
8.502440191000001E7 1.11536255772E8 1.868292E7 1.3732919241E7
6.878964613E7 1.31861434677E8 2.1700483E7 1142236.011
5.2234738866E7 2.3879428708E8 3.8097754E7 3297351.197
9.186084197E7 1.08069668707E8 1.7875811E7 494637.832
1.1465907294E8 9.0476109964E7 1.5096756E7 5260005.208
1.03661235679E8 9.43580139633E7 1.5476801E7 1.460935539721E8
1.18048775996E8 8.35270730774E7 1.382986E7 1.826925654727E8
6.585733175E7 1.3236731137E8 2.2231144E7 2.637598723E7
7.716952961199999E7 1.183941348297E8 1.9681705E7 6.0700546633E7
8.539805196E7 1.435158649E8 1.6537546E7 2.148586614E7
1.0022454176E8 1.01434140099E8 1.6838271E7 372835.056
1.3111032067000002E8 7.591237156E7 1.2563965E7 1.58601869301E8
4.929311356E7 2.647847073E8 3.733201E7 1.95653754E7
8.967774447E7 1.09939357442E8 1.7985861E7 1110585.181
1.16214210951E8 1.045413906E8 1.3753639E7 1.0395847316E7
1.2033288202E8 8.6864579267E7 1.4394288E7 1.5316451517E7
5.414557258139999E7 1.9129014411E8 3.0180979E7 4667649.1450000005
1.1403449684E8 1.227704235E8 1.3130221E7 2.183891975E7
6.40882252723E7 1.3504745734089E8 2.2645824E7 3.3472165448981E7
1.2623309535E8 8.167767923E7 1.3194724E7 8.576101616E7
1.146988236E8 9.213834374E7 1.4971927E7 1044569.704
1.0519481373E8 1.3190993892E8 1.3616222E7 9.085033313E7
8.504086164999999E7 1.14043077138E8 1.8680423E7 1155186.104
1.1884237215E8 1.24639219E8 1.2557917E7 2.3917831874E7
9.935514399E7 1.62718507E8 1.3818325E7 4.02265356E7
1.2276056867000002E8 1.1122890605E8 1.2378142E7 5.81180457E7
9.1744119812E7 1.1174388268E8 1.7203939E7 4052082.677
1.3730268175E8 7.5774857E7 1.2032254E7 1.707988817E8
9.584850668999998E7 1.0471398262E8 1.7270631E7 652828.179
1.1990726608E8 8.348252375E7 1.3842745E7 9.7249680291E7
8.6783736385E7 1.1557651119E8 1.7950967E7 3652928.0185
1.3331523071E8 7.9920563E7 1.2462246E7 1.220895076E8
1.1969351648E8 1.21009031E8 1.2643728E7 2.1664997371000003E7
8.084236472999999E7 1.2513416581E8 1.8467121E7 6898151.397
8.764463304E7 1.1146401429E8 1.8414419E7 794357.358
1.142629055E8 1.499237E8 1.2321133E7 3.818528611E7
7.884440927E7 1.17797509E8 1.9770456E7 1.0601868211E7
7.367356461200002E7 1.221351159931E8 2.0475789E7 3.891616126982E7
8.3129419003E7 1.123996410074E8 1.8550706E7 8.35127017224E7
1.2288180014000002E8 9.38528938E7 1.3761232E7 1.33620365E7
1.3274494080400002E8 7.6919455931E7 1.2646322E7 1.26190164484E8
7.253308919E7 1.2351703137E8 2.0686134E7 3.409075023E7
1.2213853685999998E8 1.31630172E8 1.2028047E7 3.27906638E7
1.1956372252E8 8.76389924E7 1.385822E7 5.16821246E7
1.0927214772E8 1.2961965619E8 1.3144785E7 9.282192891E7
1.11109656E8 1.52596161E8 1.2607259E7 3.871281866E7
5.186143857583999E7 2.126843727E8 3.0589198E7 1.443750085E7
1.2874153137600002E8 8.0206353321E7 1.3174829E7 8.4142835833E7
6.467229674E7 2.0776594E8 1.9147435E7 5.00231184E7
7.724133225E7 1.305867474E8 1.8910798E7 8363609.626
9.369479135E7 1.74210419E8 1.4288474E7 6.1755281E7
8.775410578999999E7 1.70032716E8 1.5277419E7 4.03431968E7
1.2177721949000002E8 8.3790716945E7 1.3790592E7 6.0078724638E7
9.391510771E7 1.0643310532E8 1.7384055E7 1214057.916
1.140060769E8 8.712887362E7 1.4442131E7 9.9763996277E7
1.2152584191E8 8.4411969573E7 1.3859673E7 5.1695729866E7
1.0111221005E8 1.409709522E8 1.390594E7 9.825167553E7
7.281919067E7 1.83992826E8 1.7622341E7 3.97046891E7
1.1634584801E8 9.475390881E7 1.4418683E7 3732359.01
9.91741477E7 1.00492976E8 1.6041045E7 7.12630763E7
1.1062927638E8 1.59500994E8 1.2451494E7 5.686645E7
5.825256300000001E7 1.5080426610999998E8 2.3795915E7 4371952.467
6.20061944876E7 1.3859885993151E8 2.3197828E7 3.3236729225329E7
8.641376241999999E7 1.469226314E8 1.6212751E7 2.433454627E7
1.0727838239000002E8 9.4057441994E7 1.5643891E7 2.0425479307E7
1.0734503085E8 1.50385087E8 1.3002048E7 4.21797042E7
1.1485105084E8 1.56541066E8 1.2050264E7 6.0108095E7
1.2525938825E8 1.070656813E8 1.2564617E7 4.373629132E7
1.2482871909E8 1.28737118E8 1.1931299E7 3.66446115E7
1.2303318832E8 1.161323549E8 1.2656661E7 1.91754049E7
1.32896760298E8 8.212295961999999E7 1.1958619E7 1.6895409717E8
9.443280723999998E7 1.3867597483E8 1.4982137E7 8.188090949E7
1.2509290334E8 8.58342829E7 1.385669E7 2.913893007E7
6.442693762E7 1.37922533968E8 2.2781137E7 1167575.229
1.18362849546E8 1.119030529E8 1.3150296E7 1.580355686E7
7.8700205046E7 1.201020915E8 1.9874626E7 806242.9639999999
1.3374997361E8 7.811481489E7 1.2001445E7 1.92460942465E8
1.2091263565000004E8 8.924690242999999E7 1.4467725E7 978989.555
1.1684384106E8 1.38695918E8 1.229067E7 3.207013334E7
5.835161893E7 1.98379464E8 2.1081532E7 3.74932954E7
1.1030982873E8 9.3567489201E7 1.5489995E7 4499694.12
6.658502788E7 1.3856278609E8 2.13342E7 5320670.068999999
9.78909347E7 1.70239111E8 1.3789226E7 6.1508379E7
1.0758803942E8 1.34939157E8 1.3486024E7 2.641169035E7
7.8772696199E7 1.2287212376E8 1.9199493E7 3809610.009
8.425864646E7 1.74647156E8 1.5746293E7 4.047696897E7
6.101050121E7 1.567396522E8 2.1869806E7 1.264760838E7
1.2709743955E8 1.117797445E8 1.1996908E7 7.099218756E7
7.392843886999999E7 1.602101968E8 1.8128762E7 2.541946618E7
7.2851377728E7 1.334514322E8 1.9847784E7 6926303.496
6.037591186E7 1.514416666E8 2.2461399E7 8616284.45
8.796101039999999E7 1.66562746E8 1.5323227E7 3.83154225E7
1.1434827857E8 1.318247131E8 1.2465671E7 1.0306472299E8
1.196745533E8 1.252708728E8 1.2039578E7 9.878994828E7
8.721738195699999E7 1.082858223481E8 1.795171E7 9.8831219527E7
1.03554979617E8 1.045037487E8 1.5611992E7 4996366.691200001
5.8892063643E7 1.679548454E8 2.1977051E7 1.814172513E7
9.301371056E7 1.166820115E8 1.6564687E7 8226891.675
1.1686353326E8 9.0348880008E7 1.4972833E7 341700.377
1.06366979318E8 1.006501765E8 1.5465387E7 3591290.416
