1.209450047220000029e+08 8.654273024199999869e+07 1.437927800000000000e+07 1.562710714299999923e+07
1.372408151700000167e+08 7.597233420000000298e+07 1.198685600000000000e+07 1.754576865999999940e+08
1.295360635830000043e+08 7.965499447300000489e+07 1.303582200000000000e+07 9.311908340199999511e+07
9.186537037000000477e+07 1.081427095910000056e+08 1.779436300000000000e+07 6.733515460000000894e+05
9.821691893999999762e+07 1.035899276800000072e+08 1.676794500000000000e+07 1.374174514999999898e+06
1.186080292399999946e+08 8.466074632520000637e+07 1.363669000000000000e+07 1.431788487601999938e+08
9.375074247793999314e+07 1.075608367099999934e+08 1.722401000000000000e+07 2.082534199618000071e+06
1.187197146299999952e+08 1.257009510000000000e+08 1.253336200000000000e+07 2.442518424500000104e+07
5.399791632000000030e+07 1.826167016999999881e+08 2.446231800000000000e+07 1.857392919999999925e+07
1.285237492890000045e+08 7.795146926200000942e+07 1.263186700000000000e+07 1.851301540349000096e+08
7.257208904999999702e+07 1.980152110000000000e+08 1.743590400000000000e+07 5.479679350000000000e+07
5.552843596999999881e+07 2.336491513359999955e+08 3.813203400000000000e+07 5.977932119999999413e+05
1.177266545540000051e+08 1.125507757999999970e+08 1.318792400000000000e+07 1.575504057499999925e+07
1.089584914350000024e+08 9.033258262199999392e+07 1.481016600000000000e+07 1.609283325981999934e+08
1.098609302999999970e+08 1.601962200000000000e+08 1.251552700000000000e+07 6.080227100000000000e+07
8.734429595999997854e+07 1.094477641994999945e+08 1.772633200000000000e+07 1.011993281556999981e+08
7.926955757000000775e+07 1.197347566400000006e+08 1.957696900000000000e+07 1.341747101000000024e+06
5.221349584500000626e+07 2.388560687299999893e+08 3.809687400000000000e+07 3.331547296000000089e+06
1.372352186800000072e+08 7.338044015899999440e+07 1.220067200000000000e+07 1.736064731080000103e+08
1.161768962699999958e+08 1.250905297999999970e+08 1.280042900000000000e+07 2.346279501999999955e+07
1.132827192500000000e+08 8.803802576999999583e+07 1.448650500000000000e+07 8.743933174600000679e+07
7.714986066299998760e+07 1.216501826299999952e+08 2.020561400000000000e+07 7.829976309999999357e+05
6.997574205000001192e+07 1.461332810099999905e+08 1.967096200000000000e+07 2.817769766000000015e+07
7.367448659999999404e+07 1.794750450000000000e+08 1.751730000000000000e+07 4.445561910000000149e+07
1.098002392300000042e+08 9.511615830500000715e+07 1.548333800000000000e+07 1.057432043999999994e+06
9.592274201700000465e+07 1.005730077251999974e+08 1.654692000000000000e+07 1.266736218722999990e+08
1.058268072399999946e+08 9.268912503700000048e+07 1.519828800000000000e+07 1.528176808246999979e+08
6.197926268800000846e+07 1.426446671200000048e+08 2.282556000000000000e+07 3.197730391000000294e+06
1.029924581599999964e+08 1.659341340000000000e+08 1.321831400000000000e+07 6.119037600000000000e+07
8.867159224999998510e+07 1.772915820000000000e+08 1.494162400000000000e+07 6.043272800000000000e+07
1.155914397319999933e+08 1.009093900000000000e+08 1.406941300000000000e+07 7.488049011700000614e+06
5.015433978000000119e+07 2.495276151999999881e+08 3.788444900000000000e+07 9.484332869999999180e+06
6.599102553999999166e+07 1.429480668400000036e+08 2.106867600000000000e+07 1.433824096099999920e+07
5.573712811700001359e+07 1.975480301999999881e+08 2.270867000000000000e+07 3.176341550000000000e+07
1.230158320400000066e+08 1.254846780999999940e+08 1.170820400000000000e+07 1.046254613799999952e+08
7.505164551500000060e+07 1.376753263000000119e+08 1.896892900000000000e+07 1.156315953999999911e+07
6.204708356999999285e+07 2.041219410000000000e+08 1.985755600000000000e+07 4.394087439999999851e+07
1.228675495499999970e+08 9.496887390000000596e+07 1.386109500000000000e+07 5.247155759999999776e+06
7.675325714400000870e+07 1.554222884000000060e+08 1.771289900000000000e+07 2.427149833999999985e+07
5.301522554539699852e+07 2.106472228400000036e+08 3.313152000000000000e+07 5.006284589999999851e+06
1.118794674000000060e+08 1.193400925999999940e+08 1.354757600000000000e+07 1.838958373999999836e+07
1.070909693490000069e+08 1.015274634599999934e+08 1.526711300000000000e+07 4.537959670900000259e+06
1.220059699800000042e+08 1.053666702999999970e+08 1.325071500000000000e+07 1.211380840000000037e+07
1.343086027590000033e+08 7.655656870000000298e+07 1.252995600000000000e+07 1.315639925100000054e+08
1.205845571200000048e+08 1.360053830000000000e+08 1.204529300000000000e+07 3.147789344000000134e+07
5.700261094000007957e+07 1.685255255999999940e+08 2.265894600000000000e+07 1.655165971000000089e+07
1.272681924500000030e+08 8.425586809999999404e+07 1.317799700000000000e+07 6.983786479999999702e+07
8.523277037999999523e+07 1.140031139609999955e+08 1.883662600000000000e+07 5.840280439999999944e+05
7.073294931999999285e+07 1.364605360999999940e+08 2.018902400000000000e+07 7.534540589999998920e+06
1.181341510999999940e+08 8.777913579999999702e+07 1.374057500000000000e+07 8.818183559999999404e+07
5.572295797999999672e+07 1.621847170099999905e+08 2.507312200000000000e+07 5.893045731999999844e+06
1.148627764089999944e+08 8.581181695600000024e+07 1.415856200000000000e+07 1.758825037662999928e+08
8.350861103000000119e+07 1.168121784200000018e+08 1.861137800000000000e+07 2.660176071099999826e+06
1.084206221969999969e+08 1.037238944399999976e+08 1.488321900000000000e+07 6.703288275999999605e+06
7.780898165200001001e+07 1.775563940000000000e+08 1.674083200000000000e+07 4.881857110000000149e+07
1.121650788100000024e+08 9.330279629700000584e+07 1.535454400000000000e+07 5.441044160000000848e+05
9.614031504999999702e+07 1.046992280859999955e+08 1.728004200000000000e+07 4.930311599999999744e+05
1.163769327580000162e+08 8.703905264599999785e+07 1.377094900000000000e+07 1.749366816649999917e+08
6.644343448390000314e+07 1.347004840600000024e+08 2.222206700000000000e+07 1.341274408999999985e+06
1.168042907999999970e+08 1.552447400000000000e+08 1.190639000000000000e+07 5.333476400000000000e+07
1.115387478700000048e+08 9.154805100000000000e+07 1.487376100000000000e+07 3.871417638000000268e+07
1.164617541800000072e+08 1.371836430000000000e+08 1.229541000000000000e+07 3.806239620000000298e+07
5.391907521000000089e+07 2.353471547199999988e+08 3.813948900000000000e+07 1.425733162999999942e+06
6.852637078999999166e+07 2.026735020000000000e+08 1.825810200000000000e+07 5.154891939999999851e+07
8.092189081999999285e+07 1.179781889300000072e+08 1.928905500000000000e+07 1.458948605999999912e+06
6.361471002000000328e+07 1.630565875999999940e+08 2.065834000000000000e+07 1.957866617999999970e+07
7.214248648700001836e+07 1.302882329000000060e+08 2.033554500000000000e+07 4.266105119999999180e+06
1.074000343599999994e+08 1.223922532000000030e+08 1.401055800000000000e+07 1.833924567000000179e+07
6.036475637000000477e+07 1.447318556699999869e+08 2.361759400000000000e+07 1.881312972999999998e+06
9.434660811200000346e+07 1.025631525743000060e+08 1.669911200000000000e+07 1.216552031318999976e+08
5.823278882000000030e+07 1.509520839099999964e+08 2.350979000000000000e+07 5.396967175999999978e+06
7.104038775999999046e+07 1.286911424200000018e+08 2.108684900000000000e+07 1.595637395999999950e+06
1.144465178799999952e+08 9.263638594400000572e+07 1.496971300000000000e+07 1.155751199999999953e+06
6.826366754899999499e+07 1.324358810219999999e+08 2.202977900000000000e+07 7.958644560000000056e+05
7.506624861100000143e+07 1.238483257950000018e+08 2.044923900000000000e+07 1.153007034999999916e+06
1.171750439000000060e+08 1.475264430000000000e+08 1.204636600000000000e+07 3.902489129999999702e+07
1.165683916280000061e+08 1.049798274000000060e+08 1.369591800000000000e+07 1.059401926600000076e+07
1.240059363390000015e+08 8.000999325740000606e+07 1.317209300000000000e+07 1.591649898512000144e+08
7.940319042899999022e+07 1.547517908799999952e+08 1.709306500000000000e+07 6.794589912999999523e+07
1.241411744740000069e+08 8.729704164800000191e+07 1.446672400000000000e+07 2.106347603999999992e+05
9.410548795000000298e+07 1.362005006999999881e+08 1.535405600000000000e+07 2.186190058999999985e+07
1.195736353969999999e+08 8.278193275300000608e+07 1.360757600000000000e+07 1.783939574070000052e+08
1.176536090000000000e+08 8.571995381999999285e+07 1.405967400000000000e+07 7.519482532400000095e+07
1.224328635820000023e+08 8.133322602099999785e+07 1.326125000000000000e+07 1.818596572511000037e+08
1.160969621500000060e+08 9.076472477599999309e+07 1.498092400000000000e+07 5.294473020000000251e+05
1.212394067029999942e+08 8.192472892460000515e+07 1.350422000000000000e+07 1.387830959129999876e+08
6.354154817999999970e+07 2.013474870000000000e+08 1.948376600000000000e+07 4.404171820000000298e+07
7.108330539999999106e+07 1.410448975399999917e+08 1.968253900000000000e+07 2.483394284699999914e+07
7.953889581300000846e+07 1.886279150000000000e+08 1.627437100000000000e+07 4.785175720000000298e+07
7.500211001299999654e+07 1.322574471500000060e+08 1.934708700000000000e+07 7.942855654000000097e+06
1.186998388700000048e+08 9.124838650000000000e+07 1.446064000000000000e+07 1.991000736999999965e+06
8.770979035999998450e+07 1.116703283289999962e+08 1.840343000000000000e+07 6.868436950000000652e+05
6.523688671999999136e+07 1.613249690999999940e+08 2.026736700000000000e+07 1.963148819999999925e+07
7.599537121999999881e+07 1.918386960000000000e+08 1.681413700000000000e+07 5.661538900000000000e+07
7.719999144399999082e+07 1.238212475199999958e+08 1.952956300000000000e+07 3.480597700999999885e+06
1.187196481200000048e+08 9.900336190000000596e+07 1.385172500000000000e+07 7.251101760000000708e+06
9.201118546400000155e+07 1.044905435418999940e+08 1.705724900000000000e+07 1.146137704468999952e+08
1.032385376169999987e+08 1.056861025799999982e+08 1.556933100000000000e+07 5.712528074000000954e+06
5.049968929999999702e+07 2.467557120000000000e+08 3.795268000000000000e+07 7.831472699999999255e+06
7.070732635000000894e+07 1.773002200000000000e+08 1.824115100000000000e+07 3.888175450000000000e+07
5.746026571999999881e+07 1.912128613000000119e+08 2.159926500000000000e+07 3.220837000000000000e+07
5.991195592000000179e+07 2.076212960000000000e+08 2.042526400000000000e+07 4.477534539999999851e+07
1.071208835300000012e+08 1.623612830000000000e+08 1.278638200000000000e+07 6.112481100000000000e+07
1.249268975000000000e+08 8.603312070000000298e+07 1.345286100000000000e+07 5.331669129999999702e+07
7.400915162000000477e+07 1.807903530000000000e+08 1.741193400000000000e+07 4.605250220000000298e+07
1.021031967800000012e+08 1.009789235300000012e+08 1.623588900000000000e+07 1.711125382999999914e+06
8.521585734000000358e+07 1.786849930000000000e+08 1.544124200000000000e+07 5.729001500000000000e+07
1.258770775639999956e+08 8.349185524500000477e+07 1.372755500000000000e+07 4.331417045090000331e+07
5.674044656599999964e+07 1.573794441100000143e+08 2.466222400000000000e+07 4.831846430999999866e+06
4.929125228000000119e+07 2.649487243000000119e+08 3.732493500000000000e+07 1.968380800000000000e+07
7.840053683699999750e+07 1.237270171800000072e+08 1.919747300000000000e+07 4.339060743999999948e+06
1.064190418199999928e+08 9.692893346199999750e+07 1.603597300000000000e+07 4.929159610000000102e+05
1.018235951700000018e+08 1.662292520000000000e+08 1.334985100000000000e+07 6.102042000000000000e+07
9.935709085199999809e+07 1.012692821030000001e+08 1.578968200000000000e+07 1.244535174560000002e+08
8.330086439999999106e+07 1.231279372199999988e+08 1.805784300000000000e+07 7.134379303000000305e+06
6.463975772999999672e+07 1.374424094600000083e+08 2.262610900000000000e+07 1.424796367000000086e+06
1.263883090400000066e+08 1.091824067399999946e+08 1.221758100000000000e+07 6.145699114000000060e+07
9.375044667000000179e+07 1.741561400000000000e+08 1.428168800000000000e+07 6.180305500000000000e+07
7.084410289399999380e+07 1.254916058185299933e+08 2.108674300000000000e+07 3.623835136032000184e+07
1.272756235600000024e+08 8.147506459999999404e+07 1.292367200000000000e+07 1.039356770000000000e+08
6.467351249000000209e+07 1.445687883000000119e+08 2.143059500000000000e+07 8.131484875000000931e+06
1.357507688630000353e+08 7.982866835999999940e+07 1.193405800000000000e+07 1.633562839830000103e+08
6.889434625000000000e+07 1.284548513700000048e+08 2.160883000000000000e+07 1.843684723000000045e+07
1.219447746099999994e+08 8.737903825300000608e+07 1.458309400000000000e+07 1.581775602999999886e+06
7.661040657999999821e+07 1.305753125000000000e+08 1.902558300000000000e+07 1.125727647000000067e+07
8.862670598000000417e+07 1.076811391299999952e+08 1.784860900000000000e+07 3.720158839000000060e+07
5.405805124000000209e+07 1.909515879000000060e+08 2.406731100000000000e+07 2.443983550000000000e+07
1.023779361139999926e+08 9.909346316099999845e+07 1.545279800000000000e+07 9.745421623119999468e+07
1.299785129899999946e+08 7.742105392000000179e+07 1.263356200000000000e+07 1.429567485099999905e+08
1.357656515840000212e+08 7.552642802599999309e+07 1.204671900000000000e+07 1.856682990365000069e+08
1.300645331930000186e+08 7.970324572800000012e+07 1.305953300000000000e+07 8.957566341400000453e+07
1.326987835000000000e+08 8.030420750999999046e+07 1.196385700000000000e+07 1.923829564699999988e+08
5.358369063000000268e+07 1.830610709000000060e+08 2.640257200000000000e+07 1.260504664000000060e+07
1.284197436700000167e+08 8.276757679999999702e+07 1.320374500000000000e+07 7.019234632999999821e+07
6.485888135000000149e+07 2.074889120000000000e+08 1.910214200000000000e+07 5.002582500000000000e+07
1.117117865970000029e+08 9.855122956000000238e+07 1.477833600000000000e+07 4.520160083200000226e+06
8.083537060999999940e+07 1.554012950999999940e+08 1.690917000000000000e+07 2.649953310000000149e+07
6.970370737000000477e+07 2.013505440000000000e+08 1.800937300000000000e+07 5.356795579999999702e+07
7.886195087000000477e+07 1.200360109210000038e+08 1.905053900000000000e+07 7.881462005500000715e+07
5.853516879300019145e+07 1.551166016500000060e+08 2.288421900000000000e+07 1.386774030199999921e+07
1.110208178700000048e+08 1.488450530000000000e+08 1.261195700000000000e+07 4.251657029999999702e+07
1.315389338040000051e+08 7.520583191570000350e+07 1.248346300000000000e+07 1.827616023968999982e+08
1.202213473100000024e+08 8.979122312999999523e+07 1.446181500000000000e+07 1.290083861000000034e+06
8.924072521000000834e+07 1.137784521400000006e+08 1.753155200000000000e+07 4.760306856999999844e+06
1.326363353199999928e+08 7.589303256000000238e+07 1.248109300000000000e+07 1.498371103100000024e+08
1.014544596400000155e+08 9.755910073100000620e+07 1.612625100000000000e+07 3.771620858699999750e+07
1.099167935799999982e+08 1.087361157999999970e+08 1.434805900000000000e+07 1.059729872499999963e+07
