1.264327573569999933e+08 8.394179352599999309e+07 1.379286500000000000e+07 3.657000939810000360e+07
1.204912631550000012e+08 8.722735330500000715e+07 1.452824700000000000e+07 7.953177865000000224e+06
1.243214654000000060e+08 9.329408720000000298e+07 1.365345100000000000e+07 1.768088300000000000e+07
1.199118947999999970e+08 1.236874750000000000e+08 1.250490000000000000e+07 2.394478337999999896e+07
1.348028126299999952e+08 8.132626510000000894e+07 1.204589800000000000e+07 1.480007469399999976e+08
1.368963508300000131e+08 7.344567780699999630e+07 1.222675400000000000e+07 1.719352664469999969e+08
9.644915318999998271e+07 1.518893550000000000e+08 1.446259700000000000e+07 3.221545951000000164e+07
1.293820956500000060e+08 8.178965479999999702e+07 1.311361500000000000e+07 7.762329015000000596e+07
1.200504233499999940e+08 9.023418014000000060e+07 1.443037500000000000e+07 1.584423412000000011e+06
1.241458198700000048e+08 8.704500187000000477e+07 1.446759100000000000e+07 9.619482800000000279e+05
1.221867879370000064e+08 8.685704318500000238e+07 1.444171800000000000e+07 6.867308011999999173e+06
9.532727770999999344e+07 1.725642430000000000e+08 1.410399900000000000e+07 5.573242800000000000e+07
6.764908357999998331e+07 1.996497410000000000e+08 1.848612900000000000e+07 4.574833750000000000e+07
8.354869865999999642e+07 1.152819660240000039e+08 1.904102600000000000e+07 8.186242710000000661e+05
1.112210013100000024e+08 1.577823240000000000e+08 1.239765400000000000e+07 5.960474700000000000e+07
9.950047898299999535e+07 1.072296595900000036e+08 1.609632700000000000e+07 5.003769060999999754e+06
1.362130801899999976e+08 7.996215986999998987e+07 1.195454600000000000e+07 1.584660733000000119e+08
6.687599993000000715e+07 1.817852250000000000e+08 1.906042200000000000e+07 3.403962638000000268e+07
1.100739132199999988e+08 9.514020479799999297e+07 1.544048700000000000e+07 1.083214989999999991e+06
1.334260834800000042e+08 7.645850488400000334e+07 1.258645900000000000e+07 1.312889586599999964e+08
4.928006715000000596e+07 2.670706170999999940e+08 3.722819400000000000e+07 2.124521450000000000e+07
1.083750985400000066e+08 1.200184054000000060e+08 1.384995300000000000e+07 3.141746769999999925e+07
9.217468199600000679e+07 1.109775419399999976e+08 1.718738300000000000e+07 3.729882165000000037e+06
5.053801424000000209e+07 2.464889666999999881e+08 3.795896700000000000e+07 7.673715870000000112e+06
8.136650859000000358e+07 1.173964695359999985e+08 1.933273200000000000e+07 1.012347866999999969e+06
5.406317737000000477e+07 2.351473922599999905e+08 3.814046600000000000e+07 1.322952602999999886e+06
1.057558507080000043e+08 9.265805258699999750e+07 1.521854300000000000e+07 1.529537369948000014e+08
1.120724352399999946e+08 1.365543950000000000e+08 1.287704700000000000e+07 2.931564530000000075e+07
1.227608231500000060e+08 8.711253314599999785e+07 1.453914100000000000e+07 1.681069120000000112e+06
1.242390835740000010e+08 1.314644900000000000e+08 1.199327600000000000e+07 2.912686854800000042e+07
9.518497587500000000e+07 1.015156849660000056e+08 1.661097100000000000e+07 1.238332293411000073e+08
7.612679986999998987e+07 1.936004790000000000e+08 1.678365100000000000e+07 5.785054600000000000e+07
1.250443753139999956e+08 8.409521654299999774e+07 1.379736300000000000e+07 3.913007751699999720e+07
1.210310073400000036e+08 1.069343477000000030e+08 1.322237000000000000e+07 1.291334609999999963e+07
7.520918300000000000e+07 1.947116000000000000e+08 1.694411600000000000e+07 5.738859800000000000e+07
8.759024516999998689e+07 1.116220256030000001e+08 1.833077500000000000e+07 1.016072138000000035e+06
9.813148817000000179e+07 1.037430392500000000e+08 1.673018400000000000e+07 1.692428884000000078e+06
1.011705796800000072e+08 1.006758580199999958e+08 1.670193700000000000e+07 4.142767930000000051e+05
5.841732573700000346e+07 1.604449759799999893e+08 2.255918600000000000e+07 2.028000696999999881e+07
1.217622433129999936e+08 1.183370860000000000e+08 1.262494800000000000e+07 2.036799220360000059e+07
5.335010920700000226e+07 1.864890743000000119e+08 2.682004400000000000e+07 1.307207569999999925e+07
1.137916754000000060e+08 9.292614089200000465e+07 1.501712200000000000e+07 1.297936445999999996e+06
7.506197453200002015e+07 1.342140350999999940e+08 1.919263600000000000e+07 9.283592016000000760e+06
5.638084267000000179e+07 1.593011215600000024e+08 2.512853100000000000e+07 4.245727701999999583e+06
1.298318171700000018e+08 8.093131170000000298e+07 1.263038000000000000e+07 1.179404019000000060e+08
1.133994023199999928e+08 1.128533815000000000e+08 1.367182200000000000e+07 1.450860051799999923e+07
7.483959132200001180e+07 1.241417085259999931e+08 2.051996400000000000e+07 1.016962111000000034e+06
1.117030170900000036e+08 9.557745306000000238e+07 1.506124800000000000e+07 2.326141370000000112e+06
6.637308866700000316e+07 1.314974602091999948e+08 2.208709700000000000e+07 3.455642358891999722e+07
1.308976749609999955e+08 7.555270768070000410e+07 1.254697800000000000e+07 1.818053495033000112e+08
5.217297713300000131e+07 2.389758279199999869e+08 3.809518900000000000e+07 3.397782297999999952e+06
9.423868043999999762e+07 1.467933700999999940e+08 1.475117900000000000e+07 9.453700704999999702e+07
1.070476636335999966e+08 9.904057723000000417e+07 1.550138300000000000e+07 2.776791427769999951e+06
8.414706397399999201e+07 1.166084792000000030e+08 1.847544000000000000e+07 2.818840461600000039e+06
5.728929003000012040e+07 1.632462045000000000e+08 2.284940800000000000e+07 1.321056372000000067e+07
1.186919929200000018e+08 8.929240795000000298e+07 1.473468100000000000e+07 4.848454849999999860e+05
6.564795733600000292e+07 1.362356797500000000e+08 2.212693800000000000e+07 2.184125491899999790e+06
1.065772704699999988e+08 9.686556675499999523e+07 1.603628100000000000e+07 4.310327100000000210e+05
7.730403877100001276e+07 1.219010071969999969e+08 2.009896600000000000e+07 8.073074350000000559e+05
5.407089864000000060e+07 1.911167050999999940e+08 2.404907800000000000e+07 2.456313550000000000e+07
1.164665091299999952e+08 1.280288690000000000e+08 1.266461200000000000e+07 2.529001812000000104e+07
1.244731483700000048e+08 1.159112643100000024e+08 1.194188900000000000e+07 7.869125181000000238e+07
8.016804084999999404e+07 1.839160900000000000e+08 1.623543900000000000e+07 4.481432279999999702e+07
7.086208121999999881e+07 1.289737556720000058e+08 2.120169400000000000e+07 1.285916326999999816e+06
1.184742577199999988e+08 9.208005470000000298e+07 1.440481100000000000e+07 2.514578530000000261e+06
1.313416895300000012e+08 7.782931175000000000e+07 1.262085400000000000e+07 1.288793200100000054e+08
9.801890081100000441e+07 1.013214467559999973e+08 1.687166800000000000e+07 9.504199083699999377e+06
7.872988957999999821e+07 1.200484154239999950e+08 1.980105500000000000e+07 9.826942330000000075e+05
6.364324140900000185e+07 1.408655889199999869e+08 2.228420600000000000e+07 3.750542867000000086e+06
6.266585879999999702e+07 1.408281931820000112e+08 2.321014800000000000e+07 1.244585966000000015e+06
9.740148548999999464e+07 1.308095635000000000e+08 1.507824300000000000e+07 1.956123835000000149e+07
6.789044846999999881e+07 1.587008878000000119e+08 1.965281400000000000e+07 2.013539764000000060e+07
4.992121565999999642e+07 2.518155375000000000e+08 3.782014200000000000e+07 1.088735952999999933e+07
9.300747353000000119e+07 1.654041590000000000e+08 1.460738700000000000e+07 3.951878560000000149e+07
6.420593972000000626e+07 1.383865343339999914e+08 2.289031800000000000e+07 1.049113973999999929e+06
7.519157107599999011e+07 1.278923132600000054e+08 1.966790500000000000e+07 4.966443770999999717e+06
1.235867902300000191e+08 1.162499045999999940e+08 1.262855700000000000e+07 1.933113400000000000e+07
7.597864771999999881e+07 1.867234560000000000e+08 1.693914500000000000e+07 4.342971400000000000e+07
1.048354734000000060e+08 1.203812617000000030e+08 1.445364400000000000e+07 1.615664752999999933e+07
5.840374362399999797e+07 1.517670585900000036e+08 2.450557200000000000e+07 2.500648519199999981e+06
1.212063366500000060e+08 1.386586970000000000e+08 1.194162200000000000e+07 3.308541151999999955e+07
6.178693840900000185e+07 2.111590000000000000e+08 1.988196400000000000e+07 4.906810310000000149e+07
1.288593722300000042e+08 7.875833498700000346e+07 1.293362700000000000e+07 1.111804674769999981e+08
1.191090039840999991e+08 1.026275332999999970e+08 1.359187700000000000e+07 9.812370305199999362e+06
1.050351030600000024e+08 1.458813810000000000e+08 1.347027400000000000e+07 3.218761657000000030e+07
1.322486915100000054e+08 8.124219079999999702e+07 1.257821000000000000e+07 1.102122167000000030e+08
1.161166072839999944e+08 1.047564750000000000e+08 1.376577000000000000e+07 1.023087046099999920e+07
8.150458378000000119e+07 1.531874085000000000e+08 1.683988700000000000e+07 2.721630719999999925e+07
9.940715234499999881e+07 9.768617642479999363e+07 1.605524000000000000e+07 1.370807142271000147e+08
1.190629532800000012e+08 1.417855800000000000e+08 1.201448200000000000e+07 3.456262170999999344e+07
8.373769847000001371e+07 1.246606382999999970e+08 1.785333700000000000e+07 8.411479875000000000e+06
1.190291339300000072e+08 1.339065350000000000e+08 1.222105000000000000e+07 2.976645930000000075e+07
7.630804759900000691e+07 1.601534875000000000e+08 1.762358700000000000e+07 2.695686137999999896e+07
5.775015178000010550e+07 1.879745714000000060e+08 2.156868800000000000e+07 3.002049119999999925e+07
6.539369548999997973e+07 1.399271283199999928e+08 2.160000600000000000e+07 5.504135973999999464e+06
9.838593220000000298e+07 1.697827080000000000e+08 1.373354400000000000e+07 6.001166500000000000e+07
8.759223212000000477e+07 1.520678689000000060e+08 1.566914100000000000e+07 8.671418471999999881e+07
1.267444748499999940e+08 8.063383115199999511e+07 1.320032500000000000e+07 8.914411373999999464e+07
8.284579975000000000e+07 1.424541910000000000e+08 1.704665800000000000e+07 1.959848403000000119e+07
9.577675270999999344e+07 1.051850729399999976e+08 1.708911200000000000e+07 1.405683691000000108e+06
1.022973391889999956e+08 1.042137216400000006e+08 1.585253500000000000e+07 4.249774035000000149e+06
6.676925928000000119e+07 1.617535801999999881e+08 1.980775700000000000e+07 2.135342932000000030e+07
1.229262829099999964e+08 1.260837082999999970e+08 1.170446000000000000e+07 1.055455454699999988e+08
6.982133982700000703e+07 1.322576148100000024e+08 2.086507900000000000e+07 3.917177657000000123e+06
6.051155378599999845e+07 1.446197061199999452e+08 2.332757800000000000e+07 2.771423968000000343e+06
1.251112363599999994e+08 8.374572865000000596e+07 1.365714100000000000e+07 4.851894353999999911e+07
1.296679252240000069e+08 7.980002909000000358e+07 1.303530700000000000e+07 9.168401752199999988e+07
9.063906759000000358e+07 1.133818114800000042e+08 1.728783400000000000e+07 4.557075743000000715e+06
6.428564489000000805e+07 2.082783250000000000e+08 1.924200400000000000e+07 5.001004820000000298e+07
1.242659205499999970e+08 8.300200940000000596e+07 1.320157500000000000e+07 9.375005440000000596e+07
1.162911310000000000e+08 1.411994920000000000e+08 1.218526900000000000e+07 4.411030010000000149e+07
9.123687156999999285e+07 1.084032865269999951e+08 1.797774600000000000e+07 5.371097550000000047e+05
1.365813728600000143e+08 7.543799950000000000e+07 1.203200100000000000e+07 1.781382531999999881e+08
5.736173377000000328e+07 1.831983249000000060e+08 2.187526000000000000e+07 2.656041760999999940e+07
1.198971741700000018e+08 9.768173140000000596e+07 1.385764200000000000e+07 6.507383799999999814e+06
1.162465203331999928e+08 9.505311415000000596e+07 1.440654100000000000e+07 3.906730414090000093e+06
5.964456454999999702e+07 1.556482060600000024e+08 2.239516400000000000e+07 1.709841509699999914e+07
1.120939899800000042e+08 9.322226969400000572e+07 1.542971700000000000e+07 4.254914400000000023e+05
5.834071699000000209e+07 1.505229146200000048e+08 2.350553400000000000e+07 5.163544515999999829e+06
6.861697726999999583e+07 1.348794332100000083e+08 2.098462700000000000e+07 4.708093794999999925e+06
8.397315477999998629e+07 1.807826690000000000e+08 1.566079100000000000e+07 4.586768220000000298e+07
8.919035829999999702e+07 1.106197695990000069e+08 1.807084500000000000e+07 1.019070712999999989e+06
1.316217753199999928e+08 8.081467382000000775e+07 1.204401200000000000e+07 1.947173261200000048e+08
5.896257649000000954e+07 2.025465020000000000e+08 2.079423900000000000e+07 4.051371740000000596e+07
1.065521605400000066e+08 1.628568850000000000e+08 1.284402500000000000e+07 6.118204900000000000e+07
1.358006536800000072e+08 7.854273125000000000e+07 1.184070300000000000e+07 1.914135201500000060e+08
1.216622488599999845e+08 1.049335983599999994e+08 1.297749000000000000e+07 3.334963139000000060e+07
9.317518919499999285e+07 1.028333962264000028e+08 1.698543500000000000e+07 1.209062090601000041e+08
7.762705411099998653e+07 1.854205000000000000e+08 1.660188700000000000e+07 5.503590700000000000e+07
