1.335450366500000209e+08 7.753415845000000298e+07 1.258553100000000000e+07 1.238852294300000072e+08
1.209723961500000060e+08 1.352190030000000000e+08 1.204284600000000000e+07 3.106692430000000075e+07
1.210774240900000036e+08 9.667586400000000000e+07 1.384157400000000000e+07 6.126110620000000112e+06
9.536530153000000119e+07 1.054144854669999927e+08 1.721590500000000000e+07 1.016124452999999980e+06
1.227316905840000212e+08 1.184578180000000000e+08 1.256660700000000000e+07 2.061718570619999990e+07
1.242517274699999988e+08 9.209598509999999404e+07 1.386499100000000000e+07 1.045505400000000000e+07
1.029377915409999937e+08 9.457203036730000377e+07 1.566380300000000000e+07 1.446504713709000051e+08
1.234881515900000036e+08 8.382928900800000131e+07 1.395738100000000000e+07 4.361186716719999909e+07
1.225416149700000435e+08 8.718065925000000000e+07 1.446089400000000000e+07 3.833820049999999814e+06
6.649074304999999702e+07 1.357602570450000167e+08 2.265164800000000000e+07 4.899857119999999995e+05
1.335511926739999950e+08 7.599909699300000072e+07 1.255435200000000000e+07 1.375596660509999990e+08
5.554638672999999672e+07 2.336356460730000138e+08 3.813175700000000000e+07 5.918266360000000568e+05
6.257621213000000268e+07 1.422186832500000000e+08 2.362813200000000000e+07 5.806547399999999907e+05
8.737595332000000775e+07 1.122709044220000058e+08 1.850630900000000000e+07 5.530714610000000102e+05
1.257699390330000073e+08 8.440934059299999475e+07 1.386416200000000000e+07 3.238155134499999881e+07
9.546475795000000298e+07 1.017592103700000048e+08 1.687204800000000000e+07 4.564415470300000161e+07
1.270482887049999982e+08 8.321863441899999976e+07 1.364384000000000000e+07 4.598991694500000030e+07
1.340580012950000018e+08 7.631177431000000238e+07 1.253605900000000000e+07 1.335034138729999959e+08
9.776137962999999523e+07 1.031817214619999975e+08 1.710213200000000000e+07 4.929159610000000102e+05
1.332537870999999940e+08 8.518742609999999404e+07 1.171675100000000000e+07 2.071466224099999964e+08
1.240290457360000163e+08 8.301260101999999583e+07 1.380695100000000000e+07 5.415959249899999797e+07
8.281540932999999821e+07 1.159452620230000019e+08 1.922374000000000000e+07 7.102181310000000522e+05
1.308450855799999982e+08 7.682354787399999797e+07 1.268271000000000000e+07 1.369402491080000103e+08
1.251715900659999996e+08 8.400042020399999619e+07 1.385061900000000000e+07 3.686573612359999865e+07
7.475355256000000238e+07 1.248651599590000063e+08 2.070765800000000000e+07 5.635167789999999804e+05
7.709330073899999261e+07 1.223014980859999955e+08 2.030177500000000000e+07 4.930311599999999744e+05
6.044450747999999672e+07 1.445979387600000203e+08 2.361945200000000000e+07 1.808416834000000032e+06
8.502440191000001132e+07 1.115362557719999999e+08 1.868292000000000000e+07 1.373291924100000039e+07
1.063496607900000066e+08 9.705616036399999261e+07 1.610422100000000000e+07 3.579293910000000033e+05
1.168576169000000060e+08 9.044190396699999273e+07 1.491215900000000000e+07 4.372888649999999907e+05
1.220305162500000000e+08 1.051417707999999970e+08 1.326130800000000000e+07 1.199630290000000037e+07
6.878964612999999523e+07 1.318614346770000011e+08 2.170048300000000000e+07 1.142236010999999940e+06
1.368946217099999785e+08 7.634813329999999702e+07 1.197950200000000000e+07 1.749266025000000000e+08
8.521768081999999285e+07 1.142473717979999930e+08 1.882535900000000000e+07 6.014606450000000186e+05
6.460752456000000983e+07 1.388549367190000117e+08 2.303032100000000000e+07 6.085573630000000121e+05
1.205822511309999973e+08 1.221256190000000000e+08 1.253893400000000000e+07 2.251327915500000119e+07
5.223473886599999666e+07 2.387942870800000131e+08 3.809775400000000000e+07 3.297351197000000160e+06
1.289475661200000048e+08 8.038471679000000656e+07 1.306564200000000000e+07 8.904033662000000477e+07
9.186084196999999881e+07 1.080696687070000023e+08 1.787581100000000000e+07 4.946378319999999949e+05
1.039618350400000066e+08 9.895154730099999905e+07 1.620301900000000000e+07 7.766018610000000335e+05
1.146590729399999976e+08 9.047610996400000155e+07 1.509675600000000000e+07 5.260005207999999635e+06
1.190733820199999958e+08 1.346763770000000000e+08 1.218234800000000000e+07 3.083640688000000268e+07
5.972288836999999732e+07 1.549033371800000072e+08 2.241706700000000000e+07 1.626253326400000043e+07
1.036612356790000051e+08 9.435801396330000460e+07 1.547680100000000000e+07 1.460935539720999897e+08
1.267368601519999951e+08 7.793464900990000367e+07 1.294394700000000000e+07 1.849475368720000088e+08
1.367252140400000215e+08 7.337089278200000525e+07 1.221556200000000000e+07 1.758865912720000148e+08
1.173454822900000066e+08 9.328144342000000179e+07 1.443965400000000000e+07 2.837678990000000224e+06
7.104265723000000417e+07 1.293200907240000069e+08 2.154500300000000000e+07 4.959859930000000168e+05
1.180487759960000068e+08 8.352707307739999890e+07 1.382986000000000000e+07 1.826925654726999998e+08
1.357858675040000081e+08 7.554595008799999952e+07 1.204416900000000000e+07 1.854846314167999923e+08
7.396350646999999881e+07 1.947078700000000000e+08 1.717584800000000000e+07 5.504845429999999702e+07
5.033316763000000268e+07 2.480101179000000060e+08 3.792341400000000000e+07 8.571155899999998510e+06
1.119960643499999940e+08 9.326718607199999690e+07 1.540402700000000000e+07 5.262339899999999907e+05
1.241058574849999994e+08 7.955893839659999311e+07 1.319243200000000000e+07 1.877339227531999946e+08
5.410385960999999940e+07 2.350934834699999988e+08 3.814064000000000000e+07 1.295513129000000190e+06
8.909955707859998941e+07 1.117283308799999952e+08 1.782912400000000000e+07 2.251999135059999768e+06
6.585733175000000000e+07 1.323673113700000048e+08 2.223114400000000000e+07 2.637598723000000045e+07
1.091149194200000018e+08 9.599107729999999702e+07 1.547922400000000000e+07 1.470235087999999989e+06
7.716952961199998856e+07 1.183941348296999931e+08 1.968170500000000000e+07 6.070054663300000131e+07
8.539805195999999344e+07 1.435158649000000060e+08 1.653754600000000000e+07 2.148586614000000060e+07
1.205953778599999994e+08 8.947408615000000596e+07 1.446197700000000000e+07 1.170780581000000006e+06
8.140346715999999642e+07 1.177232025030000061e+08 1.952240000000000000e+07 4.962461579999999958e+05
5.834911646999999881e+07 1.504374365800000131e+08 2.351546900000000000e+07 5.105930480000000447e+06
1.002245417600000054e+08 1.014341400990000069e+08 1.683827100000000000e+07 3.728350559999999823e+05
7.243352363999998569e+07 1.268620666800000072e+08 2.090164200000000000e+07 1.338208557000000030e+06
6.283191795499999821e+07 2.096889800000000000e+08 1.960833800000000000e+07 4.924272620000000298e+07
1.311103206700000167e+08 7.591237156000000238e+07 1.256396500000000000e+07 1.586018693009999990e+08
4.929311356000000238e+07 2.647847073000000119e+08 3.733201000000000000e+07 1.956537539999999851e+07
