1.293085219599999785e+08 8.349343670000000298e+07 1.307634900000000000e+07 7.350910750000000000e+07
8.967774446999999881e+07 1.099393574420000017e+08 1.798586100000000000e+07 1.110585181000000099e+06
1.162142109510000050e+08 1.045413905999999940e+08 1.375363900000000000e+07 1.039584731599999964e+07
1.212153907500000000e+08 1.002887550999999940e+08 1.359378000000000000e+07 8.648459900000000373e+06
1.203328820199999958e+08 8.686457926700000465e+07 1.439428800000000000e+07 1.531645151700000092e+07
1.227905114099999964e+08 8.716502381000000238e+07 1.453780000000000000e+07 1.428404453000000212e+06
1.369369509000000060e+08 7.339751497400000691e+07 1.220415700000000000e+07 1.749641836369999945e+08
1.258721510879999995e+08 8.373378301199999452e+07 1.377763900000000000e+07 3.960945951650000364e+07
1.213659264500000179e+08 1.060119159000000060e+08 1.325133100000000000e+07 1.241030280000000075e+07
5.414557258139999211e+07 1.912901441100000143e+08 3.018097900000000000e+07 4.667649145000000484e+06
1.201694294019999951e+08 1.118888404000000060e+08 1.301975000000000000e+07 1.601720825359999947e+07
1.140344968400000036e+08 1.227704235000000000e+08 1.313022100000000000e+07 2.183891975000000000e+07
6.408822527229999751e+07 1.350474573408899903e+08 2.264582400000000000e+07 3.347216544898099825e+07
1.262330953499999940e+08 8.167767923000000417e+07 1.319472400000000000e+07 8.576101615999999642e+07
9.253812400699999928e+07 1.032952258571999967e+08 1.720798700000000000e+07 1.273629914780000001e+08
1.189049005900000036e+08 9.224363262999999523e+07 1.434808200000000000e+07 2.703765649999999907e+06
1.167852488799999952e+08 9.041354076000000536e+07 1.488426200000000000e+07 6.100617340000000549e+05
1.146988235999999940e+08 9.213834373999999464e+07 1.497192700000000000e+07 1.044569704000000027e+06
1.230905692399999946e+08 9.477842240000000596e+07 1.386272200000000000e+07 5.195000209999999963e+06
1.253649166700000018e+08 1.212291120000000000e+08 1.164155300000000000e+07 9.890565723000000417e+07
1.210566791299999952e+08 1.425994260000000000e+08 1.185152200000000000e+07 3.639447310000000149e+07
1.248739840300000012e+08 8.396214457600000501e+07 1.379489600000000000e+07 4.057232721000000089e+07
1.242983889300000370e+08 1.178020380000000000e+08 1.244249400000000000e+07 2.589828450000000000e+07
1.051948137300000042e+08 1.319099389200000018e+08 1.361622200000000000e+07 9.085033312999999523e+07
1.060766871949999928e+08 9.215646440780000389e+07 1.523981900000000000e+07 1.571819997430000007e+08
8.504086164999999106e+07 1.140430771379999965e+08 1.868042300000000000e+07 1.155186104000000050e+06
7.487107029399999976e+07 1.241306269130000025e+08 2.042684000000000000e+07 1.287359161000000080e+06
1.188423721500000060e+08 1.246392190000000000e+08 1.255791700000000000e+07 2.391783187400000170e+07
1.205978443900000006e+08 8.945924763400000334e+07 1.446406200000000000e+07 1.144083328000000212e+06
6.587660495000001043e+07 1.361432348300000131e+08 2.217248800000000000e+07 1.774228233000000007e+06
1.357175306910000145e+08 7.581799444900000095e+07 1.202683400000000000e+07 1.867375098059999943e+08
7.537360774199999869e+07 1.255824956200000048e+08 1.987182900000000000e+07 3.380068791000000201e+06
9.935514398999999464e+07 1.627185070000000000e+08 1.381832500000000000e+07 4.022653560000000149e+07
1.227605686700000167e+08 1.112289060499999970e+08 1.237814200000000000e+07 5.811804570000000298e+07
7.987671573199999332e+07 1.175111885476599932e+08 1.971400700000000000e+07 5.847215768879999407e+06
4.928395525000000000e+07 2.658941391999999881e+08 3.728157600000000000e+07 2.037271500000000000e+07
9.174411981200000644e+07 1.117438826800000072e+08 1.720393900000000000e+07 4.052082677000000142e+06
6.618641027700000256e+07 1.317750302091999948e+08 2.213069400000000000e+07 3.455642358891999722e+07
1.373026817500000000e+08 7.577485700000000000e+07 1.203225400000000000e+07 1.707988816999999881e+08
9.584850668999998271e+07 1.047139826200000048e+08 1.727063100000000000e+07 6.528281790000000037e+05
1.199072660799999982e+08 8.348252375000000000e+07 1.384274500000000000e+07 9.724968029099999368e+07
8.678373638500000536e+07 1.155765111899999976e+08 1.795096700000000000e+07 3.652928018499999773e+06
7.555282509250001609e+07 1.208358131877100021e+08 2.027693400000000000e+07 1.484436548833999969e+07
1.333152307099999934e+08 7.992056300000000000e+07 1.246224600000000000e+07 1.220895075999999940e+08
1.196935164800000042e+08 1.210090310000000000e+08 1.264372800000000000e+07 2.166499737100000307e+07
1.009107585499999970e+08 1.012690458470000029e+08 1.646724500000000000e+07 1.281560191000000108e+06
6.355343467999999970e+07 1.397194794619999826e+08 2.315113100000000000e+07 8.766638410000000149e+05
7.891732894999998808e+07 1.200281167900000066e+08 1.965510600000000000e+07 1.292640655999999959e+06
8.498836680759999156e+07 1.105083170754899979e+08 1.833242200000000000e+07 6.282711128277000040e+07
8.084236472999998927e+07 1.251341658100000024e+08 1.846712100000000000e+07 6.898151396999999881e+06
8.764463304000000656e+07 1.114640142900000066e+08 1.841441900000000000e+07 7.943573580000000075e+05
1.142629055000000000e+08 1.499237000000000000e+08 1.232113300000000000e+07 3.818528610999999940e+07
1.128039566710000038e+08 9.654494132999999821e+07 1.479212200000000000e+07 3.461721101819999982e+06
7.884440926999999583e+07 1.177975090000000000e+08 1.977045600000000000e+07 1.060186821099999920e+07
1.063272583299999982e+08 9.716150046500000358e+07 1.599886000000000000e+07 5.459870959999999031e+05
1.367102937500000298e+08 8.242358679999999702e+07 1.173455300000000000e+07 1.701041566299999952e+08
9.679154609300002456e+07 1.066265188599999994e+08 1.666617300000000000e+07 3.176472774799999781e+06
7.367356461200001836e+07 1.221351159931000024e+08 2.047578900000000000e+07 3.891616126981999725e+07
8.312941900300000608e+07 1.123996410074000061e+08 1.855070600000000000e+07 8.351270172239999473e+07
1.228818001400000155e+08 9.385289379999999702e+07 1.376123200000000000e+07 1.336203650000000000e+07
6.877664518000000715e+07 2.013682730000000000e+08 1.821169500000000000e+07 4.892938570000000298e+07
1.327449408040000200e+08 7.691945593099999428e+07 1.264632200000000000e+07 1.261901644839999974e+08
7.517143968999999762e+07 1.912307410000000000e+08 1.701667000000000000e+07 4.581464770000000298e+07
1.096615895000000000e+08 9.498723065199999511e+07 1.559209700000000000e+07 6.444971629999999423e+05
7.253308918999999762e+07 1.235170313700000048e+08 2.068613400000000000e+07 3.409075022999999672e+07
1.352710051600000262e+08 8.399628570000000298e+07 1.170009600000000000e+07 1.781909388600000143e+08
9.375249401000000536e+07 1.183902567000000030e+08 1.632341300000000000e+07 9.659052574999999255e+06
1.221385368599999845e+08 1.316301720000000000e+08 1.202804700000000000e+07 3.279066380000000075e+07
8.272329560599999130e+07 1.126793456255999953e+08 1.868858600000000000e+07 7.240427938131000102e+07
6.045649850999999791e+07 1.445783583700000048e+08 2.361969300000000000e+07 1.797814555000000168e+06
1.040001986400000155e+08 9.880102900100000203e+07 1.623952600000000000e+07 6.385939939999999478e+05
1.195637225199999958e+08 8.763899240000000596e+07 1.385822000000000000e+07 5.168212460000000149e+07
5.217297713300000131e+07 2.389758279199999869e+08 3.809518900000000000e+07 3.397782297999999952e+06
1.202130914829999954e+08 8.725480141300000250e+07 1.451426000000000000e+07 9.258109487999999896e+06
1.092721477199999988e+08 1.296196561899999976e+08 1.314478500000000000e+07 9.282192890999999642e+07
1.177416095400000066e+08 1.165955232999999970e+08 1.298059700000000000e+07 1.893384619000000134e+07
6.872473607000000775e+07 1.320934137699999958e+08 2.151416100000000000e+07 1.746282519000000088e+06
1.304866957150000036e+08 7.600337618203999102e+07 1.259950600000000000e+07 1.670040580293399990e+08
9.496536590500000119e+07 1.011295882222999930e+08 1.684058200000000000e+07 1.313236918083000034e+08
1.172813415400000066e+08 1.477908540000000000e+08 1.205493700000000000e+07 3.795759328999999911e+07
6.160519105099999905e+07 1.425424606999999881e+08 2.338365400000000000e+07 1.543555223999999929e+06
1.295948221972000003e+08 7.679602511687999964e+07 1.267388300000000000e+07 1.544378951207700074e+08
1.016563778400000036e+08 9.697745675000000000e+07 1.604665900000000000e+07 4.965423269500000030e+07
8.346469121000000834e+07 1.176667798799999952e+08 1.855167300000000000e+07 2.994545886799999978e+06
1.111096560000000000e+08 1.525961610000000000e+08 1.260725900000000000e+07 3.871281865999999642e+07
1.165478315699999928e+08 1.552912730000000000e+08 1.189966500000000000e+07 6.007900900000000000e+07
7.248570865000000596e+07 1.981250690000000000e+08 1.745263400000000000e+07 5.478029189999999851e+07
5.945975964000000060e+07 2.055067130000000000e+08 2.058978300000000000e+07 4.266031450000000000e+07
5.186143857583998889e+07 2.126843726999999881e+08 3.058919800000000000e+07 1.443750084999999963e+07
5.617921295000000298e+07 1.600901089599999785e+08 2.511395100000000000e+07 4.695514138000000268e+06
1.287415313760000169e+08 8.020635332099999487e+07 1.317482900000000000e+07 8.414283583300000429e+07
5.587237417499999702e+07 1.979015814000000060e+08 2.261644600000000000e+07 3.224700450000000000e+07
6.467229674000000209e+07 2.077659400000000000e+08 1.914743500000000000e+07 5.002311839999999851e+07
7.724133225000000000e+07 1.305867474000000060e+08 1.891079800000000000e+07 8.363609626000000164e+06
6.655571600999999046e+07 1.897765610000000000e+08 1.893013100000000000e+07 3.885982950000000000e+07
9.369479134999999404e+07 1.742104190000000000e+08 1.428847400000000000e+07 6.175528100000000000e+07
8.775410578999999166e+07 1.700327160000000000e+08 1.527741900000000000e+07 4.034319679999999702e+07
1.237941067370000035e+08 8.306302018099999428e+07 1.379608500000000000e+07 5.480848714500000328e+07
1.244309605970000029e+08 8.720363662590000033e+07 1.446523700000000000e+07 1.747910813000000198e+05
5.424155753999999911e+07 1.930758485000000000e+08 2.385093200000000000e+07 2.602611100000000000e+07
1.217772194900000244e+08 8.379071694499999285e+07 1.379059200000000000e+07 6.007872463799999654e+07
1.122191380900000036e+08 9.318735910799999535e+07 1.544861600000000000e+07 3.509490310000000172e+05
9.391510770999999344e+07 1.064331053199999928e+08 1.738405500000000000e+07 1.214057915999999968e+06
1.140060769000000060e+08 8.712887362000000477e+07 1.444213100000000000e+07 9.976399627699999511e+07
1.215258419099999964e+08 8.441196957299999893e+07 1.385967300000000000e+07 5.169572986599999666e+07
1.322852027000000179e+08 8.304793045000000298e+07 1.187334200000000000e+07 2.002398965000000000e+08
5.748920533000000566e+07 1.558090661999999881e+08 2.333510700000000000e+07 8.303195589999999851e+06
9.031157254999999702e+07 1.776715790000000000e+08 1.471133100000000000e+07 6.177441600000000000e+07
8.932242723800002038e+07 1.064306679176999927e+08 1.753839700000000000e+07 1.061495509402000010e+08
8.168706918999999762e+07 1.568712400000000000e+08 1.669585600000000000e+07 2.791806380999999866e+07
1.279593516599999964e+08 1.148111979000000060e+08 1.177136700000000000e+07 8.123999732999999821e+07
1.011122100499999970e+08 1.409709521999999881e+08 1.390594000000000000e+07 9.825167553000000119e+07
1.102155294780000150e+08 8.910867072599999607e+07 1.470797700000000000e+07 1.678350704952999949e+08
8.058017970800000429e+07 1.703551980000000000e+08 1.647502400000000000e+07 3.576201754999999702e+07
6.001248875000000000e+07 2.084513950000000000e+08 2.038958600000000000e+07 4.492654250000000000e+07
7.281919067000000179e+07 1.839928260000000000e+08 1.762234100000000000e+07 3.970468910000000149e+07
9.961527843999999762e+07 1.019217998159999996e+08 1.669940300000000000e+07 9.928814470000000438e+05
1.163458480100000054e+08 9.475390881000000238e+07 1.441868300000000000e+07 3.732359009999999776e+06
5.753635168999999762e+07 1.942356940000000000e+08 2.154404600000000000e+07 3.389877829999999702e+07
5.013062075000000000e+07 2.497424431999999881e+08 3.787865600000000000e+07 9.615161150000000373e+06
7.076415140000000596e+07 1.288806040289999992e+08 2.127015100000000000e+07 1.285778368000000017e+06
9.917414770000000298e+07 1.004929760000000000e+08 1.604104500000000000e+07 7.126307629999999702e+07
1.106292763799999952e+08 1.595009940000000000e+08 1.245149400000000000e+07 5.686645000000000000e+07
5.825256300000000745e+07 1.508042661099999845e+08 2.379591500000000000e+07 4.371952467000000179e+06
6.200619448759999871e+07 1.385988599315100014e+08 2.319782800000000000e+07 3.323672922532900050e+07
5.402516069000000507e+07 1.830366279000000060e+08 2.439748600000000000e+07 1.889325010999999940e+07
8.641376241999998689e+07 1.469226314000000060e+08 1.621275100000000000e+07 2.433454626999999955e+07
9.750450250000000000e+07 1.005403487310000062e+08 1.668911300000000000e+07 3.246267558700000122e+07
1.072783823900000155e+08 9.405744199400000274e+07 1.564389100000000000e+07 2.042547930700000003e+07
