1.073450308499999940e+08 1.503850870000000000e+08 1.300204800000000000e+07 4.217970420000000298e+07
1.230494615419999808e+08 8.666707724199999869e+07 1.443469600000000000e+07 5.821424043000000529e+06
6.204918267000000179e+07 2.078678510000000000e+08 1.981926400000000000e+07 4.763202670000000298e+07
1.033156466299999952e+08 9.948560755400000513e+07 1.620145000000000000e+07 1.168955401000000071e+06
1.217543673200000226e+08 1.060629662999999970e+08 1.323331400000000000e+07 1.238078090000000037e+07
8.693067588000001013e+07 1.125855149420000017e+08 1.846582800000000000e+07 8.372307070000000531e+05
1.020858066739999950e+08 1.041640282999999970e+08 1.590133800000000000e+07 4.006322067300000228e+06
1.238713221019999981e+08 8.265671636800000072e+07 1.376076400000000000e+07 6.144386826099999994e+07
1.148510508400000036e+08 1.565410660000000000e+08 1.205026400000000000e+07 6.010809500000000000e+07
1.252593882500000000e+08 1.070656812999999970e+08 1.256461700000000000e+07 4.373629132000000030e+07
1.357229592399999797e+08 8.330054598999999464e+07 1.186338600000000000e+07 1.553445462599999905e+08
1.071633353630000055e+08 1.051724384000000060e+08 1.497513800000000000e+07 7.125235940000000410e+06
1.197472779899999946e+08 9.792137529999999702e+07 1.384969300000000000e+07 6.664258100000000559e+06
1.248287190900000036e+08 1.287371180000000000e+08 1.193129900000000000e+07 3.664461150000000000e+07
7.041244596999999881e+07 1.297390044960000068e+08 2.139428800000000000e+07 1.002948790000000037e+06
1.230331883199999928e+08 1.161323549000000060e+08 1.265666100000000000e+07 1.917540489999999851e+07
1.328967602979999930e+08 8.212295961999998987e+07 1.195861900000000000e+07 1.689540971699999869e+08
9.443280723999997973e+07 1.386759748300000131e+08 1.498213700000000000e+07 8.188090948999999464e+07
9.988695098000000417e+07 1.016331937479999959e+08 1.686625100000000000e+07 4.105353869999999879e+05
1.150515343939999938e+08 8.553864451800000668e+07 1.422487500000000000e+07 1.926464245503000021e+08
1.314964684490000159e+08 7.522594029930000007e+07 1.249197900000000000e+07 1.813529715333999991e+08
1.237339681599999964e+08 1.316196040000000000e+08 1.200473000000000000e+07 2.929519501999999955e+07
1.119224682300000042e+08 1.197718445000000000e+08 1.352407600000000000e+07 1.863410710000000149e+07
4.982579822999999672e+07 2.528933453000000119e+08 3.778755600000000000e+07 1.156153421000000089e+07
7.674515108400000632e+07 1.220897906149999946e+08 2.012209900000000000e+07 1.144219404999999795e+06
1.185237676500000060e+08 1.263232040000000000e+08 1.252678500000000000e+07 2.477168038899999857e+07
1.250929033400000036e+08 8.583428290000000596e+07 1.385669000000000000e+07 2.913893007000000030e+07
6.442693761999999732e+07 1.379225339679999948e+08 2.278113700000000000e+07 1.167575229000000050e+06
7.900868542999999225e+07 1.893844180000000000e+08 1.630864600000000000e+07 5.854008100000000000e+07
8.192182353000000119e+07 1.142412457719999999e+08 1.915105200000000000e+07 1.624414224100000039e+07
1.334786741731999964e+08 7.447002187458999455e+07 1.234551900000000000e+07 1.765831934485380054e+08
5.198249260999999195e+07 2.395660133600000143e+08 3.808665300000000000e+07 3.726029830999999773e+06
5.411121707000000030e+07 2.350838485740000010e+08 3.814066700000000000e+07 1.290615249000000069e+06
1.183628495460000038e+08 1.119030529000000060e+08 1.315029600000000000e+07 1.580355685999999940e+07
1.166269658599999994e+08 9.566945110999999940e+07 1.432035100000000000e+07 4.290215120000000112e+06
7.870020504600000381e+07 1.201020915000000000e+08 1.987462600000000000e+07 8.062429639999999199e+05
1.201012165000000000e+08 8.742997562000000477e+07 1.448174200000000000e+07 9.841073372999999672e+06
8.389207986699999869e+07 1.175770810699999928e+08 1.841893700000000000e+07 3.477319225000000093e+06
1.337499736099999994e+08 7.811481489000000060e+07 1.200144500000000000e+07 1.924609424650000036e+08
1.209126356500000358e+08 8.924690242999999225e+07 1.446772500000000000e+07 9.789895550000000512e+05
1.241313687099999934e+08 8.705848131999999285e+07 1.446725000000000000e+07 9.456799599999999627e+05
1.168438410600000024e+08 1.386959180000000000e+08 1.229067000000000000e+07 3.207013333999999985e+07
1.169106580799999982e+08 1.050355162999999970e+08 1.365600200000000000e+07 1.073562264599999972e+07
5.835161892999999970e+07 1.983794640000000000e+08 2.108153200000000000e+07 3.749329539999999851e+07
1.322747304100000411e+08 8.375850431000000238e+07 1.240060400000000000e+07 1.145196056800000072e+08
1.244864003120000064e+08 8.208818630000001192e+07 1.288715600000000000e+07 1.845048406990000010e+08
9.650542785999999940e+07 1.021547948599999994e+08 1.705720200000000000e+07 1.177147447699999996e+07
8.617474646999999881e+07 1.801069270000000000e+08 1.527341800000000000e+07 6.002669200000000000e+07
5.779141631000000238e+07 1.940410550000000000e+08 2.139016500000000000e+07 3.431157120000000298e+07
8.962481742999999225e+07 1.102699679689999968e+08 1.799594700000000000e+07 1.061921516000000061e+06
6.202828724899999797e+07 1.424394198920000196e+08 2.356629600000000000e+07 8.966714209999999730e+05
1.216913699699999988e+08 8.744719634000000358e+07 1.458902200000000000e+07 1.674666648000000045e+06
1.196032439899999946e+08 1.211535320000000000e+08 1.263987000000000000e+07 2.183012407400000095e+07
5.456350284000000358e+07 1.963278215999999940e+08 2.355312000000000000e+07 2.844606980000000075e+07
6.749020171000000834e+07 1.345219664499999881e+08 2.146475400000000000e+07 3.334195900000000373e+06
1.181515553900000155e+08 8.722448730799999833e+07 1.348072500000000000e+07 1.786975892159999907e+08
5.795343409999998659e+07 1.520566098000000119e+08 2.399042400000000000e+07 4.369584238999999128e+06
1.198406428569999933e+08 1.090697494000000060e+08 1.318059200000000000e+07 1.424496469400000013e+07
1.208530203299999982e+08 1.367317730000000000e+08 1.199143200000000000e+07 3.285087760000000149e+07
9.135534093000000715e+07 1.083992420370000005e+08 1.791472400000000000e+07 5.796686700000000419e+05
6.643330385794000328e+07 1.349996992899999917e+08 2.201420600000000000e+07 1.889500635618000058e+06
1.020197753900000006e+08 1.667386200000000000e+08 1.332433900000000000e+07 6.124573700000000000e+07
8.553040004000000656e+07 1.137209958100000024e+08 1.895361100000000000e+07 3.760027229999999981e+05
1.103098287300000042e+08 9.356748920100000501e+07 1.548999500000000000e+07 4.499694120000000112e+06
1.334894672370000035e+08 7.703664710999999940e+07 1.261215500000000000e+07 1.250184011250000000e+08
1.041866731500000060e+08 1.649016170000000000e+08 1.309017200000000000e+07 6.126703800000000000e+07
6.658502788000000268e+07 1.385627860900000036e+08 2.133420000000000000e+07 5.320670068999999203e+06
1.374089796100000143e+08 7.344069167100000381e+07 1.220101500000000000e+07 1.716728821299999952e+08
5.304131998900000006e+07 2.015540004000000060e+08 2.610801500000000000e+07 2.369464000000000000e+07
1.074593760470000058e+08 9.636004933900000155e+07 1.600241500000000000e+07 3.086081971999999951e+05
1.298751877210000008e+08 8.042222765399999917e+07 1.315599300000000000e+07 8.026104012600000203e+07
5.793543331000000238e+07 1.525454686599999964e+08 2.346271900000000000e+07 6.326143318999999203e+06
9.424661828000000119e+07 1.063788327370000035e+08 1.740545600000000000e+07 8.628197229999999981e+05
1.018098024000000060e+08 1.001884077020000070e+08 1.661102100000000000e+07 4.372892370000000228e+05
1.369530394830000103e+08 7.867527250000000000e+07 1.182057800000000000e+07 1.791807062170000076e+08
1.182762673199999928e+08 1.450017650000000000e+08 1.201232000000000000e+07 3.651973271999999881e+07
7.497197833099998534e+07 1.240683753279999942e+08 2.057690900000000000e+07 8.031109550000000745e+05
1.088825741599999964e+08 1.609378460000000000e+08 1.261087800000000000e+07 6.087765500000000000e+07
1.118508642999999970e+08 9.676232387000000477e+07 1.492606400000000000e+07 3.171373660000000149e+06
8.011375006999999285e+07 1.298737990999999940e+08 1.829274300000000000e+07 9.693594049000000581e+06
9.789093470000000298e+07 1.702391110000000000e+08 1.378922600000000000e+07 6.150837900000000000e+07
7.392754615099997818e+07 1.300050982199999988e+08 1.984250900000000000e+07 5.329258978000000119e+06
6.554497530000001192e+07 2.066778500000000000e+08 1.893739000000000000e+07 5.060778520000000298e+07
1.075880394200000018e+08 1.349391570000000000e+08 1.348602400000000000e+07 2.641169035000000149e+07
7.877269619900000095e+07 1.228721237600000054e+08 1.919949300000000000e+07 3.809610009000000078e+06
6.878462210399998724e+07 1.281399409238000065e+08 2.151779900000000000e+07 3.669627207145000249e+07
1.360432850539999902e+08 7.538825258860000968e+07 1.204550100000000000e+07 1.827182657793000042e+08
1.264709593209999949e+08 8.371501339300000668e+07 1.373409000000000000e+07 4.036357464800000191e+07
1.287246269919999987e+08 8.064819694400000572e+07 1.321589900000000000e+07 7.859838197200000286e+07
8.425864645999999344e+07 1.746471560000000000e+08 1.574629300000000000e+07 4.047696896999999881e+07
6.101050121000000089e+07 1.567396521999999881e+08 2.186980600000000000e+07 1.264760838000000082e+07
1.179369081800000072e+08 9.220988868999999762e+07 1.445567200000000000e+07 2.389664529999999795e+06
5.605584811999999732e+07 1.973560336999999881e+08 2.249274200000000000e+07 3.237608389999999851e+07
1.270974395499999970e+08 1.117797445000000000e+08 1.199690800000000000e+07 7.099218756000000238e+07
5.632931188999999315e+07 1.594961247000000179e+08 2.512500400000000000e+07 4.356686908000000753e+06
6.866876617000000179e+07 1.316145104259999990e+08 2.176894900000000000e+07 1.178913122999999905e+06
1.238823944229999930e+08 7.967992312360000610e+07 1.322290300000000000e+07 1.882421443928999901e+08
8.136398384999999404e+07 1.173799469479999989e+08 1.947122300000000000e+07 6.896869080000000540e+05
1.015694274070000052e+08 9.565265778569999337e+07 1.584424600000000000e+07 1.447255126746999919e+08
1.339161565110000074e+08 7.686290176000000536e+07 1.258729700000000000e+07 1.266821879919999987e+08
7.392843886999998987e+07 1.602101968000000119e+08 1.812876200000000000e+07 2.541946617999999970e+07
7.285137772800000012e+07 1.334514322000000030e+08 1.984778400000000000e+07 6.926303496000000276e+06
6.038687129999999702e+07 1.446941872599999905e+08 2.361813800000000000e+07 1.860761840000000084e+06
6.037591185999999940e+07 1.514416665999999940e+08 2.246139900000000000e+07 8.616284449999999255e+06
1.105703415520000011e+08 8.879004898770000041e+07 1.471152600000000000e+07 1.809910996653000116e+08
9.102816149500000477e+07 1.159482909399999976e+08 1.699734600000000000e+07 6.602403788999999873e+06
8.796101039999999106e+07 1.665627460000000000e+08 1.532322700000000000e+07 3.831542250000000000e+07
8.057719338179999590e+07 1.885488960000000000e+08 1.606154600000000000e+07 6.003046900000000000e+07
1.185931890100000054e+08 1.421844980000000000e+08 1.193994200000000000e+07 4.357402050000000000e+07
5.047878058000000566e+07 2.469052213000000119e+08 3.794919900000000000e+07 7.919636589999999851e+06
7.149448618000000715e+07 1.284414986899999976e+08 2.090957200000000000e+07 1.839961067000000039e+06
1.143482785699999928e+08 1.318247130999999940e+08 1.246567100000000000e+07 1.030647229899999946e+08
1.129289870600000024e+08 9.087720577199999988e+07 1.513871400000000000e+07 1.242333324100000039e+07
1.259659909549999982e+08 7.878659282699999213e+07 1.294487200000000000e+07 1.836258529817999899e+08
1.196745532999999970e+08 1.252708727999999970e+08 1.203957800000000000e+07 9.878994828000000119e+07
4.928872306000000238e+07 2.652107913000000119e+08 3.731255200000000000e+07 1.987374080000000075e+07
8.721738195699998736e+07 1.082858223481000066e+08 1.795171000000000000e+07 9.883121952699999511e+07
1.035549796169999987e+08 1.045037487000000030e+08 1.561199200000000000e+07 4.996366691200001165e+06
7.772678066300000250e+07 1.185179852580000013e+08 1.946335700000000000e+07 7.528918144359999895e+07
7.398028267100000381e+07 1.218141860852999985e+08 2.036058900000000000e+07 4.191394849580000341e+07
9.458473884000000358e+07 1.733500610000000000e+08 1.418044200000000000e+07 6.169360200000000000e+07
7.680413254999999702e+07 1.927679420000000000e+08 1.666814200000000000e+07 5.839690600000000000e+07
6.366025193000000715e+07 1.452620295500000119e+08 2.169172000000000000e+07 1.245486709300000034e+07
5.889206364299999923e+07 1.679548454000000060e+08 2.197705100000000000e+07 1.814172512999999896e+07
8.260094621000000834e+07 1.163887274370000064e+08 1.926900000000000000e+07 5.988579590000000317e+05
9.301371056000000238e+07 1.166820115000000000e+08 1.656468700000000000e+07 8.226891674999999814e+06
1.168635332600000054e+08 9.034888000800000131e+07 1.497283300000000000e+07 3.417003769999999786e+05
1.063669793180000037e+08 1.006501765000000000e+08 1.546538700000000000e+07 3.591290416000000201e+06
1.187302371337299943e+08 1.011245412999999970e+08 1.372611700000000000e+07 8.520812439199998975e+06
1.078683989599999934e+08 1.219181847000000030e+08 1.396169500000000000e+07 1.835772234099999815e+07
9.627218109999999404e+07 1.652442430000000000e+08 1.417355300000000000e+07 4.045066563000000268e+07
1.358384225360000134e+08 7.589369671900001168e+07 1.201522800000000000e+07 1.855226422579999864e+08
