1.1655971862E8 1.049288491E8 2.1649104E7 1.55836345E7
8.12839107E7 1.89391857E8 2.7078246E7 5.53007291E7
1.1635439518E8 9.67672994E7 2.2262192E7 1.876818434E7
1.01382100943E8 9.831418117E7 2.5877859E7 3225588.8963
1.146525076E8 1.35530443E8 1.9235065E7 4.61117739E7
1.0150664787E8 1.45970615E8 2.1163828E7 3.513207938E7
1.117712777E8 9.6544498E7 2.2668464E7 2.0260826E7
1.1207968491E8 1.1108413347E8 2.0377861E7 6.605761997E7
1.1580047011E8 8.093549774E7 2.2094085E7 8.970596638E7
7.471292002E7 1.82791853E8 3.4126045E7 3.5656275400000006E7
8.382775107000001E7 1.516270936E8 2.755425E7 2.82571519E7
1.1559301882E8 8.3949035158E7 2.3824214E7 2.65076401838E7
1.1876803828E8 8.3139623E7 2.2001802E7 6.52372422E7
1.071566449E8 8.7192035975E7 2.4357722E7 4.5344048405E7
1.2080527071000002E8 8.180123171E7 1.9893791E7 1.9448194947E8
8.24059179E7 1.466521977E8 2.8755574E7 2.271874271E7
1.1683298715E8 9.913638654E7 2.1545754E7 3.291720201E7
9.3273577005E7 1.0698154492E8 2.8295435E7 3929321.159
8.345236429E7 1.17639840084E8 3.3734905E7 1116336.443
7.932232120000002E7 1.2520889411E8 3.4480409E7 4667649.1450000005
1.2723951364E8 8.41094814E7 1.9288662E7 1.6212565423E8
7.692268756E7 1.469554931E8 3.2515581E7 1.842279322E7
9.567947215E7 1.114834394E8 2.6179845E7 9191519.528
1.0743417830000004E8 1.40487141E8 1.988285E7 4.41624754E7
1.0175898567000002E8 9.5091430603E7 2.6856711E7 1016072.138
1.160193729E8 8.629189861E7 2.4045084E7 7440948.74
1.2721972684E8 7.693728477E7 1.9823038E7 1.6511390987E8
1.0063158737E8 9.387500137E7 2.6958069E7 1.461637423E7
1.1350811801E8 8.594021199E7 2.3474051E7 2.883547182E7
1.0437821111E8 1.36401021E8 2.0786246E7 3.26856538E7
7.872033793E7 1.378420269E8 3.218073E7 1.349123805E7
9.279631960999998E7 1.142971478E8 2.7176121E7 8901479.084
1.23121319217E8 7.6107835956E7 2.0180557E7 1.88642324085E8
8.056265259E7 1.2635137473E8 3.2877551E7 6443746.809
7.609882668E7 1.68686232E8 3.122282E7 3.24526148E7
9.947853233E7 9.33055429922E7 2.6775056E7 9.33188113113E7
9.045551819E7 1.18714008E8 2.7708779E7 1.0300035353E7
1.12631653781E8 1.150337178E8 2.1049006E7 1.895960215E7
7.836583513000003E7 1.67783193E8 2.9364553E7 3.34200163E7
1.2097861835E8 8.369712408E7 2.1608391E7 7.149989217E7
1.1782229163000004E8 8.030460909E7 2.1705447E7 9.566420683E7
1.10057644E8 8.743113109E7 2.4321833E7 1.75545799E7
1.0640245132E8 1.099562263E8 2.2132056E7 2.74898374E7
8.299296407000001E7 1.74650562E8 2.6594482E7 4.40269671E7
1.0596296876600002E8 1.040097728E8 2.324337E7 9702152.468
7.286100123E7 1.856247819E8 4.1537977E7 2.73244196E7
1.1233721927E8 1.22668428E8 2.0473862E7 2.383483896E7
7.510165239000002E7 1.551835174E8 4.2718531E7 9160835.46
1.1960527515799998E8 7.59706967632E7 2.1057865E7 1.713111421649E8
9.470517241000004E7 1.57628448E8 2.2659815E7 5.09149182E7
1.0446917218930005E8 9.047914519437E7 2.5200915E7 2.800613604654E7
1.1935628974599998E8 8.479084376E7 2.2269038E7 4.9801973251E7
8.333395566E7 1.87429209E8 2.6248476E7 5.7745249E7
8.9676495678E7 1.0949895804E8 3.007971E7 2707687.4743000004
1.0909557279E8 8.65818002E7 2.3131205E7 7.62061578E7
1.056587038017E8 9.547093885E7 2.4640056E7 3608556.0158
7.648446132E7 1.71505562E8 3.0527966E7 3.54973033E7
1.0771689234E8 9.26861949E7 2.4611543E7 2324186.19
1.1622696491300002E8 8.51834644E7 2.1019091E7 1.16252268558E8
1.14299327449E8 8.6830277956E7 2.4714705E7 215634.1603
9.612258589E7 1.0157707508E8 2.8108642E7 1774702.837
9.787639852E7 9.642472317E7 2.812035E7 1.4344601618E7
7.939175011000001E7 1.302192943E8 3.2991645E7 8548228.501999998
1.2560446610999998E8 8.35438892E7 1.988394E7 1.3247866719E8
8.987015912E7 1.08286658849E8 3.1294534E7 697717.297
1.1491729550000004E8 9.311425E7 2.2777487E7 1.78350167E7
1.0650582283E8 1.37468855E8 2.0401353E7 3.177988526E7
1.1893653404E8 1.0454392E8 2.0443843E7 5.396482901E7
1.080519709E8 1.112240583E8 2.2027925E7 1.5017737697E7
8.103290980000001E7 1.1874170176E8 3.4273607E7 2.7851637731E7
1.2650438214000002E8 7.995900535000001E7 1.9834964E7 1.4791625762E8
1.1612274949E8 1.25440798E8 1.9853455E7 3.11229258E7
1.1729916462E8 1.0131319466E8 2.1091845E7 4.14288843E7
1.124999997E8 1.094853622E8 2.159328E7 1.48460592E7
1.2499321236E8 7.2907034927E7 2.0831631E7 1.72650362077E8
1.01900421697E8 9.12083380315E7 2.5522479E7 1.018933884733E8
1.085919268E8 1.55309655E8 1.9279288E7 6.1588727E7
1.1776693575E8 9.771628525E7 2.1666475E7 3.170843373E7
7.719355767E7 1.84883808E8 2.9493383E7 4.4549714E7
8.95843954E7 1.78627421E8 2.4022135E7 5.894297E7
7.88360939E7 1.87331842E8 2.8317806E7 4.91160867E7
1.083494561E8 1.226631278E8 2.0157921E7 9.086744843E7
7.709104719E7 1.377826676E8 3.6377673E7 8569835.629999999
9.184067159E7 1.05621234077E8 3.0644832E7 781337.217
1.2101155447E8 8.32539659E7 2.0984387E7 9.57768746E7
7.497343205E7 1.565926279E8 3.7973694E7 1.615639696E7
1.107400118E8 1.26041367E8 2.042126E7 2.549483082E7
9.4821639421E7 1.0633701227E8 2.7544042E7 4630914.966000001
1.1013078034000002E8 9.62548036E7 2.3474934E7 5532844.619999999
1.1339531413E8 8.5374129E7 2.2670357E7 5.65830189E7
7.631076771000001E7 1.498537485E8 4.3982834E7 4681459.713
1.20919376017E8 7.8855381609E7 2.1595326E7 9.4664772045E7
8.506038134E7 1.84795123E8 2.559677E7 5.8126716E7
1.2164166379E8 8.418891304E7 2.1616759E7 6.875659617E7
9.789182373000002E7 9.9454594879E7 2.8278949E7 564526.98
1.1684443649E8 9.39353735E7 2.2819267E7 1.135619257E7
1.12857157007E8 8.3890926629E7 2.3204523E7 5.0607005022E7
1.1826396177E8 8.20307161E7 2.0393677E7 1.8081616266E8
1.1815065766000004E8 7.8977115996E7 2.1695312E7 1.05127595617E8
9.583066776E7 1.01130023563E8 2.9291229E7 634143.947
1.1930934989400002E8 8.0422280078E7 2.2177487E7 7.23576052043E7
8.555824153E7 1.14298035424E8 3.2816713E7 982694.233
8.5585656218E7 1.1591227512E8 3.1300937E7 4088440.133
1.1076886667E8 8.932458602499999E7 2.4707536E7 618186.384
8.547056199000001E7 1.1129639137E8 3.2913031E7 1.370427623E7
7.732654941999999E7 1.385649582E8 3.3557035E7 1.2769581510000002E7
1.1417606349E8 1.248315953E8 1.9184203E7 1.048856003E8
1.2508935387E8 7.60315759E7 2.0290772E7 1.5173319356E8
8.735030901500002E7 1.078989185094E8 3.1230625E7 5.566868719427E7
1.16498536379E8 8.0419587251E7 2.1059607E7 1.6989599278E8
8.7182955704E7 1.1444475911E8 3.0553254E7 3997832.214
8.188656238E7 1.2180924499E8 3.283408E7 4523879.445
1.1857653374E8 8.53797784E7 2.2889775E7 3.215548924E7
1.1276828260000002E8 1.42793159E8 1.9270835E7 4.41112514E7
1.126573267E8 1.32197629E8 1.9667968E7 3.67622604E7
1.0829398773E8 1.43709602E8 1.9882671E7 3.68194641E7
1.1613063703E8 1.116554679E8 2.1052044E7 1.88308353E7
1.0792421221E8 1.32152129E8 2.0416971E7 2.915856667E7
1.0835232036E8 8.9901025045E7 2.5285563E7 489985.712
1.0561147814E8 1.2003561465E8 2.1018769E7 7.819127713E7
1.144947788E8 1.25382476E8 1.9829423E7 3.56251594E7
1.1068176609999998E8 1.49143784E8 1.9170394E7 5.5903116E7
1.1692061129000002E8 1.137352816E8 1.9493006E7 8.00513511E7
1.1783232157399996E8 8.309706329E7 2.2882006E7 4.2386755146E7
1.10225463518E8 8.269962804920001E7 2.3379726E7 1.294036431032E8
1.13212251135E8 8.008986056390001E7 2.2730557E7 1.557225145423E8
1.1239549084E8 9.026827938E7 2.4105276E7 1974445.08
1.0595548752E8 1.53785668E8 1.9842207E7 4.72371345E7
8.525526489660001E7 1.1061424661797E8 3.2504446E7 4.194365342825E7
1.24402644832E8 7.5670788679E7 2.0891858E7 1.30977910803E8
1.06400529133E8 1.062982662E8 2.2889938E7 1.1163022865E7
1.2709908346E8 7.313960075E7 2.024269E7 1.746044418E8
1.2747584758E8 8.041074619999999E7 1.9274264E7 1.8477782011E8
1.0187076531000005E8 1.072813152E8 2.4078454E7 1.0224081454E7
1.08411314829E8 8.504681476439999E7 2.3455764E7 1.195209757596E8
1.2316584112399998E8 7.34223774444E7 2.093164E7 1.837610610613E8
1.1403449493E8 1.0868596791E8 2.0341005E7 6.26812907E7
1.0793177609E8 9.509403917E7 2.409748E7 4120029.37
1.164724526E8 1.32604539E8 1.926162E7 4.42423411E7
1.0640094279E8 1.29489247E8 2.0865956E7 2.642462127E7
1.0305274476000002E8 1.55867573E8 2.0379792E7 4.53062919E7
1.122793542E8 1.25405605E8 1.9380424E7 1.0492500375E8
9.303019376E7 1.4036799E8 2.4368753E7 2.669491534E7
1.1281224003000002E8 9.373663692E7 2.3460636E7 4462411.07
1.0014218903E8 9.6995856995E7 2.7372859E7 759615.091
1.11678414333E8 8.6321133671E7 2.4602197E7 1.1767380544E7
8.710689520000002E7 1.81753511E8 2.4863803E7 5.8647199E7
8.910660532E7 1.331956674E8 2.6642301E7 1.9160145880000003E7
9.690079354E7 1.0322939814E8 2.7201063E7 3435811.1368
1.1906152758600004E8 7.571956526509999E7 2.1542402E7 1.754990735017E8
1.061072489E8 9.05424011147E7 2.6106542E7 2621028.6827
7.450474310000001E7 1.599799352E8 4.1529042E7 1.328338433E7
1.2304642052E8 7.440851459E7 2.0752106E7 1.61441441889E8
9.689508641E7 1.48562425E8 2.24027E7 3.64542155E7
1.2063950607499996E8 8.371600221000001E7 2.1898432E7 6.2689381944E7
1.14457213E8 1.38609819E8 1.9284688E7 4.14855461E7
1.2263975662E8 8.457547018E7 2.1092403E7 8.40859828E7
8.965043037699999E7 1.0470404462729E8 3.0469228E7 5.429657036437E7
1.118519175E8 1.042427925E8 2.2224342E7 1.11668353E7
1.23116482058E8 8.028321657E7 2.0798868E7 1.10050028307E8
1.165040826E8 8.65511634E7 2.3499131E7 1.721358589E7
1.2162827624000002E8 8.03228627E7 2.1556332E7 8.590354462E7
1.1061856413E8 1.17432899E8 2.1097167E7 1.9631736934E7
1.0789543985E8 1.046633319E8 2.2770184E7 1.0545830236799998E7
9.8144134042E7 9.47529980394E7 2.7208976E7 8.73410206048E7
1.0782410806E8 1.24080471E8 2.0992289E7 2.3243853604E7
1.22844532256E8 8.020321699E7 2.0441837E7 1.2709473983E8
1.1265548245899996E8 8.695970811549E7 2.5035825E7 1279953.36793
1.1638583826300004E8 9.433447809E7 2.228596E7 2.4775625029E7
1.1047406822E8 1.34103321E8 1.9868849E7 3.44117703E7
1.1615755626000002E8 8.1171289E7 2.1532827E7 1.120593186E8
8.303440465E7 1.255462471E8 3.1083627E7 8583900.781
1.1506698589E8 8.279583378E7 2.2546596E7 6.44757764E7
9.79035401E7 1.69051437E8 2.1489766E7 6.051202E7
9.079139895E7 1.371009316E8 2.5293142E7 6.296546599E7
8.077405161000001E7 1.7759508E8 2.7589227E7 4.1307168400000006E7
1.1784204492799996E8 7.65688455152E7 2.1714046E7 1.697104731605E8
8.318500495999998E7 1.60362592E8 2.7300374E7 3.222509243E7
8.645658145E7 1.5837545E8 2.5936662E7 3.344665248E7
8.429875276000002E7 1.62934144E8 2.6506865E7 4.28177626E7
8.1375406653E7 1.2082809401E8 3.3843797E7 2754274.197
1.1968603085E8 8.48810521E7 1.986692E7 1.8254565718E8
1.0386437643E8 1.258437704E8 2.1167197E7 7.954769968E7
1.0590807703E8 1.12642628E8 2.2298967E7 1.5435130174E7
7.713958509000002E7 1.429022401E8 3.2895978E7 1.6006226010000002E7
1.05691119426E8 1.009112007E8 2.3749911E7 7314928.6745
9.16470921E7 1.76394014E8 2.3351187E7 5.9292924E7
1.0586857791E8 1.21046972E8 2.1582455E7 2.0751980548E7
9.44322775E7 1.47167733E8 2.3279709E7 3.83136071E7
9.065401198E7 1.45399206E8 2.4981433E7 2.815566373E7
7.304280215E7 1.802746313E8 4.2076207E7 2.36764331E7
1.0629240682000002E8 9.0008649505E7 2.5293903E7 9471665.8682
1.1773570869E8 1.101781953E8 1.98375E7 6.70576498E7
1.1286022137E8 1.0134640142E8 2.1616862E7 3.588223044E7
8.456868851000002E7 1.5593585E8 2.6896297E7 3.12243198E7
9.093387370000002E7 1.54846008E8 2.4194306E7 3.87558187E7
7.870033668E7 1.82484905E8 2.8475305E7 4.33041727E7
7.662588786999999E7 1.80688711E8 3.0102136E7 4.05211408E7
1.1452407216E8 8.27251248E7 2.2433284E7 7.254041106E7
7.523899281E7 1.584450691E8 3.5174564E7 2.117089252E7
1.1921759886200002E8 7.9661227803E7 2.0533766E7 1.61335622617E8
7.312891182E7 1.919782743E8 3.9472907E7 3.32067058E7
1.0845674238000004E8 9.92189914E7 2.3345057E7 7145281.29
1.144316659E8 1.20339014E8 2.0495911E7 2.21523993E7
1.1477928133E8 1.28888134E8 1.9832214E7 2.95508971E7
1.2302239425E8 8.241727838000001E7 2.0312567E7 1.2247589082E8
1.1598385973999998E8 1.101562511E8 2.0251028E7 5.2932372E7
1.1936197745999998E8 1.075188716E8 1.9840052E7 7.103196252E7
1.2466722785999998E8 8.181597215E7 2.0462291E7 1.1457073878E8
1.17215241235E8 8.3677236779E7 2.3301115E7 3.14889523315E7
1.1934050255E8 1.136150202E8 1.9288376E7 8.499023816E7
1.2672468072E8 8.37541665E7 1.9266994E7 1.6717324074E8
7.89335648E7 1.7865143E8 2.8381042E7 4.55563874E7
9.958491293600002E7 1.0038442874E8 2.637026E7 3380077.7396
1.0651512454E8 9.1879280089E7 2.5267943E7 1074741.943
8.7452133262E7 1.11156289161E8 3.238668E7 868550.425
1.2498396105000004E8 8.150444348E7 1.9817439E7 1.4578149391E8
1.166472533E8 1.0488357156E8 2.048421E7 5.619343831E7
1.1870441291E8 1.151123009E8 1.9214893E7 8.870787099E7
1.1501851739000002E8 8.48809999E7 2.2736628E7 4.805991403E7
9.9982414E7 1.47202506E8 2.1367402E7 4.76644712E7
1.1494544330000004E8 1.009742297E8 2.2299867E7 9521459.2
1.044180308E8 1.64048185E8 1.9880203E7 6.3318065E7
1.084491328E8 1.1343262138E8 2.0851805E7 6.552329771E7
1.06290644501E8 8.63704549496E7 2.4576641E7 1.137046739205E8
1.2618883256281E8 7.68595293851E7 2.0336378E7 1.4034322128763E8
1.0443509778E8 9.323389386E7 2.5716764E7 1357877.531
9.36630337E7 1.71053232E8 2.2728895E7 5.8032372E7
1.2540370152999996E8 8.014216838E7 1.9753241E7 1.5531449493E8
8.134127836999999E7 1.43831081E8 2.9701505E7 1.947981852E7
9.372651396E7 1.171047894E8 2.6362068E7 1.1304042767E7
1.0355857415E8 1.26873389E8 2.1660548E7 2.384977547E7
1.2066227928E8 8.266955359E7 2.0369675E7 1.3094594219E8
1.0198839100000004E8 1.57312305E8 2.0594699E7 4.58616698E7
1.04356339859E8 1.018282102E8 2.4004659E7 7392044.750999999
1.1273335301999998E8 8.500282733E7 2.3246985E7 4.312700565E7
7.833575326E7 1.501768354E8 3.0876188E7 2.171688868E7
9.042352498E7 1.346098545E8 2.5912211E7 2.109425862E7
1.039960436134E8 9.544668364E7 2.5296249E7 2693569.5444
8.718880867E7 1.187177635E8 2.9597744E7 7304997.197
1.1121822207E8 8.37288794E7 2.2730094E7 8.943534524E7
1.1433157582999998E8 9.08822515E7 2.3503695E7 7949907.5
1.1030095248E8 9.241698374E7 2.406237E7 2998020.84
1.104910304E8 1.5165903E8 1.9203427E7 5.3930762E7
1.1447417419000004E8 9.64927845E7 2.2897429E7 6441292.300000001
1.10002034928E8 1.117083509E8 2.1670364E7 1.5905454569E7
1.061264699E8 1.240611218E8 2.0749462E7 6.02447229E7
7.932536357E7 1.2876680008E8 3.3386547E7 7454325.306000001
1.105775673835E8 1.051055274E8 2.2262747E7 1.16869570664E7
9.7810788494E7 1.061996678E8 2.6037081E7 6688562.36
1.1651046366E8 1.044119502E8 2.0942987E7 3.972807024E7
9.392093150800002E7 1.0440790925E8 2.8660144E7 2234339.8945
7.676517989000002E7 1.571930555E8 3.1447761E7 2.528613085E7
1.043981513E8 1.102708043E8 2.2894516E7 1.356238962E7
1.1310396716099998E8 8.282723495300001E7 2.1810629E7 1.48533020443E8
1.0438913113E8 1.191525294E8 2.2074506E7 1.8996043908E7
9.9600181652E7 1.046084571E8 2.5456883E7 6838305.225
8.146478847000001E7 1.435382565E8 2.9459346E7 4.184608535E7
1.2506489441E8 8.22150309E7 1.9269765E7 1.9890866964E8
1.106860795E8 1.002774689E8 2.2832622E7 8385544.6
1.142206647E8 1.073400899E8 2.165242E7 1.37325448E7
1.16798516266E8 7.9708113705E7 2.1171001E7 1.486676676614E8
9.928279491E7 1.20031379E8 2.3632476E7 1.734942184E7
1.0438528608E8 9.798316089E7 2.4560322E7 5556106.63
1.1571335445000002E8 1.1852112E8 2.0487029E7 2.31545924E7
7.78470665E7 1.594157186E8 3.0326656E7 2.80616748E7
1.0872473643E8 1.305745018E8 1.9769047E7 1.040653236E8
1.0985525843299998E8 8.7314524671E7 2.5180014E7 7559348.244
