1.086944456599999964e+08 1.161135775000000000e+08 2.140690200000000000e+07 2.005699580000000075e+07
1.140951825799999982e+08 9.792266779999999702e+07 2.273466500000000000e+07 7.414450600000000559e+06
1.158496072099999934e+08 1.269951160000000000e+08 1.986769600000000000e+07 2.910721739999999851e+07
1.177443141902000010e+08 8.382334813131999969e+07 2.322458600000000000e+07 3.113965494441999868e+07
1.149378284000000209e+08 1.016393795000000000e+08 2.222572900000000000e+07 9.939844099999999627e+06
1.273846413799999952e+08 7.300841196999999881e+07 2.021150500000000000e+07 1.771331484600000083e+08
1.147629068700000048e+08 9.249738670000000298e+07 2.345774200000000000e+07 3.740069729999999981e+06
1.163855545400000215e+08 1.109011837000000030e+08 2.105074500000000000e+07 1.995001869999999925e+07
9.400714137000000477e+07 1.030722733379999995e+08 2.977148700000000000e+07 7.908922719999999972e+05
1.223096895869999975e+08 7.864879621999999881e+07 2.146959100000000000e+07 9.629639239699999988e+07
1.263156965199999958e+08 8.161319367000000179e+07 1.985070900000000000e+07 1.400766951200000048e+08
1.146890497000000179e+08 1.203748740000000000e+08 2.048508000000000000e+07 2.213886260000000149e+07
1.165597186200000048e+08 1.049288490999999940e+08 2.164910400000000000e+07 1.558363450000000000e+07
8.128391070000000298e+07 1.893918570000000000e+08 2.707824600000000000e+07 5.530072910000000149e+07
1.201062493920000046e+08 7.914162604299999774e+07 2.181351500000000000e+07 8.918067812000000477e+07
1.121470138900000006e+08 9.083569593000000715e+07 2.405436100000000000e+07 2.198107890000000130e+06
1.052865407099999934e+08 9.353191846999999881e+07 2.523892200000000000e+07 1.892658860000000102e+06
1.187816748499999940e+08 1.060654065999999940e+08 2.013565100000000000e+07 6.264766309000000358e+07
1.088402521200000048e+08 9.921609509999999404e+07 2.326879700000000000e+07 7.293872989999999292e+06
1.043980399500000179e+08 9.421842250000000000e+07 2.544760000000000000e+07 1.942313982000000076e+06
1.228743991500000358e+08 8.400523764000000060e+07 2.102433300000000000e+07 8.801621834000000358e+07
8.123907378000000119e+07 1.807399020000000000e+08 2.724362400000000000e+07 4.477576100000000000e+07
1.163543951800000072e+08 9.676729940000000596e+07 2.226219200000000000e+07 1.876818433999999985e+07
1.013821009430000037e+08 9.831418117000000179e+07 2.587785900000000000e+07 3.225588896300000139e+06
1.146525075999999940e+08 1.355304430000000000e+08 1.923506500000000000e+07 4.611177389999999851e+07
8.145050503000000119e+07 1.168915556400000006e+08 3.446611000000000000e+07 2.797149153700000048e+07
1.230880269399999976e+08 8.218331873000000417e+07 2.095736400000000000e+07 9.641439537000000477e+07
1.015066478700000048e+08 1.459706150000000000e+08 2.116382800000000000e+07 3.513207938000000268e+07
1.164696582999999970e+08 1.238862720000000000e+08 1.978613000000000000e+07 3.598747089999999851e+07
1.109646165199999958e+08 9.988640209999999404e+07 2.286438500000000000e+07 8.049120000000000000e+06
1.078256170000000000e+08 9.648997790000000596e+07 2.391380800000000000e+07 4.929625360000000335e+06
1.117712777000000030e+08 9.654449800000000000e+07 2.266846400000000000e+07 2.026082600000000000e+07
1.120796849099999964e+08 1.110841334699999988e+08 2.037786100000000000e+07 6.605761996999999881e+07
7.801076176000000536e+07 1.869788430000000000e+08 2.887040900000000000e+07 4.745752350000000000e+07
1.000115488550000042e+08 9.721532417200000584e+07 2.822166300000000000e+07 3.333428290000000270e+05
1.158004701099999994e+08 8.093549773999999464e+07 2.209408500000000000e+07 8.970596637999999523e+07
1.159906472999999970e+08 1.169219230000000000e+08 2.046265000000000000e+07 2.627178050000000000e+07
1.102540228390000165e+08 8.263655692419999838e+07 2.356247200000000000e+07 1.320645872929999977e+08
7.429293789000000060e+07 1.622376739000000060e+08 4.201320500000000000e+07 1.384365716000000015e+07
7.471292001999999583e+07 1.827918530000000000e+08 3.412604500000000000e+07 3.565627540000000596e+07
1.141193196500000060e+08 1.287529420000000000e+08 1.981658900000000000e+07 3.122699680000000075e+07
1.085821168110000342e+08 1.048640245000000000e+08 2.261027300000000000e+07 1.094356656670000032e+07
1.278960735499999970e+08 7.302326190999999642e+07 2.019620600000000000e+07 1.749276921500000060e+08
1.186565168780000061e+08 7.603416694629999995e+07 2.146834600000000000e+07 1.800368801105999947e+08
1.077301588100000024e+08 1.465053310000000000e+08 1.982541300000000000e+07 3.999827510000000149e+07
8.382775107000000775e+07 1.516270935999999940e+08 2.755425000000000000e+07 2.825715189999999851e+07
1.155930188199999928e+08 8.394903515800000727e+07 2.382421400000000000e+07 2.650764018380000070e+07
1.124991616500000060e+08 1.258753609000000060e+08 1.933710200000000000e+07 1.061272673400000036e+08
1.101108290699999779e+08 1.247961180000000000e+08 2.060064000000000000e+07 2.428544324900000170e+07
1.121254506700000018e+08 1.349849220000000000e+08 1.967851600000000000e+07 3.476541410000000149e+07
1.138739356899999976e+08 1.322561380000000000e+08 1.978969900000000000e+07 2.969823752699999884e+07
7.323705243000000715e+07 1.864617538000000119e+08 3.918580500000000000e+07 3.075208919999999925e+07
1.249167249800000042e+08 7.587657270000000298e+07 2.014469400000000000e+07 1.641300063000000119e+08
1.187680382800000012e+08 8.313962300000000000e+07 2.200180200000000000e+07 6.523724220000000298e+07
1.071566449000000060e+08 8.719203597499999404e+07 2.435772200000000000e+07 4.534404840500000119e+07
1.104227219500000030e+08 1.281956040000000000e+08 2.033705500000000000e+07 2.654485032000000030e+07
1.113894534700000435e+08 8.732998337000000477e+07 2.504859700000000000e+07 2.323977629999999888e+06
1.208052707100000232e+08 8.180123170999999344e+07 1.989379100000000000e+07 1.944819494699999988e+08
8.240591790000000596e+07 1.466521976999999881e+08 2.875557400000000000e+07 2.271874271000000089e+07
1.124454961000000238e+08 1.436462030000000000e+08 1.928959000000000000e+07 4.392643160000000149e+07
1.185082840300000012e+08 1.121869139000000060e+08 1.945941600000000000e+07 8.008429714000000060e+07
1.168329871500000060e+08 9.913638654000000656e+07 2.154575400000000000e+07 3.291720201000000164e+07
9.327357700499999523e+07 1.069815449200000018e+08 2.829543500000000000e+07 3.929321158999999985e+06
8.693473187999999523e+07 1.124449532479999959e+08 3.222043600000000000e+07 9.179770330000000540e+05
1.252951803760000020e+08 7.476545047300000489e+07 2.066100200000000000e+07 1.440932134620000124e+08
8.345236429000000656e+07 1.176398400840000063e+08 3.373490500000000000e+07 1.116336442999999970e+06
7.932232120000001788e+07 1.252088941099999994e+08 3.448040900000000000e+07 4.667649145000000484e+06
1.272395136400000006e+08 8.410948140000000596e+07 1.928866200000000000e+07 1.621256542299999893e+08
8.778905487900000811e+07 1.071067236692799926e+08 3.129317200000000000e+07 4.860728676088000089e+07
1.059357539969999939e+08 9.055527923549999297e+07 2.614343700000000000e+07 3.068044162400000263e+06
7.692268756000000238e+07 1.469554930999999940e+08 3.251558100000000000e+07 1.842279321999999881e+07
1.180985187099999934e+08 8.341213913000001013e+07 2.029177600000000000e+07 1.828336754199999869e+08
9.567947215000000596e+07 1.114834394000000060e+08 2.617984500000000000e+07 9.191519528000000864e+06
1.137077105999999940e+08 1.082223167000000030e+08 2.160034400000000000e+07 1.426079809999999963e+07
7.923494470000000298e+07 1.880438880000000000e+08 2.807247100000000000e+07 5.019979429999999702e+07
1.256481211500000060e+08 8.024168068999999762e+07 2.032386500000000000e+07 1.251830114300000072e+08
1.187459272199999839e+08 1.177449080999999940e+08 1.908333800000000000e+07 9.427282159999999404e+07
1.125189310999999940e+08 1.056396407000000030e+08 2.199333300000000000e+07 1.223462430000000075e+07
1.266579405999999940e+08 7.569736920000000298e+07 2.028127400000000000e+07 1.493041806899999976e+08
1.074341783000000417e+08 1.404871410000000000e+08 1.988285000000000000e+07 4.416247539999999851e+07
1.017589856700000167e+08 9.509143060300000012e+07 2.685671100000000000e+07 1.016072138000000035e+06
1.160193729000000060e+08 8.629189860999999940e+07 2.404508400000000000e+07 7.440948740000000224e+06
1.106647495000000000e+08 1.546189770000000000e+08 1.909568000000000000e+07 5.999018400000000000e+07
1.272197268400000036e+08 7.693728476999999583e+07 1.982303800000000000e+07 1.651139098700000048e+08
7.303251946999999881e+07 1.804981806999999881e+08 4.199950800000000000e+07 2.389984110000000149e+07
1.097855796700000018e+08 1.374583600000000000e+08 1.976525700000000000e+07 3.791880470000000298e+07
1.006315873700000048e+08 9.387500137000000477e+07 2.695806900000000000e+07 1.461637423000000045e+07
1.171905477599999756e+08 1.035292615499999970e+08 2.086524900000000000e+07 4.361732817999999970e+07
1.135081180100000054e+08 8.594021198999999464e+07 2.347405100000000000e+07 2.883547182000000030e+07
1.248650148799999952e+08 8.330523829999999702e+07 1.945999900000000000e+07 1.628478248499999940e+08
1.043782111099999994e+08 1.364010210000000000e+08 2.078624600000000000e+07 3.268565380000000075e+07
7.872033793000000715e+07 1.378420269000000060e+08 3.218073000000000000e+07 1.349123805000000075e+07
1.083592762999999970e+08 1.624685120000000000e+08 1.928595800000000000e+07 6.506537800000000000e+07
7.568414070000001788e+07 1.527079174799999893e+08 4.389069500000000000e+07 6.308035389000000432e+06
9.279631960999998450e+07 1.142971477999999970e+08 2.717612100000000000e+07 8.901479084000000730e+06
1.236974654800000042e+08 8.242514821000000834e+07 2.026067800000000000e+07 1.228699899000000060e+08
1.231213192169999927e+08 7.610783595600000024e+07 2.018055700000000000e+07 1.886423240850000083e+08
1.273679764399999529e+08 7.857502567000000179e+07 1.988707700000000000e+07 1.505156949900000095e+08
8.056265259000000358e+07 1.263513747300000042e+08 3.287755100000000000e+07 6.443746809000000358e+06
1.059875462999999970e+08 1.554150330000000000e+08 1.976166100000000000e+07 5.050186400000000000e+07
1.239856329399999976e+08 7.848028890000000596e+07 2.089711900000000000e+07 1.133062293100000024e+08
1.273838429399999976e+08 8.312797890000000596e+07 1.919359900000000000e+07 1.744462334300000072e+08
7.609882668000000715e+07 1.686862320000000000e+08 3.122282000000000000e+07 3.245261480000000075e+07
1.074760669000000060e+08 1.220815430000000000e+08 2.117063200000000000e+07 2.232337703000000119e+07
1.035635194500000030e+08 1.142800547000000030e+08 2.272845500000000000e+07 1.557690460500000045e+07
1.075958492600000203e+08 1.230183920000000000e+08 2.098958200000000000e+07 2.586200119999999925e+07
1.125406151300000399e+08 9.622113279999999702e+07 2.313666000000000000e+07 6.014967620000000112e+06
7.890783406999999285e+07 1.272626714699999988e+08 3.417685700000000000e+07 8.836406472999999300e+06
1.225114587850000411e+08 8.001439253499999642e+07 2.069778600000000000e+07 1.172169502450000048e+08
1.190298823520000428e+08 8.531590642000000179e+07 2.238813600000000000e+07 4.518405558299999684e+07
9.947853232999999821e+07 9.330554299220000207e+07 2.677505600000000000e+07 9.331881131129999459e+07
9.045551818999999762e+07 1.187140080000000000e+08 2.770877900000000000e+07 1.030003535300000012e+07
1.126316537810000032e+08 1.150337177999999970e+08 2.104900600000000000e+07 1.895960214999999851e+07
7.836583513000002503e+07 1.677831930000000000e+08 2.936455300000000000e+07 3.342001630000000075e+07
1.195327466700000465e+08 1.132235492999999970e+08 1.928765800000000000e+07 8.564060901000000536e+07
9.885841279999999702e+07 1.679323090000000000e+08 2.123135000000000000e+07 6.072072300000000000e+07
1.158733159800000042e+08 1.176133837999999970e+08 1.930374500000000000e+07 9.162451087000000477e+07
1.153643283799999803e+08 8.180537975000000000e+07 2.241443000000000000e+07 7.391333976399999857e+07
1.209786183499999940e+08 8.369712407999999821e+07 2.160839100000000000e+07 7.149989217000000179e+07
1.196666829800000042e+08 8.309668700000000000e+07 2.004383400000000000e+07 1.710506239799999893e+08
1.178222916300000399e+08 8.030460909000000358e+07 2.170544700000000000e+07 9.566420682999999821e+07
1.095335003100000024e+08 1.119378070999999940e+08 2.119894200000000000e+07 3.755977670000000298e+07
1.100576440000000000e+08 8.743113109000000358e+07 2.432183300000000000e+07 1.755457989999999851e+07
1.064024513199999928e+08 1.099562262999999970e+08 2.213205600000000000e+07 2.748983739999999851e+07
8.299296407000000775e+07 1.746505620000000000e+08 2.659448200000000000e+07 4.402696710000000149e+07
1.246240436500000060e+08 7.301349246999999881e+07 2.085988300000000000e+07 1.733123698810000122e+08
1.042295579633999765e+08 9.537562023999999464e+07 2.521048300000000000e+07 2.766362244400000200e+06
1.154295871799999774e+08 1.239520754000000060e+08 1.909214400000000000e+07 1.057427025000000000e+08
1.059629687660000175e+08 1.040097727999999970e+08 2.324337000000000000e+07 9.702152468000000343e+06
9.708804864000001550e+07 1.004823629660000056e+08 2.828415600000000000e+07 8.105597759999999544e+05
1.106716486700000465e+08 8.992791192999999225e+07 2.452954600000000000e+07 1.155341570000000065e+06
7.286100123000000417e+07 1.856247819000000060e+08 4.153797700000000000e+07 2.732441960000000149e+07
1.123372192699999958e+08 1.226684280000000000e+08 2.047386200000000000e+07 2.383483896000000089e+07
7.510165239000001550e+07 1.551835174000000060e+08 4.271853100000000000e+07 9.160835460000000894e+06
1.196052751579999775e+08 7.597069676319999993e+07 2.105786500000000000e+07 1.713111421649000049e+08
9.470517241000004113e+07 1.576284480000000000e+08 2.265981500000000000e+07 5.091491820000000298e+07
1.044691721893000454e+08 9.047914519437000155e+07 2.520091500000000000e+07 2.800613604653999954e+07
1.193562897459999770e+08 8.479084376000000536e+07 2.226903800000000000e+07 4.980197325100000203e+07
1.162784252999999970e+08 1.006851660999999940e+08 2.226779600000000000e+07 9.454285000000000000e+06
8.333395565999999642e+07 1.874292090000000000e+08 2.624847600000000000e+07 5.774524900000000000e+07
8.967649567800000310e+07 1.094989580400000066e+08 3.007971000000000000e+07 2.707687474300000351e+06
8.134786934000000358e+07 1.200094678799999952e+08 3.463469400000000000e+07 1.755413537000000011e+06
1.090955727900000066e+08 8.658180020000000298e+07 2.313120500000000000e+07 7.620615779999999702e+07
7.697004986099998653e+07 1.476185816500000060e+08 4.404890700000000000e+07 3.416963731000000145e+06
1.084399103999999762e+08 9.026274242100000381e+07 2.502416700000000000e+07 8.465251080000000075e+05
8.438012796999999881e+07 1.190841091500000060e+08 3.142087200000000000e+07 5.231592817999999039e+06
1.056587038016999960e+08 9.547093884999999404e+07 2.464005600000000000e+07 3.608556015800000168e+06
7.648446131999999285e+07 1.715055620000000000e+08 3.052796600000000000e+07 3.549730329999999702e+07
1.077168923400000036e+08 9.268619490000000596e+07 2.461154300000000000e+07 2.324186189999999944e+06
1.178235389500000030e+08 8.150234420000000298e+07 2.124456200000000000e+07 1.090465550999999940e+08
1.162269649130000174e+08 8.518346440000000596e+07 2.101909100000000000e+07 1.162522685579999983e+08
1.142993274490000010e+08 8.683027795600000024e+07 2.471470500000000000e+07 2.156341602999999886e+05
1.227276860199999809e+08 8.392685587999999523e+07 2.016257100000000000e+07 1.251213559200000018e+08
9.612258589000000060e+07 1.015770750799999982e+08 2.810864200000000000e+07 1.774702837000000058e+06
8.559669440000000596e+07 1.146911796229999959e+08 3.312654600000000000e+07 6.704265990000000456e+05
9.787639851999999583e+07 9.642472317000000179e+07 2.812035000000000000e+07 1.434460161800000072e+07
9.017823771999999881e+07 1.077175316990000010e+08 3.067338500000000000e+07 1.240964503999999957e+06
1.027095605999999940e+08 1.573844950000000000e+08 2.039727400000000000e+07 4.724027620000000298e+07
8.559190356119999290e+07 1.101293060553099960e+08 3.234062600000000000e+07 4.265524762755999714e+07
9.918873519200000167e+07 1.012346821899999976e+08 2.636814800000000000e+07 3.785207075100000016e+06
7.939175011000001431e+07 1.302192942999999970e+08 3.299164500000000000e+07 8.548228501999998465e+06
