9.948019304999999702e+07 9.769919583599999547e+07 2.738934400000000000e+07 1.034470721000000020e+06
1.191073927800000161e+08 1.175363035000000000e+08 1.905217500000000000e+07 9.748115220000000298e+07
1.256044661099999845e+08 8.354388920000000298e+07 1.988394000000000000e+07 1.324786671899999976e+08
1.147653305000000000e+08 1.025652780999999940e+08 2.213566100000000000e+07 1.050197130000000075e+07
1.124334750000000000e+08 1.456657730000000000e+08 1.911292500000000000e+07 5.248319800000000000e+07
8.987015912000000477e+07 1.082866588490000069e+08 3.129453400000000000e+07 6.977172970000000205e+05
1.062713579399999976e+08 1.537061500000000000e+08 1.974882400000000000e+07 4.935466139999999851e+07
1.149172955000000447e+08 9.311425000000000000e+07 2.277748700000000000e+07 1.783501669999999925e+07
1.065058228299999982e+08 1.374688550000000000e+08 2.040135300000000000e+07 3.177988526000000164e+07
1.064632926099999845e+08 1.141168855999999940e+08 2.205061300000000000e+07 1.648442145700000040e+07
1.189365340400000066e+08 1.045439200000000000e+08 2.044384300000000000e+07 5.396482900999999791e+07
1.080519709000000060e+08 1.112240582999999970e+08 2.202792500000000000e+07 1.501773769700000063e+07
1.149004431299999952e+08 9.276202809999999404e+07 2.339035200000000000e+07 4.040863200000000186e+06
8.103290980000001192e+07 1.187417017600000054e+08 3.427360700000000000e+07 2.785163773099999875e+07
1.248398617399999946e+08 7.908446912999999523e+07 2.044192700000000000e+07 1.266820462199999988e+08
1.265043821400000155e+08 7.995900535000000894e+07 1.983496400000000000e+07 1.479162576200000048e+08
1.161699834299999774e+08 1.265975690000000000e+08 1.987713100000000000e+07 2.894163969999999925e+07
1.161227494899999946e+08 1.254407980000000000e+08 1.985345500000000000e+07 3.112292580000000075e+07
1.170763624000000060e+08 1.304471020000000000e+08 1.927514300000000000e+07 4.625620470000000298e+07
1.139214095000000000e+08 1.079078385999999940e+08 2.161533000000000000e+07 1.409091909999999963e+07
1.208205980199999958e+08 8.461865885000000894e+07 2.146145900000000000e+07 7.363601150000000000e+07
1.251135032999999970e+08 8.464582070000000298e+07 2.006949200000000000e+07 1.210475760999999940e+08
1.172991646200000048e+08 1.013131946599999964e+08 2.109184500000000000e+07 4.142888429999999702e+07
1.084512992140000165e+08 1.045044572000000030e+08 2.267951800000000000e+07 1.063879975089999847e+07
1.126156190020000041e+08 1.170299060000000000e+08 2.090440500000000000e+07 1.978816577690000087e+07
1.131825490000000000e+08 1.426025130000000000e+08 1.917706600000000000e+07 4.760114500000000000e+07
1.269147545900000185e+08 7.266083518000000715e+07 2.031848200000000000e+07 1.796139508600000143e+08
1.124999997000000030e+08 1.094853622000000030e+08 2.159328000000000000e+07 1.484605919999999925e+07
1.201580955600000024e+08 8.359671467000000179e+07 2.031360800000000000e+07 1.335757645000000000e+08
1.249932123599999994e+08 7.290703492700000107e+07 2.083163100000000000e+07 1.726503620769999921e+08
1.111647702000000179e+08 1.252547170000000000e+08 2.044279200000000000e+07 2.479723842300000042e+07
1.019004216969999969e+08 9.120833803149999678e+07 2.552247900000000000e+07 1.018933884732999951e+08
1.252868845199999958e+08 8.350766490000000596e+07 1.915678600000000000e+07 2.102771672299999893e+08
1.085919267999999970e+08 1.553096550000000000e+08 1.927928800000000000e+07 6.158872700000000000e+07
1.177669357500000000e+08 9.771628525000000000e+07 2.166647500000000000e+07 3.170843373000000045e+07
1.149581076700000018e+08 1.009152429000000060e+08 2.217254600000000000e+07 1.274416859999999963e+07
1.270907726499999762e+08 8.299619250000000000e+07 1.927939400000000000e+07 1.682178630800000131e+08
7.719355767000000179e+07 1.848838080000000000e+08 2.949338300000000000e+07 4.454971400000000000e+07
1.061904347099999934e+08 9.309464315000000596e+07 2.498111100000000000e+07 2.114466490000000224e+06
7.925330711999998987e+07 1.253049329699999988e+08 3.446222600000000000e+07 6.052365673000000417e+06
8.958439540000000596e+07 1.786274210000000000e+08 2.402213500000000000e+07 5.894297000000000000e+07
7.906593933000001311e+07 1.267136190900000036e+08 3.424714900000000000e+07 5.653644883999999613e+06
1.149508020000000000e+08 1.391843820000000000e+08 1.907917200000000000e+07 5.081011300000000000e+07
1.117287678100000173e+08 1.053277154200000018e+08 2.123893800000000000e+07 4.391340347999999672e+07
7.883609390000000596e+07 1.873318420000000000e+08 2.831780600000000000e+07 4.911608670000000298e+07
1.168661880799999833e+08 9.666892951999999583e+07 2.204658200000000000e+07 2.432208642999999970e+07
1.173759383099999577e+08 1.103688750000000000e+08 1.971175000000000000e+07 7.481163301000000536e+07
1.083494560999999940e+08 1.226631277999999970e+08 2.015792100000000000e+07 9.086744843000000715e+07
7.709104718999999762e+07 1.377826675999999940e+08 3.637767300000000000e+07 8.569835629999998957e+06
1.137749191200000048e+08 8.141678838899999857e+07 2.248794200000000000e+07 9.049149257299999893e+07
1.156811834000000060e+08 1.165516500000000000e+08 2.044267700000000000e+07 2.833670960000000149e+07
1.198111812800000012e+08 8.192008840000000596e+07 2.203828400000000000e+07 6.689724403999999911e+07
1.135783707500000000e+08 9.707005070000000298e+07 2.289312000000000000e+07 6.837621599999999627e+06
1.264437454300000072e+08 7.533034079999999702e+07 1.988727200000000000e+07 1.807837215000000000e+08
1.191213280400000066e+08 8.482309009999999404e+07 2.284387600000000000e+07 3.447036396000000089e+07
9.184067159000000358e+07 1.056212340770000070e+08 3.064483200000000000e+07 7.813372169999999460e+05
1.125320825999999940e+08 9.805854629999999702e+07 2.288243500000000000e+07 7.280901200000000186e+06
1.210115544699999988e+08 8.325396590000000596e+07 2.098438700000000000e+07 9.577687459999999404e+07
7.497343204999999702e+07 1.565926279000000060e+08 3.797369400000000000e+07 1.615639696000000089e+07
1.107400117999999970e+08 1.260413670000000000e+08 2.042126000000000000e+07 2.549483082000000030e+07
1.061229612789999992e+08 1.013174755999999940e+08 2.355936000000000000e+07 7.972778991000000387e+06
1.100285013709999770e+08 1.119066809000000060e+08 2.164800600000000000e+07 1.604257159799999930e+07
9.482163942100000381e+07 1.063370122699999958e+08 2.754404200000000000e+07 4.630914966000000946e+06
1.101307803400000185e+08 9.625480359999999404e+07 2.347493400000000000e+07 5.532844619999999180e+06
1.122213910099999756e+08 1.342350990000000000e+08 1.983080100000000000e+07 3.075862250000000000e+07
1.133953141299999952e+08 8.537412900000000000e+07 2.267035700000000000e+07 5.658301889999999851e+07
7.631076771000000834e+07 1.498537485000000000e+08 4.398283400000000000e+07 4.681459713000000454e+06
1.209193760170000046e+08 7.885538160899999738e+07 2.159532600000000000e+07 9.466477204500000179e+07
8.506038134000000358e+07 1.847951230000000000e+08 2.559677000000000000e+07 5.812671600000000000e+07
1.124198125770000219e+08 8.738424501700000465e+07 2.505588000000000000e+07 2.799324057000000030e+05
1.216416637900000066e+08 8.418891304000000656e+07 2.161675900000000000e+07 6.875659617000000179e+07
1.240066393559999764e+08 7.999450839000000060e+07 2.082861000000000000e+07 1.085774934169999957e+08
1.042216205100000054e+08 9.708809523000000417e+07 2.484326100000000000e+07 4.016553973000000231e+06
1.156760701200000197e+08 1.113190235000000000e+08 2.104546500000000000e+07 2.008318539999999851e+07
9.789182373000001907e+07 9.945459487899999321e+07 2.827894900000000000e+07 5.645269799999999814e+05
1.206419375199999660e+08 8.553643087000000477e+07 2.211226000000000000e+07 5.053569695000000298e+07
1.086481014500000030e+08 9.374210621999999881e+07 2.417034000000000000e+07 3.401771399999999907e+06
8.130527331000000238e+07 1.200777188400000036e+08 3.463324000000000000e+07 1.791917620000000112e+06
8.357850508000001311e+07 1.165342499089999944e+08 3.383810900000000000e+07 1.273258773999999976e+06
1.284901822000000030e+08 7.574299803000000119e+07 1.979670900000000000e+07 1.728648013700000048e+08
1.095420279299999774e+08 1.398706500000000000e+08 1.976135700000000000e+07 3.716924660000000149e+07
1.089167905000000000e+08 1.550117350000000000e+08 1.927561500000000000e+07 5.778254800000000000e+07
1.168444364899999946e+08 9.393537350000000000e+07 2.281926700000000000e+07 1.135619257000000030e+07
1.158778870049999952e+08 8.580946127500000596e+07 2.405827900000000000e+07 9.169981942999999970e+06
1.096774024110000432e+08 1.073156215999999940e+08 2.215513700000000000e+07 1.290346926669999957e+07
1.244108965799999982e+08 8.295307559999999404e+07 1.965038300000000000e+07 1.522618722599999905e+08
1.128571570069999993e+08 8.389092662899999321e+07 2.320452300000000000e+07 5.060700502199999988e+07
1.182639617699999958e+08 8.203071609999999404e+07 2.039367700000000000e+07 1.808161626599999964e+08
1.141466209699999988e+08 1.290577410000000000e+08 1.979929200000000000e+07 3.137405150000000000e+07
1.083969196700000018e+08 9.486497490000000596e+07 2.405631600000000000e+07 3.976511200000000186e+06
1.185199242060000002e+08 7.601601439049999416e+07 2.169127300000000000e+07 1.842455469375000000e+08
7.785406898999999464e+07 1.608281361999999881e+08 3.021882000000000000e+07 2.855452446999999881e+07
1.101767806599999964e+08 1.400313910000000000e+08 1.979549600000000000e+07 3.438411905000000447e+07
1.196166173700000048e+08 8.511402050000000000e+07 1.984959900000000000e+07 1.940670473799999952e+08
1.263474019459999949e+08 7.677590935400000215e+07 2.022532900000000000e+07 1.455950765589999855e+08
1.223355130199999958e+08 8.236914129000000656e+07 2.136311400000000000e+07 8.254616100000000000e+07
1.030716203110000044e+08 1.007712545999999940e+08 2.460444300000000000e+07 6.143435939000000246e+06
1.181506576600000411e+08 7.897711599600000679e+07 2.169531200000000000e+07 1.051275956169999987e+08
1.141829501870000064e+08 8.704220152699999511e+07 2.463099100000000000e+07 2.151682624000000069e+05
1.067152135640000403e+08 1.032115127000000030e+08 2.317181500000000000e+07 9.391801332000000402e+06
7.511357238000001013e+07 1.560305329000000060e+08 4.375247200000000000e+07 8.252000240000000224e+06
1.084108120799999833e+08 8.994905555700001121e+07 2.525366900000000000e+07 4.716638240000000224e+05
9.583066776000000536e+07 1.011300235629999936e+08 2.929122900000000000e+07 6.341439470000000438e+05
1.193093498940000236e+08 8.042228007799999416e+07 2.217748700000000000e+07 7.235760520430000126e+07
1.156351847000000030e+08 1.207385390000000000e+08 2.040444700000000000e+07 2.256257239999999851e+07
7.298423804000000656e+07 1.816891323000000119e+08 4.191100600000000000e+07 2.469787839999999851e+07
1.142824110750000030e+08 1.306358840000000000e+08 1.984566300000000000e+07 2.868673405099999905e+07
7.659068804000002146e+07 1.803754640000000000e+08 3.014969800000000000e+07 4.020615970000000298e+07
8.555824153000000119e+07 1.142980354239999950e+08 3.281671300000000000e+07 9.826942330000000075e+05
8.558565621799999475e+07 1.159122751200000048e+08 3.130093700000000000e+07 4.088440132999999914e+06
1.154983740999999940e+08 1.363272760000000000e+08 1.923584000000000000e+07 4.316636089999999851e+07
1.057706975100000203e+08 8.937645975000000000e+07 2.546831600000000000e+07 1.516460773299999908e+07
1.041781745400000066e+08 1.105065752000000030e+08 2.294917900000000000e+07 1.328456425599999912e+07
1.041825652699999958e+08 9.291432808699999750e+07 2.618159600000000000e+07 8.120410339999999851e+05
1.174855244849999994e+08 8.382186658750000596e+07 2.319626600000000000e+07 3.225183793769999966e+07
1.242779193330000043e+08 7.564341534000000358e+07 2.083097200000000000e+07 1.335829709880000055e+08
7.900187668399998546e+07 1.293369465199999958e+08 3.699815500000000000e+07 3.284068447000000160e+06
1.107688666700000018e+08 8.932458602499999106e+07 2.470753600000000000e+07 6.181863839999999618e+05
1.089800264000000060e+08 1.534542850000000000e+08 1.925263100000000000e+07 6.022468900000000000e+07
8.134865240000000596e+07 1.895447910000000000e+08 2.705076000000000000e+07 5.582540350000000000e+07
8.547056199000000954e+07 1.112963913700000048e+08 3.291303100000000000e+07 1.370427623000000045e+07
1.138194569000000060e+08 1.135304080999999940e+08 2.109878600000000000e+07 1.766711419999999925e+07
1.136709802500000000e+08 8.520528335999999940e+07 2.339006300000000000e+07 3.342234083999999985e+07
7.732654941999998689e+07 1.385649581999999881e+08 3.355703500000000000e+07 1.276958151000000164e+07
1.231914071289999932e+08 7.980214350300000608e+07 2.083851100000000000e+07 1.105226842549999952e+08
1.170213693100000024e+08 9.879192506000000238e+07 2.150228100000000000e+07 3.499654720000000298e+07
1.141760634899999946e+08 1.248315952999999970e+08 1.918420300000000000e+07 1.048856002999999970e+08
1.167470222199999988e+08 9.066277140000000596e+07 2.318034200000000000e+07 1.167996290000000037e+07
1.250893538700000048e+08 7.603157590000000596e+07 2.029077200000000000e+07 1.517331935600000024e+08
7.603528902000001073e+07 1.652225860000000000e+08 3.157981400000000000e+07 3.014282930000000075e+07
9.218152420000001788e+07 1.757471680000000000e+08 2.318130200000000000e+07 5.931207800000000000e+07
8.735030901500001550e+07 1.078989185093999952e+08 3.123062500000000000e+07 5.566868719426999986e+07
1.164985363789999932e+08 8.041958725100000203e+07 2.105960700000000000e+07 1.698959927800000012e+08
8.718295570399999619e+07 1.144447591099999994e+08 3.055325400000000000e+07 3.997832214000000153e+06
1.121722630799999982e+08 9.071254681999999285e+07 2.408027500000000000e+07 2.088247169999999925e+06
8.188656237999999523e+07 1.218092449899999946e+08 3.283408000000000000e+07 4.523879445000000298e+06
8.921801146199999750e+07 1.106398045100000054e+08 3.004340300000000000e+07 3.313557782999999821e+06
7.946650957999998331e+07 1.301762104000000060e+08 3.293410400000000000e+07 8.566977053999999538e+06
