1.185765337399999946e+08 8.537977840000000596e+07 2.288977500000000000e+07 3.215548923999999836e+07
1.152978932000000030e+08 1.292746520000000000e+08 1.986478900000000000e+07 2.794623580000000075e+07
1.151834534800000042e+08 1.182501540000000000e+08 2.048132800000000000e+07 2.435298380000000075e+07
1.044472511500000358e+08 9.259407002300000191e+07 2.623277600000000000e+07 7.102181310000000522e+05
1.128313871019999981e+08 8.639654744300000370e+07 2.491104300000000000e+07 4.091643686000000220e+06
1.127682826000000238e+08 1.427931590000000000e+08 1.927083500000000000e+07 4.411125139999999851e+07
1.164960192099999934e+08 8.546970395999999344e+07 2.333042200000000000e+07 2.476750755999999866e+07
1.065099475199999958e+08 1.462756240000000000e+08 2.000758200000000000e+07 3.944259060000000149e+07
1.248877401099999994e+08 7.694093909999999404e+07 2.019209300000000000e+07 1.511978025000000000e+08
1.143498051609999835e+08 1.305905790000000000e+08 1.984401100000000000e+07 2.866664514300000295e+07
1.126573267000000030e+08 1.321976290000000000e+08 1.966796800000000000e+07 3.676226039999999851e+07
1.186384764299999774e+08 8.174277340000000596e+07 2.187517100000000000e+07 7.653809770000000298e+07
1.188410079000000060e+08 1.104843807999999970e+08 1.954848700000000000e+07 7.884936414000000060e+07
1.148137630999999940e+08 1.078383912000000030e+08 2.158067800000000000e+07 1.396402459999999963e+07
8.188888502300000191e+07 1.202678035499999970e+08 3.357474100000000000e+07 2.632976022599999793e+06
1.155718305770000070e+08 7.818859578569999337e+07 2.220145700000000000e+07 1.714654026746999919e+08
1.135422791280000061e+08 1.215908110000000000e+08 2.046369800000000000e+07 2.286374060200000182e+07
1.279008674399999976e+08 7.554755602000001073e+07 1.982449500000000000e+07 1.744924777599999905e+08
1.264515623599999994e+08 8.397407429999999702e+07 1.958706200000000000e+07 1.448858116399999857e+08
1.082939877300000042e+08 1.437096020000000000e+08 1.988267100000000000e+07 3.681946410000000149e+07
1.161306370300000012e+08 1.116554679000000060e+08 2.105204400000000000e+07 1.883083530000000075e+07
1.127199764619999975e+08 1.253175830000000000e+08 2.027014500000000000e+07 2.523881555400000140e+07
1.233250833199999928e+08 8.297955840999999642e+07 2.063155400000000000e+07 1.056474227099999934e+08
1.079242122099999934e+08 1.321521290000000000e+08 2.041697100000000000e+07 2.915856667000000179e+07
1.083523203599999994e+08 8.990102504500000179e+07 2.528556300000000000e+07 4.899857119999999995e+05
1.064519196599999964e+08 9.202939446600000560e+07 2.519640800000000000e+07 1.327173496000000043e+06
1.056114781400000006e+08 1.200356146500000060e+08 2.101876900000000000e+07 7.819127712999999523e+07
1.245957450600000024e+08 7.748721750000000000e+07 2.039677400000000000e+07 1.379040085000000000e+08
1.144947787999999970e+08 1.253824760000000000e+08 1.982942300000000000e+07 3.562515939999999851e+07
1.195849657099999934e+08 8.459572126999999583e+07 2.139317400000000000e+07 7.901120239000000060e+07
1.106817660999999791e+08 1.491437840000000000e+08 1.917039400000000000e+07 5.590311600000000000e+07
1.178909480499999821e+08 1.061644002999999970e+08 2.018521700000000000e+07 6.203957307999999821e+07
1.169206112900000215e+08 1.137352815999999940e+08 1.949300600000000000e+07 8.005135109999999404e+07
1.271300736200000048e+08 7.853945681999999285e+07 1.977965700000000000e+07 1.573335184499999881e+08
1.106894913799999952e+08 1.271786270000000000e+08 2.031763000000000000e+07 2.707735239999999851e+07
1.099975946899999976e+08 9.652761859999999404e+07 2.345410100000000000e+07 5.705941860000000335e+06
1.148167758900000006e+08 1.291299229000000060e+08 1.904121300000000000e+07 1.139262835999999940e+08
9.713269914000000060e+07 1.002509816720000058e+08 2.815282300000000000e+07 1.001343234000000055e+06
1.251856572000000179e+08 8.354710279999999702e+07 1.916423300000000000e+07 2.102783717700000107e+08
7.738571466000001132e+07 1.715466730000000000e+08 2.980399100000000000e+07 3.548119510000000149e+07
1.121225619930000007e+08 1.206796550000000000e+08 2.066331800000000000e+07 2.209480555400000140e+07
1.094984715000000447e+08 1.422694030000000000e+08 1.953803400000000000e+07 4.557326720000000298e+07
1.162933860100000203e+08 9.075183070000000298e+07 2.319569100000000000e+07 1.168164450000000000e+07
1.162628232000000030e+08 1.242096590000000000e+08 1.985262000000000000e+07 3.298467210000000149e+07
1.178323215739999563e+08 8.309706329000000656e+07 2.288200600000000000e+07 4.238675514599999785e+07
1.162890307999999970e+08 1.006570832999999970e+08 2.227054000000000000e+07 9.438854000000000000e+06
1.102749337300000191e+08 9.284286970999999344e+07 2.401140800000000000e+07 3.157716589999999851e+06
1.102254635180000067e+08 8.269962804920001328e+07 2.337972600000000000e+07 1.294036431032000035e+08
1.250770594200000018e+08 8.139506315000000596e+07 1.942546300000000000e+07 1.787081057199999988e+08
8.894394069000001252e+07 1.091301896280000061e+08 3.170180000000000000e+07 9.292310860000000102e+05
1.248338168700000048e+08 8.131733435999999940e+07 2.008113700000000000e+07 1.330799725000000000e+08
1.140542907999999821e+08 1.016734182000000030e+08 2.228214500000000000e+07 9.878950199999999255e+06
1.132122511350000054e+08 8.008986056390000880e+07 2.273055700000000000e+07 1.557225145422999859e+08
8.090194831800001860e+07 1.207992405100000054e+08 3.461489400000000000e+07 2.184399206100000069e+06
1.123954908400000036e+08 9.026827937999999523e+07 2.410527600000000000e+07 1.974445080000000075e+06
7.705308728399999440e+07 1.510102965200000107e+08 4.526200200000000000e+07 3.284068447000000160e+06
1.059554875199999958e+08 1.537856680000000000e+08 1.984220700000000000e+07 4.723713450000000000e+07
1.140934245000000447e+08 1.388264330000000000e+08 1.922824200000000000e+07 4.457303170000000298e+07
8.525526489660000801e+07 1.106142466179700047e+08 3.250444600000000000e+07 4.194365342824999988e+07
1.210259425590000004e+08 7.605510092000000179e+07 2.062779300000000000e+07 1.775113235336000025e+08
1.134607733949999958e+08 8.699719922229999304e+07 2.464562600000000000e+07 1.374439808299999917e+06
1.244026448320000023e+08 7.567078867900000513e+07 2.089185800000000000e+07 1.309779108030000031e+08
9.281926756999999285e+07 1.044350799660000056e+08 3.023784500000000000e+07 8.105597759999999544e+05
1.208016840300000012e+08 8.509160740000000596e+07 1.964819600000000000e+07 1.993966117500000000e+08
1.144784545000000447e+08 1.265856030000000000e+08 1.979462300000000000e+07 3.460786660000000149e+07
1.267340007099999785e+08 7.556691628000000119e+07 1.981587800000000000e+07 1.831641272960000038e+08
1.064005291330000013e+08 1.062982662000000030e+08 2.288993800000000000e+07 1.116302286500000022e+07
1.270990834599999934e+08 7.313960075000000000e+07 2.024269000000000000e+07 1.746044418000000119e+08
1.203354304200000018e+08 8.062374070000000298e+07 2.119075400000000000e+07 1.016094902999999970e+08
1.274758475799999982e+08 8.041074619999998808e+07 1.927426400000000000e+07 1.847778201100000143e+08
1.018707653100000471e+08 1.072813152000000030e+08 2.407845400000000000e+07 1.022408145399999991e+07
1.084113148289999962e+08 8.504681476439999044e+07 2.345576400000000000e+07 1.195209757595999986e+08
1.104508524599999934e+08 8.982460477700001001e+07 2.463279700000000000e+07 9.302841250000000000e+05
1.265851971099999994e+08 8.388262940000000596e+07 1.920598200000000000e+07 1.732369649900000095e+08
1.144983303750000000e+08 8.254835020499999821e+07 2.349652200000000000e+07 5.081532932699999958e+07
1.183339342000000179e+08 9.412409596999999881e+07 2.220113400000000000e+07 2.527034546999999881e+07
1.245231605199999958e+08 8.407787590000000596e+07 1.920662800000000000e+07 2.071967644199999869e+08
1.231658411239999831e+08 7.342237744439999759e+07 2.093164000000000000e+07 1.837610610613000095e+08
1.031027404340000153e+08 9.932762482999999821e+07 2.483264900000000000e+07 5.186295441999999806e+06
1.102512482900000066e+08 1.229249560000000000e+08 2.070879900000000000e+07 2.318282212200000137e+07
1.079428104800000042e+08 9.268467031999999285e+07 2.455620100000000000e+07 2.375712360000000335e+06
1.199603840750000179e+08 8.036748862999999523e+07 2.195655600000000000e+07 7.682986061300000548e+07
1.195503367199999988e+08 7.817067384600000083e+07 2.145840100000000000e+07 1.120614407779999971e+08
1.034539036879999936e+08 9.547474878000000119e+07 2.548900400000000000e+07 2.648834824299999978e+06
1.140344949300000072e+08 1.086859679099999964e+08 2.034100500000000000e+07 6.268129070000000298e+07
1.079317760900000036e+08 9.509403917000000179e+07 2.409748000000000000e+07 4.120029370000000112e+06
8.521855432000012696e+07 1.147334862179999948e+08 3.368110000000000000e+07 6.226719640000000363e+05
1.164724525999999940e+08 1.326045390000000000e+08 1.926162000000000000e+07 4.424234110000000149e+07
7.790712948999999464e+07 1.362962322500000000e+08 3.923598800000000000e+07 3.880061066000000108e+06
1.147298570999999940e+08 1.131133210999999940e+08 2.107444100000000000e+07 1.754171830000000075e+07
1.064009427900000066e+08 1.294892470000000000e+08 2.086595600000000000e+07 2.642462126999999955e+07
1.127447329849999994e+08 1.141866587000000030e+08 2.112505400000000000e+07 1.810350081300000101e+07
9.584154731000000238e+07 1.011424029500000030e+08 2.931030400000000000e+07 6.095932160000000149e+05
1.030527447600000203e+08 1.558675730000000000e+08 2.037979200000000000e+07 4.530629189999999851e+07
1.066689462000000030e+08 1.120189590000000000e+08 2.220569600000000000e+07 1.519300103399999999e+07
1.086985157800000012e+08 1.189428010000000000e+08 2.124387700000000000e+07 2.016420036499999836e+07
1.248977909899999946e+08 8.022949159000000358e+07 1.944054800000000000e+07 2.012262064099999964e+08
1.122793542000000030e+08 1.254056050000000000e+08 1.938042400000000000e+07 1.049250037500000000e+08
9.303019376000000536e+07 1.403679900000000000e+08 2.436875300000000000e+07 2.669491533999999985e+07
1.252737668700000197e+08 8.399500470000000298e+07 1.930882600000000000e+07 1.709815330300000012e+08
1.181360031299999952e+08 1.192411784000000060e+08 1.904457500000000000e+07 9.913152970000000298e+07
1.182980838599999845e+08 7.839468285999999940e+07 2.146749500000000000e+07 1.196243364699999988e+08
7.693280671000000834e+07 1.389049760999999940e+08 3.662877000000000000e+07 8.810584630000000820e+06
1.060724466299999952e+08 1.037823487000000030e+08 2.315130700000000000e+07 1.248004064000000060e+07
1.146800166400000006e+08 9.701483170000000298e+07 2.281847000000000000e+07 6.761333900000000373e+06
1.090039010199999809e+08 1.234548015999999940e+08 1.998164600000000000e+07 9.478503209999999404e+07
1.070616034960000068e+08 1.006904570000000000e+08 2.345978000000000000e+07 7.566153707899999805e+06
8.131331615000000596e+07 1.173745107900000066e+08 3.446954200000000000e+07 2.635718962400000170e+07
1.128122400300000161e+08 9.373663692000000179e+07 2.346063600000000000e+07 4.462411070000000298e+06
1.210578441200000048e+08 8.073721360999999940e+07 1.995275900000000000e+07 1.929555214000000060e+08
1.001421890300000012e+08 9.699585699500000477e+07 2.737285900000000000e+07 7.596150910000000149e+05
8.626502159999999404e+07 1.133694263879999965e+08 3.287283200000000000e+07 6.822519529999999795e+05
1.116784143330000043e+08 8.632113367100000381e+07 2.460219700000000000e+07 1.176738054399999976e+07
8.710689520000001788e+07 1.817535110000000000e+08 2.486380300000000000e+07 5.864719900000000000e+07
9.589130242000000179e+07 1.016002244249999970e+08 2.867188400000000000e+07 8.658713019999999087e+05
8.910660531999999285e+07 1.331956674000000060e+08 2.664230100000000000e+07 1.916014588000000268e+07
1.102295709329999983e+08 1.063215025999999940e+08 2.219264600000000000e+07 1.227647445309999958e+07
9.690079354000000656e+07 1.032293981400000006e+08 2.720106300000000000e+07 3.435811136799999978e+06
1.190615275860000402e+08 7.571956526509998739e+07 2.154240200000000000e+07 1.754990735017000139e+08
1.061072489000000060e+08 9.054240111470000446e+07 2.610654200000000000e+07 2.621028682699999772e+06
7.450474310000000894e+07 1.599799351999999881e+08 4.152904200000000000e+07 1.328338433000000007e+07
7.868058959999997914e+07 1.874913920000000000e+08 2.841639300000000000e+07 4.864649379999999702e+07
7.285341150000001490e+07 1.898013913000000119e+08 4.275522400000000000e+07 2.757616950000000000e+07
1.179258645499999970e+08 9.395480137999999523e+07 2.244549800000000000e+07 1.946599335000000149e+07
1.220225037300000191e+08 8.007974090000000596e+07 2.074941600000000000e+07 1.164353344000000060e+08
7.914077620000000298e+07 1.259586591599999964e+08 3.445597800000000000e+07 5.094126867999999784e+06
1.107214009899999946e+08 1.008225645000000000e+08 2.274979100000000000e+07 8.856565599999999627e+06
1.230464205199999958e+08 7.440851459000000358e+07 2.075210600000000000e+07 1.614414418889999986e+08
8.352515236000001431e+07 1.166113240289999992e+08 3.385454300000000000e+07 1.285778368000000017e+06
1.227568821199999601e+08 8.176778003000000119e+07 1.957788900000000000e+07 2.010240742299999893e+08
9.689508640999999642e+07 1.485624250000000000e+08 2.240270000000000000e+07 3.645421550000000000e+07
1.206395060749999583e+08 8.371600221000000834e+07 2.189843200000000000e+07 6.268938194399999827e+07
