1.159863557000000179e+08 1.012177017000000030e+08 2.222033800000000000e+07 9.752051000000000000e+06
1.144572130000000000e+08 1.386098190000000000e+08 1.928468800000000000e+07 4.148554610000000149e+07
1.135887318700000048e+08 8.461597150000000000e+07 2.266994700000000000e+07 5.911520500999999791e+07
1.226397566200000048e+08 8.457547018000000715e+07 2.109240300000000000e+07 8.408598279999999702e+07
1.148771553299999982e+08 8.893147646999999881e+07 2.404072200000000000e+07 1.411548504999999888e+06
1.154970727000000030e+08 1.241288600000000000e+08 1.983726100000000000e+07 3.525101539999999851e+07
1.201371643199999928e+08 8.373536176999999583e+07 2.145870000000000000e+07 7.812577901000000536e+07
1.130016287140000463e+08 1.146665245999999940e+08 2.105385800000000000e+07 1.854884594000000134e+07
1.141715187389999926e+08 8.696543584800000489e+07 2.464966300000000000e+07 2.669108769999999786e+05
1.227990315160000026e+08 7.358510141459999979e+07 2.097771800000000000e+07 1.837322566735000014e+08
8.965043037699998915e+07 1.047040446272899956e+08 3.046922800000000000e+07 5.429657036437000334e+07
9.038748156999999285e+07 1.081043734300000072e+08 3.171786500000000000e+07 3.945351309999999939e+05
1.118519175000000000e+08 1.042427925000000000e+08 2.222434200000000000e+07 1.116683530000000075e+07
1.153980125300000012e+08 1.275380770000000000e+08 1.988997800000000000e+07 2.847635530000000075e+07
1.167760167999999970e+08 1.322862350000000000e+08 1.923343500000000000e+07 4.574828300000000000e+07
7.760560946000000834e+07 1.353688420999999940e+08 3.398765800000000000e+07 1.063064872000000067e+07
1.164524158870000243e+08 8.562919497069999576e+07 2.406936500000000000e+07 8.708070181300001219e+06
1.178852885300000012e+08 1.053815767999999970e+08 2.042960300000000000e+07 5.385914488000000268e+07
1.141730281999999583e+08 1.074049750000000000e+08 2.165004200000000000e+07 1.375183500000000000e+07
1.231164820579999983e+08 8.028321656999999285e+07 2.079886800000000000e+07 1.100500283069999963e+08
1.183274264699999988e+08 8.221758275000000000e+07 2.237064500000000000e+07 5.925596678999999911e+07
1.248687334200000018e+08 8.397519740000000596e+07 1.917390100000000000e+07 2.120776485500000119e+08
1.165040825999999940e+08 8.655116340000000596e+07 2.349913100000000000e+07 1.721358589000000060e+07
1.216282762400000244e+08 8.032286270000000298e+07 2.155633200000000000e+07 8.590354462000000477e+07
1.275949221599999964e+08 8.424033850000000000e+07 1.919027800000000000e+07 1.690533669000000060e+08
1.106185641299999952e+08 1.174328990000000000e+08 2.109716700000000000e+07 1.963173693400000036e+07
1.078954398499999940e+08 1.046633319000000060e+08 2.277018400000000000e+07 1.054583023679999821e+07
7.498780850000000000e+07 1.568896083000000119e+08 4.369289100000000000e+07 8.767903279999999329e+06
1.152684509000000060e+08 1.207927550000000000e+08 2.041700000000000000e+07 2.254747800000000000e+07
1.250134997406000048e+08 7.270691785254000127e+07 2.074074000000000000e+07 1.825800944409799874e+08
1.129819912600000203e+08 8.538442568000000715e+07 2.344591600000000000e+07 3.421239888000000268e+07
1.274034069699999988e+08 7.629616425000000000e+07 1.972221900000000000e+07 1.781721206399999857e+08
9.814413404199999571e+07 9.475299803939999640e+07 2.720897600000000000e+07 8.734102060480000079e+07
1.148209606609999985e+08 1.307062960000000000e+08 1.979990600000000000e+07 2.905229851999999955e+07
1.277722915600000024e+08 8.367822029999999702e+07 1.915930100000000000e+07 1.738538972899999917e+08
1.140647011599999964e+08 9.377154187999999523e+07 2.330682300000000000e+07 4.732926310000000522e+06
1.207462930699999928e+08 8.057433159999999404e+07 2.002832500000000000e+07 1.914773558499999940e+08
8.480811435000000894e+07 1.156967415300000012e+08 3.252001800000000000e+07 1.826678969999999972e+06
1.206702139860000014e+08 7.467724623450000584e+07 2.129364300000000000e+07 1.821982567105999887e+08
1.141401192999999970e+08 1.292325510000000000e+08 1.969071900000000000e+07 3.519545450000000000e+07
1.036121970000000000e+08 1.638087060000000000e+08 2.004439400000000000e+07 6.199575100000000000e+07
7.719355767000000179e+07 1.848838080000000000e+08 2.949338300000000000e+07 4.454971400000000000e+07
1.078241080600000024e+08 1.240804710000000000e+08 2.099228900000000000e+07 2.324385360399999842e+07
8.254363918999999762e+07 1.184306120520000011e+08 3.429542300000000000e+07 1.201741056000000099e+06
1.228445322559999973e+08 8.020321698999999464e+07 2.044183700000000000e+07 1.270947398299999982e+08
9.584627873000000417e+07 1.013446686219999939e+08 2.945931100000000000e+07 4.699946030000000028e+05
1.102457875999999940e+08 1.556860010000000000e+08 1.911944600000000000e+07 6.096104900000000000e+07
1.126554824589999616e+08 8.695970811549000442e+07 2.503582500000000000e+07 1.279953367929999949e+06
7.394281787000000477e+07 1.662017008000000119e+08 4.316128500000000000e+07 1.444006849000000022e+07
1.145734820400000215e+08 9.666296900000000000e+07 2.285691200000000000e+07 6.674378000000000000e+06
1.263936257500000000e+08 7.624777600000000000e+07 2.028564500000000000e+07 1.459723030999999940e+08
1.163858382630000412e+08 9.433447809000000358e+07 2.228596000000000000e+07 2.477562502899999917e+07
1.268837082100000232e+08 7.985871964999999106e+07 1.978626600000000000e+07 1.502724013499999940e+08
1.104740682199999988e+08 1.341033210000000000e+08 1.986884900000000000e+07 3.441177029999999702e+07
1.175671205000000000e+08 1.023949534699999988e+08 2.103100700000000000e+07 4.022376017000000179e+07
1.107637706599999964e+08 9.231321890999999642e+07 2.399270500000000000e+07 3.087184740000000224e+06
1.141333291000000238e+08 1.016820192000000030e+08 2.226979400000000000e+07 9.951677000000000000e+06
1.237017358400000036e+08 7.447145060200001299e+07 2.036860800000000000e+07 1.878244702111000121e+08
1.271676790400000066e+08 7.252294118799999356e+07 2.036218900000000000e+07 1.766572538409999907e+08
1.083174457399999946e+08 9.670704459999999404e+07 2.375732400000000000e+07 5.297012290000000037e+06
1.161575562600000203e+08 8.117128900000000000e+07 2.153282700000000000e+07 1.120593185999999940e+08
1.171214594399999976e+08 1.189013755999999940e+08 1.912377400000000000e+07 9.654325423000000417e+07
8.303440465000000596e+07 1.255462470999999940e+08 3.108362700000000000e+07 8.583900780999999493e+06
1.150669858900000006e+08 8.279583378000000119e+07 2.254659600000000000e+07 6.447577639999999851e+07
1.148907750400000066e+08 1.217359560000000000e+08 2.020497700000000000e+07 2.740562450000000000e+07
1.183496575900000036e+08 8.449688509999999404e+07 2.281613200000000000e+07 3.734567878999999911e+07
9.790354009999999404e+07 1.690514370000000000e+08 2.148976600000000000e+07 6.051202000000000000e+07
1.076519517300000042e+08 1.385912310000000000e+08 2.018024800000000000e+07 3.260758464999999851e+07
9.717812840000000596e+07 1.002054806860000044e+08 2.816991500000000000e+07 9.522712619999999879e+05
1.202052266099999994e+08 8.409778943999999762e+07 1.995647700000000000e+07 1.607467596999999881e+08
9.079139895000000298e+07 1.371009315999999940e+08 2.529314200000000000e+07 6.296546599000000209e+07
1.265246586599999964e+08 8.101396517000000179e+07 1.988494700000000000e+07 1.405036176100000143e+08
7.920040070999999344e+07 1.255189326700000018e+08 3.445445200000000000e+07 6.256875872999999672e+06
1.156334681000000238e+08 1.248105422000000030e+08 1.906634500000000000e+07 1.023012344000000060e+08
8.077405161000001431e+07 1.775950800000000000e+08 2.758922700000000000e+07 4.130716840000000596e+07
1.178420449279999584e+08 7.656884551520000398e+07 2.171404600000000000e+07 1.697104731604999900e+08
1.143828371200000048e+08 1.279503617000000030e+08 1.909389400000000000e+07 1.118286565999999940e+08
1.284467348900000155e+08 7.546448710000000894e+07 1.983402500000000000e+07 1.726985855300000012e+08
1.089637895400000066e+08 1.293020850000000000e+08 2.045792800000000000e+07 2.698104348099999875e+07
1.083781797389999926e+08 8.437023462740001082e+07 2.406138900000000000e+07 1.247253104412000030e+08
1.247127297699999958e+08 7.503314518999999762e+07 2.064220100000000000e+07 1.447058832010000050e+08
8.144217039000001550e+07 1.169201273649999946e+08 3.446654400000000000e+07 2.785315630799999833e+07
8.318500495999997854e+07 1.603625920000000000e+08 2.730037400000000000e+07 3.222509242999999970e+07
8.645658145000000298e+07 1.583754500000000000e+08 2.593666200000000000e+07 3.344665248000000045e+07
8.429875276000002027e+07 1.629341440000000000e+08 2.650686500000000000e+07 4.281776260000000149e+07
7.882303070000000298e+07 1.875827230000000000e+08 2.832592100000000000e+07 4.925122839999999851e+07
1.030874825300000012e+08 1.108637987000000030e+08 2.322313400000000000e+07 1.316810005599999987e+07
1.197779895439999998e+08 8.419214591999998689e+07 2.206844000000000000e+07 5.710882978499999642e+07
1.053060926400000006e+08 1.411776350000000000e+08 2.047876700000000000e+07 3.338814111000000313e+07
8.137540665299999714e+07 1.208280940100000054e+08 3.384379700000000000e+07 2.754274197000000160e+06
1.196860308499999940e+08 8.488105209999999404e+07 1.986692000000000000e+07 1.825456571800000072e+08
1.038643764300000072e+08 1.258437704000000060e+08 2.116719700000000000e+07 7.954769968000000715e+07
1.044167446469999850e+08 1.004141962999999970e+08 2.418018800000000000e+07 6.547358269999999553e+06
1.085835771800000370e+08 8.974315375500001013e+07 2.529056100000000000e+07 4.310327100000000210e+05
1.059080770300000012e+08 1.126426280000000000e+08 2.229896700000000000e+07 1.543513017400000058e+07
7.713958509000001848e+07 1.429022400999999940e+08 3.289597800000000000e+07 1.600622601000000164e+07
1.056911194259999990e+08 1.009112007000000030e+08 2.374991100000000000e+07 7.314928674499999732e+06
1.228664790100000203e+08 8.350640496999999881e+07 2.085184400000000000e+07 9.601671859999999404e+07
7.285581551000000536e+07 1.859199203000000119e+08 4.152111500000000000e+07 2.749253419999999925e+07
9.164709209999999404e+07 1.763940140000000000e+08 2.335118700000000000e+07 5.929292400000000000e+07
1.058685779099999964e+08 1.210469720000000000e+08 2.158245500000000000e+07 2.075198054800000042e+07
8.849716304600000381e+07 1.107346670699999928e+08 3.056894600000000000e+07 3.048798813000000082e+06
9.443227750000000000e+07 1.471677330000000000e+08 2.327970900000000000e+07 3.831360710000000149e+07
9.065401198000000417e+07 1.453992060000000000e+08 2.498143300000000000e+07 2.815566373000000045e+07
1.107710542599999756e+08 9.009619814000000060e+07 2.443168800000000000e+07 1.494568411000000080e+06
8.686301381599998474e+07 1.125884174000000060e+08 3.136936700000000000e+07 2.489106027600000147e+06
7.304280215000000596e+07 1.802746313000000119e+08 4.207620700000000000e+07 2.367643310000000149e+07
7.648280101000002027e+07 1.606875666999999881e+08 3.139507800000000000e+07 2.742801439999999851e+07
1.206360833599999994e+08 8.008242929999999702e+07 2.140418000000000000e+07 9.485942215999999642e+07
1.251120917099999934e+08 8.351136270000000298e+07 1.964696400000000000e+07 1.467500474099999964e+08
1.072522111800000072e+08 1.085831942999999970e+08 2.216591800000000000e+07 2.330797319999999925e+07
1.062924068200000226e+08 9.000864950499999523e+07 2.529390300000000000e+07 9.471665868200000376e+06
1.177357086899999976e+08 1.101781952999999970e+08 1.983750000000000000e+07 6.705764979999999702e+07
7.646353335999999940e+07 1.430235184000000060e+08 3.910211500000000000e+07 7.602931189999998547e+06
1.029386606299999952e+08 9.812230028000000119e+07 2.511756000000000000e+07 4.297655529000000097e+06
1.044851539399999976e+08 9.418585389000000060e+07 2.542377400000000000e+07 1.942928024999999907e+06
7.867677438000001013e+07 1.397405328300000131e+08 4.210351200000000000e+07 1.867057780999999959e+06
1.059964595499999970e+08 9.237828101000000536e+07 2.526071200000000000e+07 1.451143131999999983e+06
1.152261392500000447e+08 1.184799860000000000e+08 2.041707700000000000e+07 2.585642310000000149e+07
1.117590801599999815e+08 1.007434967999999970e+08 2.262613100000000000e+07 8.995203599999999627e+06
1.034319665100000054e+08 1.381485430000000000e+08 2.089504500000000000e+07 3.431371139999999851e+07
1.035054288599999994e+08 1.305387580000000000e+08 2.143254700000000000e+07 2.605588707999999821e+07
9.382639673999999464e+07 1.037132039210000038e+08 2.960377000000000000e+07 7.195546640000001062e+05
1.128602213700000048e+08 1.013464014200000018e+08 2.161686200000000000e+07 3.588223043999999762e+07
1.003592069200000167e+08 1.512825820000000000e+08 2.110825200000000000e+07 4.646742360000000149e+07
1.092663424420000017e+08 8.354306500990000367e+07 2.386465300000000000e+07 1.289922168719999939e+08
8.456868851000002027e+07 1.559358500000000000e+08 2.689629700000000000e+07 3.122431980000000075e+07
9.093387370000001788e+07 1.548460080000000000e+08 2.419430600000000000e+07 3.875581870000000298e+07
1.155865975000000000e+08 1.359764800000000000e+08 1.928395300000000000e+07 4.118668410000000149e+07
1.161669725770000070e+08 7.772978878569999337e+07 2.209224900000000000e+07 1.754310326746999919e+08
1.019866242399999946e+08 9.509167423700000346e+07 2.750846800000000000e+07 3.899906979999999749e+05
7.870033668000000715e+07 1.824849050000000000e+08 2.847530500000000000e+07 4.330417270000000298e+07
1.268930567900000066e+08 8.307557750000000000e+07 1.919102500000000000e+07 1.774590960800000131e+08
7.662588786999998987e+07 1.806887110000000000e+08 3.010213600000000000e+07 4.052114079999999702e+07
7.683368333000001311e+07 1.509255800999999940e+08 3.207540700000000000e+07 2.108180770000000298e+07
1.145240721599999964e+08 8.272512479999999702e+07 2.243328400000000000e+07 7.254041106000000238e+07
7.523899281000000238e+07 1.584450690999999940e+08 3.517456400000000000e+07 2.117089251999999955e+07
1.055315414000000060e+08 1.545514950000000000e+08 1.972941300000000000e+07 5.918549100000000000e+07
1.127129681040000170e+08 8.637576137299999595e+07 2.432776900000000000e+07 1.072270148699999973e+07
7.629784432999998331e+07 1.499052410300000012e+08 4.398122000000000000e+07 4.710696586000000127e+06
1.192175988620000184e+08 7.966122780300000310e+07 2.053376600000000000e+07 1.613356226170000136e+08
7.312891181999999285e+07 1.919782743000000119e+08 3.947290700000000000e+07 3.320670580000000075e+07
9.966879595000000298e+07 9.706602279000000656e+07 2.797230200000000000e+07 6.587076240000000689e+05
1.084567423800000399e+08 9.921899140000000596e+07 2.334505700000000000e+07 7.145281290000000037e+06
1.125218407000000030e+08 1.428625810000000000e+08 1.923942000000000000e+07 4.621009239999999851e+07
1.101633325939999968e+08 1.140897677000000030e+08 2.144675800000000000e+07 1.734013954100000113e+07
1.123216213030000180e+08 1.235934180000000000e+08 2.043257500000000000e+07 2.397472793600000069e+07
9.559703093000000715e+07 1.026006468100000024e+08 2.805309700000000000e+07 2.403162964499999769e+06
