1.273698499100000411e+08 7.240763030200000107e+07 2.037912100000000000e+07 1.765998530110000074e+08
1.148538092000000030e+08 1.351154390000000000e+08 1.919656400000000000e+07 4.883305070000000298e+07
1.163819923100000024e+08 1.230824792999999970e+08 1.904038300000000000e+07 1.047237605999999940e+08
1.154869079000000060e+08 1.362864350000000000e+08 1.922248400000000000e+07 4.384623060000000149e+07
1.144316659000000060e+08 1.203390140000000000e+08 2.049591100000000000e+07 2.215239930000000075e+07
8.931785004000000656e+07 1.090500260729999989e+08 3.175693900000000000e+07 5.918266360000000568e+05
1.160857820999999940e+08 1.327241040000000000e+08 1.923524700000000000e+07 4.644165400000000000e+07
1.184878890999999642e+08 1.085104620999999940e+08 1.980011600000000000e+07 7.203111056000000238e+07
7.282688472000001371e+07 1.928333689000000060e+08 4.245445300000000000e+07 2.948128780000000075e+07
1.147792813299999982e+08 1.288881340000000000e+08 1.983221400000000000e+07 2.955089710000000149e+07
1.261972145499999821e+08 8.264641339999999106e+07 1.980082800000000000e+07 1.387507488100000024e+08
1.148363182500000000e+08 8.858567651000000536e+07 2.410317800000000000e+07 1.253818835999999894e+06
8.429125283000001311e+07 1.124657013700000048e+08 3.327613000000000000e+07 2.003721623000000045e+07
1.230223942500000000e+08 8.241727838000001013e+07 2.031256700000000000e+07 1.224758908199999928e+08
1.144823742000000030e+08 1.139610760000000000e+08 2.101311000000000000e+07 1.807413550000000000e+07
1.159838597399999797e+08 1.101562510999999940e+08 2.025102800000000000e+07 5.293237200000000000e+07
7.925532760999999940e+07 1.254790833199999928e+08 3.447147800000000000e+07 4.821408558999999426e+06
1.193619774599999785e+08 1.075188715999999940e+08 1.984005200000000000e+07 7.103196251999999583e+07
1.211314760100000203e+08 8.459713551999999583e+07 2.129051600000000000e+07 7.917678596999999881e+07
1.274626274200000018e+08 7.637612510999999940e+07 1.969747700000000000e+07 1.794998075600000024e+08
1.177674612339999974e+08 9.188951326000000536e+07 2.289576100000000000e+07 1.389522269800000079e+07
1.246672278599999845e+08 8.181597215000000596e+07 2.046229100000000000e+07 1.145707387800000012e+08
1.072653990020000041e+08 1.007242890999999940e+08 2.341039400000000000e+07 7.651713036400000565e+06
1.213949086030000001e+08 7.841388638899999857e+07 2.150374000000000000e+07 9.913452895200000703e+07
8.351999180000001192e+07 1.174124549679999948e+08 3.397075300000000000e+07 9.024555359999999637e+05
1.172152412349999994e+08 8.367723677899999917e+07 2.330111500000000000e+07 3.148895233150000125e+07
1.193405025499999970e+08 1.136150202000000030e+08 1.928837600000000000e+07 8.499023815999999642e+07
1.267246807199999988e+08 8.375416650000000000e+07 1.926699400000000000e+07 1.671732407400000095e+08
1.148420367199999988e+08 9.282679600000000000e+07 2.339327600000000000e+07 4.011253229999999981e+06
7.893356479999999702e+07 1.786514300000000000e+08 2.838104200000000000e+07 4.555638739999999851e+07
9.958491293600001931e+07 1.003844287399999946e+08 2.637026000000000000e+07 3.380077739599999972e+06
1.065151245400000066e+08 9.187928008900000155e+07 2.526794300000000000e+07 1.074741942999999970e+06
1.189390908900000006e+08 8.489784600000000000e+07 2.287734300000000000e+07 3.359365374000000209e+07
1.251193008599999994e+08 7.421313635699999332e+07 2.077626800000000000e+07 1.482190909900000095e+08
1.168805011739999950e+08 8.473845621199999750e+07 2.346962700000000000e+07 2.339479075400000066e+07
1.184303333599999994e+08 8.593536040000000596e+07 2.340425500000000000e+07 1.857841137000000104e+07
1.095526760000000000e+08 1.398777100000000000e+08 1.987677900000000000e+07 3.401335589999999851e+07
8.745213326199999452e+07 1.111562891609999985e+08 3.238668000000000000e+07 8.685504250000000466e+05
1.169074419599999934e+08 8.554369914000000060e+07 2.359575500000000000e+07 1.766532835999999940e+07
1.249839610500000417e+08 8.150444348000000417e+07 1.981743900000000000e+07 1.457814939099999964e+08
1.162063323800000399e+08 9.600092237000000477e+07 2.216551900000000000e+07 2.370630223000000045e+07
1.166472532999999970e+08 1.048835715600000024e+08 2.048421000000000000e+07 5.619343831000000238e+07
1.169055725000000000e+08 1.253341240000000000e+08 1.967289800000000000e+07 3.706319860000000149e+07
1.106093144400000423e+08 9.735584929999999702e+07 2.323475400000000000e+07 6.417790919999999925e+06
1.259692181599999964e+08 8.040983482999999821e+07 2.018820000000000000e+07 1.298357360199999958e+08
9.616541436900000274e+07 1.042746853499999940e+08 2.738000600000000000e+07 3.633731659299999941e+06
1.137030494710000008e+08 8.715112429900000989e+07 2.467196600000000000e+07 2.837045634999999893e+05
7.677790850999999046e+07 1.820290470000000000e+08 2.991284400000000000e+07 4.162578729999999702e+07
1.187044129099999964e+08 1.151123009000000060e+08 1.921489300000000000e+07 8.870787098999999464e+07
1.161484481899999976e+08 1.115029432999999970e+08 2.102102700000000000e+07 1.987592939999999851e+07
1.150185173900000155e+08 8.488099990000000596e+07 2.273662800000000000e+07 4.805991403000000119e+07
9.998241400000000000e+07 1.472025060000000000e+08 2.136740200000000000e+07 4.766447120000000298e+07
1.149454433000000417e+08 1.009742297000000030e+08 2.229986700000000000e+07 9.521459199999999255e+06
1.237463584099999964e+08 8.171437376000000536e+07 2.087181600000000000e+07 1.004015210799999982e+08
1.213884662000000179e+08 8.261816151000000536e+07 2.073858100000000000e+07 1.076385916800000072e+08
8.115266653579999506e+07 1.203361371400000006e+08 3.462672800000000000e+07 1.931638959860000061e+06
1.044180307999999970e+08 1.640481850000000000e+08 1.988020300000000000e+07 6.331806500000000000e+07
1.084491327999999970e+08 1.134326213799999952e+08 2.085180500000000000e+07 6.552329771000000089e+07
9.588239431000000238e+07 1.011276861389999986e+08 2.932251100000000000e+07 5.825534810000000289e+05
1.241837185440000445e+08 7.400838641110000014e+07 2.038339300000000000e+07 1.867466114329000115e+08
1.062906445010000020e+08 8.637045494959999621e+07 2.457664100000000000e+07 1.137046739204999954e+08
1.202173074060000032e+08 8.096765784600000083e+07 2.217115000000000000e+07 6.689915637500000000e+07
1.283127954800000042e+08 7.558005857000000775e+07 1.980244400000000000e+07 1.744876864099999964e+08
1.102639676599999964e+08 1.292899900000000000e+08 2.029217200000000000e+07 2.718859404100000113e+07
1.206740090099999756e+08 8.549140917000000179e+07 2.209890700000000000e+07 5.102526945000000298e+07
8.417407742540000379e+07 1.122144423468099982e+08 3.305101900000000000e+07 3.971826328492999822e+07
1.175852636499999762e+08 1.008548817099999934e+08 2.122328600000000000e+07 3.774425564000000060e+07
1.261888325628100038e+08 7.685952938510000706e+07 2.033637800000000000e+07 1.403432212876299918e+08
1.142943695900000036e+08 1.293560357999999970e+08 1.907921300000000000e+07 1.141175865999999940e+08
1.190891362419999987e+08 7.563350149179999530e+07 2.157469700000000000e+07 1.836033942881999910e+08
9.053400145999999344e+07 1.072414425760000050e+08 3.053218100000000000e+07 1.273656304000000004e+06
1.044350977800000012e+08 9.323389385999999940e+07 2.571676400000000000e+07 1.357877530999999959e+06
1.067438674599999934e+08 1.152460419000000060e+08 2.188019200000000000e+07 1.749613876999999955e+07
9.366303370000000298e+07 1.710532320000000000e+08 2.272889500000000000e+07 5.803237200000000000e+07
1.254037015299999565e+08 8.014216837999999523e+07 1.975324100000000000e+07 1.553144949300000072e+08
1.216410487000000179e+08 8.488111285999999940e+07 2.154785000000000000e+07 6.882171356999999285e+07
7.420290187999999523e+07 1.671262811999999881e+08 4.457335300000000000e+07 1.272140419999999925e+07
8.134127836999998987e+07 1.438310810000000000e+08 2.970150500000000000e+07 1.947981851999999955e+07
8.073485269999997318e+07 1.894349290000000000e+08 2.732251400000000000e+07 5.431725710000000149e+07
1.084492103900000155e+08 1.360814650000000000e+08 2.018050900000000000e+07 3.105836092000000179e+07
9.372651395999999344e+07 1.171047894000000060e+08 2.636206800000000000e+07 1.130404276700000092e+07
1.035585741500000060e+08 1.268733890000000000e+08 2.166054800000000000e+07 2.384977546999999881e+07
1.125917213460000008e+08 8.736181210899999738e+07 2.493831700000000000e+07 3.091853116000000155e+05
1.085414134000000060e+08 1.624099080000000000e+08 1.926491100000000000e+07 6.510220300000000000e+07
8.211319565999999642e+07 1.647832990000000000e+08 2.756460000000000000e+07 3.410303457999999821e+07
1.206622792800000012e+08 8.266955359000000358e+07 2.036967500000000000e+07 1.309459421899999976e+08
1.019883910000000447e+08 1.573123050000000000e+08 2.059469900000000000e+07 4.586166979999999702e+07
1.043563398589999974e+08 1.018282102000000030e+08 2.400465900000000000e+07 7.392044750999999233e+06
1.127333530199999809e+08 8.500282732999999821e+07 2.324698500000000000e+07 4.312700564999999851e+07
7.499766657000000775e+07 1.604319920999999940e+08 4.492783400000000000e+07 8.718718130000000820e+06
1.092680322800000012e+08 9.066518934999999404e+07 2.467516200000000000e+07 1.322228387000000104e+06
7.833575326000000536e+07 1.501768354000000060e+08 3.087618800000000000e+07 2.171688867999999970e+07
9.042352498000000417e+07 1.346098545000000000e+08 2.591221100000000000e+07 2.109425862000000104e+07
1.039960436133999974e+08 9.544668364000000060e+07 2.529624900000000000e+07 2.693569544400000013e+06
1.084796597169999927e+08 1.066063580000000000e+08 2.242259400000000000e+07 1.217910132100000046e+07
8.718880867000000179e+07 1.187177635000000000e+08 2.959774400000000000e+07 7.304997196999999695e+06
1.112182220699999928e+08 8.372887940000000596e+07 2.273009400000000000e+07 8.943534523999999464e+07
1.208099082839999795e+08 7.477187398190000653e+07 2.107027200000000000e+07 1.854527382685000002e+08
1.223776758110000044e+08 8.012959092000000179e+07 2.016809500000000000e+07 1.466182290399999917e+08
1.192897259500000179e+08 8.614669959999999404e+07 1.984944600000000000e+07 1.946599775500000119e+08
1.078798534300000072e+08 9.319211660999999940e+07 2.445189100000000000e+07 2.826563040000000037e+06
1.080869930400000066e+08 9.014476071199999750e+07 2.526857600000000000e+07 5.556687419999999693e+05
1.143315758299999833e+08 9.088225150000000000e+07 2.350369500000000000e+07 7.949907500000000000e+06
1.061728109899999946e+08 1.431110060000000000e+08 2.009658200000000000e+07 3.961302400000000000e+07
1.103009524800000042e+08 9.241698373999999464e+07 2.406237000000000000e+07 2.998020839999999851e+06
8.547829564699999988e+07 1.105077797536000013e+08 3.213744300000000000e+07 5.241600648494999856e+07
1.104910304000000060e+08 1.516590300000000000e+08 1.920342700000000000e+07 5.393076200000000000e+07
1.225849145300000012e+08 7.864909770000000298e+07 2.081143800000000000e+07 1.193963165999999940e+08
1.084531486899999827e+08 9.582057145999999344e+07 2.384907900000000000e+07 4.897252160000000149e+06
1.235016780910000205e+08 7.327995299300000072e+07 2.090058200000000000e+07 1.823968432697899938e+08
1.218087691400000155e+08 8.433435359000000358e+07 2.067225000000000000e+07 1.026141107999999970e+08
1.144741741900000423e+08 9.649278450000000000e+07 2.289742900000000000e+07 6.441292300000000745e+06
1.052419315000000000e+08 1.555636210000000000e+08 1.978550900000000000e+07 5.639681200000000000e+07
1.100020349280000031e+08 1.117083509000000060e+08 2.167036400000000000e+07 1.590545456900000013e+07
7.303239995000001788e+07 1.842526784000000060e+08 4.329756800000000000e+07 2.382329889999999851e+07
1.061264699000000060e+08 1.240611217999999970e+08 2.074946200000000000e+07 6.024472289999999851e+07
1.106243563149999976e+08 1.174765812999999970e+08 2.107523700000000000e+07 1.989915683999999985e+07
1.114215219700000435e+08 9.476061579999999702e+07 2.350194900000000000e+07 4.778298240000000224e+06
7.932536356999999285e+07 1.287668000799999982e+08 3.338654700000000000e+07 7.454325306000000797e+06
1.105775673834999949e+08 1.051055274000000060e+08 2.226274700000000000e+07 1.168695706640000083e+07
9.781078849400000274e+07 1.061996677999999970e+08 2.603708100000000000e+07 6.688562360000000335e+06
1.165104636599999964e+08 1.044119502000000030e+08 2.094298700000000000e+07 3.972807024000000209e+07
7.366002024000000954e+07 1.696169670999999940e+08 4.284907800000000000e+07 1.666439639000000060e+07
7.629871817000001669e+07 1.437054785999999940e+08 3.759644500000000000e+07 1.000693506999999844e+07
9.392093150800001621e+07 1.044079092500000000e+08 2.866014400000000000e+07 2.234339894499999937e+06
9.499947636699998379e+07 1.034188298199999928e+08 2.822318100000000000e+07 2.386574663900000043e+06
7.676517989000001550e+07 1.571930555000000000e+08 3.144776100000000000e+07 2.528613085000000149e+07
9.810049746999999881e+07 9.885328679000000656e+07 2.781295500000000000e+07 1.344068270999999950e+06
1.219931610100000054e+08 8.376297614000000060e+07 2.145918000000000000e+07 7.488935060999999940e+07
7.318495706000000238e+07 1.772725805999999940e+08 4.231778400000000000e+07 2.164568680000000075e+07
1.035634746700000167e+08 1.481657430000000000e+08 2.054926100000000000e+07 3.797775640000000596e+07
1.120552564000000060e+08 1.442357600000000000e+08 1.925277800000000000e+07 4.657859620000000298e+07
8.912859748173999786e+07 1.061472071661709994e+08 3.104066500000000000e+07 1.766350758312200010e+07
1.043981512999999970e+08 1.102708042999999970e+08 2.289451600000000000e+07 1.356238961999999918e+07
1.038774997000000179e+08 1.568501500000000000e+08 2.012298500000000000e+07 4.943899110000000149e+07
1.047066175300000012e+08 1.161569839000000060e+08 2.225916800000000000e+07 1.717397010900000110e+07
1.181650821799999774e+08 8.102178457999999821e+07 2.191846800000000000e+07 8.108777656000000238e+07
7.927179440000000596e+07 1.881433330000000000e+08 2.805112200000000000e+07 5.047226070000000298e+07
1.131039671609999835e+08 8.282723495300000906e+07 2.181062900000000000e+07 1.485330204429999888e+08
1.064202117660000026e+08 1.008605364000000060e+08 2.355277600000000000e+07 7.700282790000000969e+06
1.043891311299999952e+08 1.191525294000000060e+08 2.207450600000000000e+07 1.899604390799999982e+07
7.706992566200000048e+07 1.473356245399999917e+08 4.405671000000000000e+07 3.257730981999999844e+06
1.126705660999999940e+08 9.562667600000000000e+07 2.262106200000000000e+07 2.131137780000000075e+07
9.960018165199999511e+07 1.046084570999999940e+08 2.545688300000000000e+07 6.838305224999999627e+06
8.146478847000001371e+07 1.435382565000000000e+08 2.945934600000000000e+07 4.184608535000000149e+07
1.250648944099999964e+08 8.221503090000000596e+07 1.926976500000000000e+07 1.989086696399999857e+08
1.106860795000000000e+08 1.002774689000000060e+08 2.283262200000000000e+07 8.385544599999999627e+06
1.142206647000000030e+08 1.073400899000000060e+08 2.165242000000000000e+07 1.373254480000000075e+07
1.167985162660000026e+08 7.970811370499999821e+07 2.117100100000000000e+07 1.486676676613999903e+08
9.928279490999999642e+07 1.200313790000000000e+08 2.363247600000000000e+07 1.734942183999999985e+07
1.043852860799999982e+08 9.798316089000000060e+07 2.456032200000000000e+07 5.556106629999999888e+06
1.175736337600000054e+08 8.391336540000000596e+07 2.258512300000000000e+07 4.753287977000000328e+07
1.157133544500000179e+08 1.185211200000000000e+08 2.048702900000000000e+07 2.315459239999999851e+07
7.784706650000000000e+07 1.594157185999999940e+08 3.032665600000000000e+07 2.806167480000000075e+07
1.123817828100000173e+08 1.273818767999999970e+08 1.930957000000000000e+07 1.086790675999999940e+08
1.087247364300000072e+08 1.305745017999999970e+08 1.976904700000000000e+07 1.040653235999999940e+08
1.098552584329999834e+08 8.731452467100000381e+07 2.518001400000000000e+07 7.559348243999999948e+06
