9.1411287613E7 1.1666157821E8 2.9886545E7 5074273.794000001
1.109610356184E8 9.2552953975166E7 2.5805222E7 1.48992866488891E8
1.22907357317E8 9.045859969E7 2.3994321E7 1.59890872979E8
1.1145223491000004E8 1.14738987E8 2.5788408E7 2.3034396200000003E7
1.1852971066E8 9.04776892E7 2.4536224E7 1.5440556897E8
1.11964234961E8 1.00882850688E8 2.833122E7 362800.0969
1.12661768646E8 9.7811873804E7 2.7336605E7 3.04275930012E7
8.5674354754E7 1.2025889718E8 3.1249946E7 4476231.6775
7.9181856538E7 1.2285632312E8 3.4921741E7 2098234.0904
8.454101149000001E7 1.1481736137E8 3.3475449E7 6716988.53
9.17178061E7 1.11106381225E8 3.1130013E7 789595.822
7.900883487E7 1.2814354181E8 3.3063715E7 6430915.555
1.2229267391E8 8.7271819973E7 2.4525906E7 1.63272667494E8
1.1746687687E8 9.405434993E7 2.5630827E7 8.399016428E7
1.12658138206E8 9.03307240274E7 2.5902318E7 1.841261908744E8
1.2114290743E8 8.723441617E7 2.4628348E7 1.70196397673E8
8.3578062568E7 1.1996573737E8 3.2310796E7 2955696.6761
1.0418982156E8 9.956147703E7 2.7503537E7 6.516972824E7
1.053746004E8 1.0616983172E8 2.8265489E7 2762250.15
9.815668895200002E7 1.0392500655E8 2.9439668E7 2.76593063E7
9.5900079029E7 1.011659480033E8 2.8963589E7 1.705764608121E8
1.023496963E8 1.45378229E8 2.4524807E7 3.80712838E7
1.0500053302E8 1.099282636E8 2.772454E7 5111926.33
8.577223576500002E7 1.116506803213E8 3.1274688E7 9.25704477923E7
1.0721027406E8 9.36549214987E7 2.6391038E7 1.863857396472E8
1.057683556E8 1.46749985E8 2.4013291E7 3.65118605E7
1.10280160637E8 9.21266226442E7 2.585866E7 1.882283462742E8
1.074917279E8 1.286004501E8 2.4255578E7 6.71695578E7
1.13004737769E8 9.176068665E7 2.5225798E7 1.84995466785E8
1.0819558368E8 1.284220768E8 2.406686E7 7.549208173E7
8.040172213000001E7 1.300322528E8 3.1922205E7 8407189.023
9.86132253E7 1.56188481E8 2.4676971E7 3.89764526E7
8.409896826500002E7 1.136990384902E8 3.1936811E7 6.90559722113E7
8.883092885000001E7 1.446413457E8 2.7394466E7 2.3176326610000003E7
7.460184631E7 1.7760784E8 3.0807279E7 3.78942224E7
1.1380448706E8 1.273219839E8 2.3473651E7 7.90813093E7
9.6200717125E7 1.009203837821E8 2.8894739E7 1.725430119023E8
1.0008136320000002E8 1.45523175E8 2.4872478E7 3.83522107E7
9.5453800458E7 1.02104150117E8 2.8510647E7 1.589295618616E8
1.0971162954E8 1.218715969E8 2.4490605E7 6.048959702E7
1.06207694648E8 9.38195080335E7 2.692474E7 1.907203697371E8
1.0068792896E8 1.284420346E8 2.6294134E7 1.701539166E7
9.941387133E7 1.53912198E8 2.4826552E7 3.206780682E7
9.817245508E7 1.018355526E8 2.7866779E7 1.0925137078E8
9.326350061E7 1.58190174E8 2.5668343E7 3.273354785E7
8.543628053000003E7 1.441506722E8 2.8274011E7 2.32536598E7
1.021577777E8 1.55775657E8 2.4021744E7 4.88168515E7
8.722752695000002E7 1.54616083E8 2.7082436E7 2.878809445E7
1.1060031084E8 1.38262961E8 2.4104865E7 2.74581478E7
9.0833395367E7 1.286328975E8 2.8432271E7 1.276695922E7
9.735684747E7 1.07064550173E8 2.952322E7 1.3448863394E7
8.349461091999999E7 1.86389197E8 2.6512253E7 5.8605826E7
8.530724514000002E7 1.16512145124E8 3.2482092E7 1213834.345
1.1253307389E8 1.005828524E8 2.4290328E7 1.878525829E8
7.731105420000002E7 1.2758544957E8 3.4979324E7 4618490.664
1.1842926145000002E8 9.718460532E7 2.5247162E7 8.265585409E7
9.693369056E7 1.0141240613E8 2.910282E7 9.9594030122E7
1.2027866916E8 8.7269195932E7 2.5051357E7 1.65850424859E8
9.112086923E7 1.63961041E8 2.5813899E7 3.598794267E7
1.0240428404999998E8 1.36369726E8 2.5361824E7 2.188288642E7
9.65341809E7 1.5618461E8 2.4957736E7 4.08492871E7
1.11689853547E8 9.3452559534E7 2.5215315E7 1.87268463972E8
1.116626888E8 1.30693538E8 2.4708656E7 1.99674322E7
1.1436008675E8 9.94295296E7 2.7075365E7 2.741387886E7
1.1930438819000004E8 9.715043776E7 2.462212E7 1.045187328E8
8.3237948426E7 1.79922568E8 2.6822997E7 4.59612757E7
1.1483757595E8 9.7272047E7 2.6469802E7 4.9718277E7
1.1676783731E8 9.770553308E7 2.5783624E7 6.5412429009E7
1.1232709294E8 9.3646388404E7 2.6651821E7 8.8146387899E7
1.0001477239999998E8 1.73302241E8 2.3905965E7 6.1948982E7
1.1054882510000002E8 1.31619404E8 2.4699715E7 2.04074119E7
1.07862289879E8 9.314429311549E7 2.6615801E7 1.6934231836793E8
8.972519666000001E7 1.491291355E8 2.6203892E7 9.690555312E7
1.1907751570499998E8 8.744266743472001E7 2.5064791E7 1.7739104332822E8
9.951405015E7 1.479223519E8 2.4432469E7 1.068373347E8
1.0827542284000002E8 1.079603533E8 2.749053E7 4604924.68
1.05607620066E8 1.240280115E8 2.5904996E7 1.4699918198E7
9.998152853000002E7 1.0407902808E8 2.6605724E7 1.8361629217E8
8.137827563100003E7 1.66920674E8 2.7757336E7 4.41351991E7
1.0079877042E8 1.01090861294E8 2.8171747E7 6.2344170855E7
7.9241689E7 1.76490203E8 2.8186709E7 3.88092411E7
7.563070261E7 1.475897802E8 3.2528865E7 1.814043914E7
9.315843178E7 1.45207754E8 2.6427412E7 2.449041744E7
1.0167411647E8 1.04481852422E8 3.0033972E7 357749.61600000004
1.2088946058799998E8 9.290549032E7 2.4638366E7 1.18636182035E8
1.1465451817299998E8 9.669334156E7 2.45469E7 1.39933867381E8
1.1363532785999998E8 1.0833196254E8 2.6475418E7 1.771007654E7
1.081005941E8 1.01375102E8 2.500719E7 1.9423075041E8
1.1847877786E8 9.012920121E7 2.5178949E7 1.2567677395E8
9.515555536E7 1.332264183E8 2.6984408E7 1.7391504433E7
1.065032641E8 1.172571146E8 2.6510549E7 1.03396845E7
9.256837657E7 1.71937607E8 2.5233529E7 4.49180075E7
1.06551739933E8 1.00925218671E8 2.916806E7 5714399.844
9.349351426E7 1.41357292E8 2.6650389E7 2.2068084623E7
8.338081693E7 1.1812727168E8 3.3016676E7 1539239.632
1.14206820529E8 9.72750244541E7 2.7068796E7 3.55987675335E7
1.0558386006E8 1.4927251E8 2.4082945E7 3.21776711E7
1.0595978435000002E8 1.3784443E8 2.4708433E7 2.3812450598E7
9.6126692343E7 1.201584002E8 2.8188498E7 9038699.6638
1.0646930366000004E8 1.0271083797E8 2.8865315E7 532947.615
1.1450267888E8 9.391837351E7 2.5835802E7 8.922538644E7
8.364459322E7 1.77723209E8 2.6593185E7 5.9610459E7
1.1907997546E8 9.761467544E7 2.4408875E7 1.1242412759E8
1.1518918069900005E8 9.873284851E7 2.5899386E7 6.1072571093E7
8.617366249000001E7 1.305743738E8 2.9501397E7 1.2134371812E7
1.2307827563E8 9.80869766E7 2.3497564E7 1.479777134E8
1.0168533715E8 1.1043631165E8 2.8329989E7 4494053.71
8.277028395E7 1.7597387E8 2.7159231E7 4.02405989E7
1.0859283189E8 1.4289401E8 2.4107645E7 2.7446034356E7
1.1252202918999998E8 1.374082476E8 2.3091356E7 1.033587478E8
1.2121025563E8 9.84003792E7 2.4036509E7 1.2211271967E8
1.0026937639000002E8 1.0932747609E8 2.8874283E7 3072018.92
1.11953902E8 1.35457607E8 2.4039482E7 3.16883648E7
8.299311688E7 1.1510036632E8 3.3587312E7 1.8197291455E7
1.0091140586E8 1.046096021E8 2.8467697E7 2.97569034E7
1.0859558181E8 1.0138832581E8 2.8822455E7 376002.723
9.354200432E7 1.479914907E8 2.5450679E7 1.008187079E8
1.104441203E8 1.134006656E8 2.6508252E7 8484412.0
8.96517563E7 1.297974186E8 2.8609066E7 1.3032531936E7
1.1448204546E8 1.1189481175E8 2.5309667E7 4.119940562E7
9.699657714E7 1.49428286E8 2.5434239E7 2.846261693E7
1.0345199712800002E8 1.163412034E8 2.7140966E7 8926422.4931
9.446824563E7 1.51217032E8 2.5789423E7 2.874969968E7
9.030729366E7 1.53559813E8 2.64779E7 2.882600243E7
1.0767403225E8 1.040107279E8 2.8282225E7 1606209.38
9.064270657900004E7 1.06005524692E8 2.995439E7 1.275751774802E8
8.242446487E7 1.265935045E8 3.1490024E7 7282671.708
1.2117315363E8 9.6306313E7 2.3397344E7 1.8038049984E8
1.1610661496E8 1.249311697E8 2.349005E7 7.73881842E7
9.560887338000004E7 1.43155127E8 2.6088547E7 2.3997840899E7
8.9618055373E7 1.269618637E8 2.8939381E7 1.1179719292E7
7.798789866E7 1.3664992424E8 3.2079362E7 2.400448216E7
9.100093215E7 1.50242276E8 2.6544525E7 2.68530805E7
8.83083294E7 1.50820096E8 2.7101144E7 2.620534391E7
8.753828999000001E7 1.14671416151E8 3.1941492E7 995248.844
1.1373550115999998E8 1.162006156E8 2.4675318E7 5.279129271E7
1.126616163E8 1.42269687E8 2.3503976E7 3.99131157E7
1.0843411647550005E8 1.204999615E8 2.5897778E7 1.294186122809E7
8.112172208000001E7 1.347617908E8 3.0846344E7 1.2417228042E7
1.1752703471E8 9.79137974E7 2.3800953E7 1.6473848197E8
7.850776246E7 1.549746318E8 2.987463E7 2.440042213E7
1.0544849459E8 1.35104891E8 2.4974098E7 2.1931722377E7
1.1280558602799998E8 9.84870486583E7 2.7602823E7 2.12021591846E7
1.167913375338E8 9.08189768179E7 2.4719973E7 1.583592023222E8
1.0479509136E8 1.152586375E8 2.6996694E7 8835509.753999999
1.0131985806E8 1.46474569E8 2.4881732E7 2.793596032E7
1.0240114952E8 1.50059873E8 2.4542358E7 3.052123279E7
9.124851806E7 1.08307288513E8 3.0612787E7 2.8333070809E7
1.046874448E8 9.998173401E7 2.5888871E7 1.8670320814E8
1.02992629831E8 1.2425587E8 2.631004E7 1.4230202658E7
8.302590145000002E7 1.506751844E8 2.8113013E7 6.04486829E7
8.021308034E7 1.73687227E8 2.7975666E7 3.732151192E7
1.0977015424499996E8 9.6538243124E7 2.7718096E7 5.1446746815E7
1.1593578373E8 1.223520049E8 2.3784047E7 6.92457837E7
1.0225922114000002E8 1.0826119464E8 2.8579514E7 3144896.12
1.0419157402E8 1.37553202E8 2.4994385E7 2.3082356852E7
9.14102204E7 1.7605854E8 2.5175471E7 5.4628346E7
9.189597037E7 1.0844693254E8 3.0617454E7 2.0491258366E7
1.0328014525E8 9.982074941E7 2.6261065E7 1.84062866781E8
9.942722182E7 1.04186845123E8 2.9512773E7 1.4708141202E7
7.940066638999999E7 1.2240071248E8 3.5149599E7 1683487.5129999998
1.00267156023E8 9.7761539891E7 2.8042475E7 1.896927974243E8
1.0741556401E8 1.16157723E8 2.649686E7 9967363.7
8.540990113E7 1.79946564E8 2.615223E7 5.8306671E7
9.371971083E7 1.0577518985E8 2.9372622E7 6.058239033E7
1.0635140248499998E8 9.5168179326E7 2.6228419E7 1.846462296495E8
1.1650908541300002E8 9.4125032919E7 2.60329E7 7.3543962374E7
9.392394537E7 1.1171672465E8 3.0083043E7 2537006.17
1.138330002E8 1.39762039E8 2.3482246E7 4.35784806E7
9.214363174099998E7 1.044210213787E8 2.9979883E7 1.412508287621E8
1.1544270305000004E8 1.001116631E8 2.3858164E7 2.04873822E8
9.7462370505E7 1.267782172E8 2.7108506E7 1.4146194516E7
8.752243219700001E7 1.1793463645E8 3.0933602E7 4031424.5248
9.3058123901E7 1.250490046E8 2.8275011E7 1.1485704097E7
8.2881989908E7 1.150254838569E8 3.2512705E7 6.57383184323E7
8.10242849E7 1.90118084E8 2.7117327E7 5.8178868E7
8.135283819E7 1.56960919E8 2.8611534E7 2.702932748E7
9.135638923E7 1.1374457823E8 3.0512262E7 2575029.4400000004
1.0656865153E8 1.00906657964E8 2.8678872E7 1.0115366608E7
1.1696549620000002E8 9.821973897E7 2.5245118E7 8.14973239E7
1.212897784E8 9.08843102E7 2.4605302E7 1.2989312912E8
9.790476854999998E7 1.06995453095E8 3.0139941E7 632668.1270000001
1.04466866924E8 1.00804181311E8 2.8311876E7 2.9869943501E7
1.1226932361E8 1.2933871E8 2.4714776E7 2.10271635E7
1.0909919531000005E8 1.098759927E8 2.7113393E7 5951822.4
9.3658420545E7 1.030594392485E8 2.9536131E7 1.512700488002E8
1.1274707018E8 1.211887031E8 2.4511268E7 4.75059641E7
8.674460058000001E7 1.81646483E8 2.5917513E7 5.627712E7
1.106960224E8 1.24576949E8 2.5306583E7 1.58042909E7
9.549993721E7 1.08155253078E8 3.070282E7 592505.8409999999
1.02177881399E8 9.666623618E7 2.7325362E7 1.853900324477E8
9.248558479E7 1.2269853E8 2.872923E7 9441926.12
1.1285971793999998E8 1.108787334E8 2.5903791E7 2.7459249880000003E7
1.20979168111E8 9.011300965E7 2.4034289E7 1.79876364844E8
1.0867035744000004E8 1.55722388E8 2.3479347E7 4.02840728E7
7.512887673000002E7 1.5394278852E8 4.4142592E7 5864305.76
8.087805521E7 1.72984755E8 2.7584077E7 4.9557938E7
1.1174577308E8 9.68083838E7 2.634987E7 6.731490618E7
9.8538144314E7 9.99706908507E7 2.7766198E7 1.581152298206E8
1.2103848404E8 9.06341261E7 2.4637118E7 1.3078344146E8
9.9566357214E7 9.9218207378E7 2.7531895E7 1.749200286579E8
1.0884622495E8 9.956658372E7 2.7607279E7 2.948349086E7
9.575397148E7 1.299018892E8 2.7153229E7 1.5591821005E7
9.743828699E7 1.0678524584E8 2.7037873E7 1.7958482017E8
1.0437634073E8 1.0338978564E8 2.9323489E7 418554.537
8.8759238935E7 1.21000726E8 3.0030122E7 6581203.638699999
8.084796698300001E7 1.184561389288E8 3.4773282E7 9911910.751850002
1.107557789E8 1.47350432E8 2.3466409E7 3.95077062E7
9.5909963018E7 1.156271618E8 2.8854441E7 6020618.4617
9.939169077E7 1.0836497483E8 2.926983E7 2132781.59
1.0392652773E8 9.6145792317E7 2.6754883E7 1.838815077583E8
9.9871086306E7 1.200146075E8 2.7361883E7 1.059494117E7
1.2156489208E8 9.78322936E7 2.3991692E7 1.2548229216E8
7.571896623E7 1.69938475E8 3.0318487E7 3.5235252E7
1.0867474231999998E8 1.011657657E8 2.7190401E7 3.56180508E7
9.812209564000002E7 9.9567049695E7 2.8169003E7 1.765529039982E8
9.127360167E7 1.224323207E8 2.9063473E7 8888615.452000001
1.0942019031E8 1.403016333E8 2.3305203E7 1.04112745E8
1.1217092021760002E8 9.063010007549E7 2.6021201E7 1.7791693528277E8
1.0252197213E8 1.057493862E8 2.5828682E7 1.9402804095E8
9.46346811E7 1.7145589E8 2.4655487E7 5.9909421E7
8.553924459E7 1.232346121E8 3.0714328E7 7074685.090000001
1.1586558404999998E8 9.24259505E7 2.5120394E7 1.2321715918E8
1.08041514573E8 1.280945005E8 2.5221963E7 1.7844211193400003E7
9.7350271841E7 1.247815291E8 2.7352204E7 1.2685805407E7
8.024848926000002E7 1.4304435971E8 2.9913084E7 4.810520532E7
7.695874532E7 1.72331046E8 2.93521E7 3.96140602E7
8.568751496000001E7 1.276780969E8 3.0017109E7 1.0040604145E7
1.059338051E8 1.55413359E8 2.3503148E7 5.26525502E7
1.1700027241400003E8 9.67872596E7 2.5143279E7 9.052326979E7
8.661097641000003E7 1.412564488E8 2.8281967E7 1.9356482926E7
7.854140626999998E7 1.68720491E8 2.8744011E7 4.02314825E7
7.286597052E7 1.829367921E8 3.6412711E7 3.20139581E7
8.957323461E7 1.368544473E8 2.7903918E7 1.7795950948E7
8.594261463999999E7 1.273088986E8 2.9984634E7 9853649.859
1.072610097E8 1.51644281E8 2.3496287E7 4.87088766E7
8.025350197999999E7 1.81925485E8 2.7619627E7 4.33667616E7
7.871337240999998E7 1.5999641E8 2.9371878E7 2.790503158E7
8.1287546628E7 1.2095817809E8 3.343845E7 2319169.1134
1.1268531575E8 1.1529569734E8 2.5132215E7 4.05347117E7
1.04334118498E8 1.197445391E8 2.653216E7 1.191527644E7
1.1357886613E8 9.971415384E7 2.7591588E7 1.582664542E7
1.12302313726E8 1.0863348276E8 2.647427E7 1.8410098455E7
1.117900245E8 1.080195681E8 2.7122822E7 5103713.19
1.1987935609700002E8 9.071771975E7 2.5003902E7 1.19124986329E8
1.1855691240999997E8 9.89357048E7 2.3479693E7 2.043936889E8
8.085182886600003E7 1.2330183813E8 3.2984913E7 3910915.801
1.11531647951E8 9.756747418E7 2.7002347E7 4.389796717E7
9.384441899E7 1.0802749435E8 3.1276874E7 4030222.345
1.104673813E8 1.184240638E8 2.5920762E7 1.18889042E7
1.0984316023E8 9.78916072E7 2.6589443E7 6.395536895E7
7.722396492E7 1.79639759E8 2.8920803E7 4.00600738E7
1.1345484873999998E8 1.243925851E8 2.383162E7 6.733615573E7
7.492300007E7 1.455019161E8 3.3712953E7 1.560101939E7
8.788111561000001E7 1.71639696E8 2.5873325E7 5.3672211E7
1.1072140717000002E8 1.0458254974E8 2.7728058E7 2705171.1500000004
1.1063113590000002E8 1.44597979E8 2.3456328E7 4.45435756E7
8.753947157000001E7 1.213617493E8 3.0316945E7 6688976.22
9.725135798E7 1.1034586545E8 2.944799E7 2659547.08
1.0859170104999998E8 1.432557708E8 2.3329201E7 1.091124391E8
9.600532592E7 1.1196558199E8 2.943944E7 3535095.32
7.633687803E7 1.576990224E8 3.085058E7 2.522852923E7
8.341009441E7 1.138647528E8 3.2950193E7 4.176210095E7
1.1255678487E8 1.294042418E8 2.3555377E7 7.36930629E7
8.906163553E7 1.64283908E8 2.6215181E7 3.5042465190000005E7
1.098798359E8 1.10270058E8 2.6260733E7 2.60538947E7
1.2317948285E8 9.76047371E7 2.3456864E7 1.523116537E8
8.7804766322E7 1.1843670733E8 3.0736117E7 4556200.0651
9.528275308E7 1.451773669E8 2.5241027E7 9.88266735E7
1.1824783882E8 9.43581532E7 2.5179988E7 9.62659486E7
8.107409750000001E7 1.1718321462E8 3.4317373E7 1.9108574042E7
1.1707090243E8 9.904916282E7 2.5294251E7 7.682310449E7
8.211944242999999E7 1.58771817E8 2.8238606E7 2.854784355E7
1.1212397326000002E8 9.80108259E7 2.64549E7 5.608833871E7
1.1893625068999998E8 9.819362001E7 2.4543296E7 1.0485224128E8
1.13808632712E8 9.4235907577E7 2.6226394E7 7.8123822519E7
1.12569298102E8 1.0838645519E8 2.6411083E7 2.0389102098E7
7.862829037E7 1.498711814E8 3.0284921E7 2.106811162E7
1.007789784E8 9.9055263368E7 2.7121355E7 1.77844279352E8
1.042699951E8 1.67133511E8 2.3437749E7 5.9707719E7
1.044070186E8 1.55184734E8 2.4006058E7 3.61530225E7
9.043746792000002E7 1.485563921E8 2.6073105E7 9.407283112E7
9.90388227512E7 1.143587728E8 2.8312709E7 6244876.15027
1.07919047525E8 9.9883935431E7 2.8122312E7 1.9824010069E7
9.198267924E7 1.331848201E8 2.7675758E7 1.6313780448E7
8.540484191999999E7 1.12822020936E8 3.2808672E7 1.7472719081E7
1.0779993859000002E8 1.2039276592E8 2.4998979E7 5.18675722E7
1.0250922616E8 1.46478814E8 2.4697431E7 2.829603925E7
7.798917102000001E7 1.424820553E8 3.1434952E7 1.5791709930000002E7
7.714382022E7 1.2826141284E8 3.4955609E7 5006284.59
1.1205922288E8 9.57988368E7 2.5706085E7 9.85518797E7
8.360192167E7 1.15634817879E8 3.2421513E7 2.6550962343E7
8.981299308999999E7 1.11799170558E8 3.2175885E7 519554.027
8.514767424000001E7 1.81916169E8 2.6284298E7 5.20111345E7
1.2445353522E8 9.36697994E7 2.3452821E7 1.7137281001E8
7.466662527000001E7 1.601337915E8 3.2015317E7 2.552030024E7
1.2326443306E8 9.34764157E7 2.3471669E7 1.7663139651E8
1.0746599387000003E8 9.882680172E7 2.7123507E7 5.633515953E7
9.8600786506E7 1.253888452E8 2.7019338E7 1.3670995823E7
9.610765923E7 1.61821627E8 2.503184E7 3.66574791E7
7.473919458E7 1.81771956E8 3.056607E7 3.96693096E7
1.0762151771E8 1.35963668E8 2.4646913E7 2.2845310937E7
8.980779164999999E7 1.1335474112E8 3.1128745E7 1767950.036
7.302120756E7 1.691970531E8 3.9957201E7 1.977071632E7
1.061419279154E8 9.484209896153E7 2.679816E7 1.43300469847787E8
1.2125380760999998E8 9.362750139E7 2.4099459E7 1.385850611E8
1.2015368522E8 9.592660266E7 2.4083848E7 1.3182723506E8
8.554070068E7 1.358813043E8 2.8822431E7 2.86190186E7
7.917346580000001E7 1.20221449646E8 3.4961053E7 2.566881807E7
1.1011167877E8 1.307058627E8 2.3724721E7 7.4777312E7
8.991679867000002E7 1.317072991E8 2.8318081E7 1.4568992148999998E7
8.288431367000002E7 1.481761927E8 2.8732125E7 2.37377694E7
8.524644103E7 1.392880967E8 2.8845967E7 1.758085934E7
1.16872728077E8 9.389235799E7 2.4303583E7 1.56865209154E8
9.6929074491E7 1.0444289754E8 2.7496309E7 1.56105484413E8
7.445536250999999E7 1.489534917E8 3.6043644E7 1.43674033E7
1.0275004916E8 1.29207411E8 2.5885893E7 1.7414239847E7
7.699764419000001E7 1.334235945E8 3.3618321E7 8905927.33
7.92903171E7 1.91346885E8 2.7714179E7 5.52004038E7
8.112844223400001E7 1.2434254709E8 3.254135E7 5050978.666
7.51696893E7 1.87285974E8 3.011025E7 4.43013341E7
