1.115147719000000209e+08 1.290988540000000000e+08 2.459750500000000000e+07 2.608221050000000000e+07
9.141128761300000548e+07 1.166615782099999934e+08 2.988654500000000000e+07 5.074273794000000693e+06
1.015657354899999797e+08 1.048017173649999946e+08 2.973136100000000000e+07 4.324133080000000191e+05
1.107426370000000000e+08 1.259007684000000060e+08 2.517280400000000000e+07 1.673927719999999925e+07
1.218175518799999952e+08 9.015839559999999404e+07 2.449132800000000000e+07 1.381350204600000083e+08
1.109610356183999926e+08 9.255295397516599298e+07 2.580522200000000000e+07 1.489928664888910055e+08
1.229073573170000017e+08 9.045859968999999762e+07 2.399432100000000000e+07 1.598908729790000021e+08
1.147289589800000042e+08 9.714043540000000596e+07 2.625247200000000000e+07 5.672665679999999702e+07
1.096531831260000020e+08 9.808615335600000620e+07 2.805985000000000000e+07 2.882589734899999946e+07
1.101245056560000181e+08 1.007083954769999981e+08 2.883692300000000000e+07 2.154038683000000019e+05
1.082538699899999946e+08 1.004521369249999970e+08 2.865600700000000000e+07 6.671165216000000015e+06
1.151604262099999934e+08 9.750735229999999702e+07 2.649096400000000000e+07 4.769902234000000358e+07
8.712440947000002861e+07 1.149819495000000000e+08 3.188835900000000000e+07 1.377486204999999842e+06
1.168476672280000001e+08 9.701923282999999821e+07 2.579097400000000000e+07 6.743700042800000310e+07
1.168873277810000181e+08 9.278222878900000453e+07 2.560888300000000000e+07 9.380382864499999583e+07
1.102857870000000000e+08 1.152134612999999970e+08 2.626681700000000000e+07 1.036730136999999918e+07
1.147730662199999988e+08 9.752034762999999523e+07 2.693050500000000000e+07 3.701528307999999821e+07
1.146186482199999988e+08 9.884571129999999702e+07 2.689725200000000000e+07 3.327235494999999925e+07
9.568289579999999702e+07 1.057228597230000049e+08 3.033761100000000000e+07 1.717719512999999896e+07
1.114522349100000411e+08 1.147389870000000000e+08 2.578840800000000000e+07 2.303439620000000298e+07
1.083767047929999977e+08 1.012568790960000008e+08 2.907037600000000000e+07 3.108580617000000202e+05
1.185297106599999964e+08 9.047768920000000298e+07 2.453622400000000000e+07 1.544055689699999988e+08
1.119642349609999955e+08 1.008828506879999936e+08 2.833122000000000000e+07 3.628000969000000041e+05
1.126617686459999979e+08 9.781187380400000513e+07 2.733660500000000000e+07 3.042759300120000169e+07
8.567435475399999321e+07 1.202588971800000072e+08 3.124994600000000000e+07 4.476231677500000224e+06
7.918185653800000250e+07 1.228563231200000048e+08 3.492174100000000000e+07 2.098234090400000103e+06
1.115086236300000399e+08 1.135029070000000000e+08 2.641759900000000000e+07 8.757380400000000373e+06
1.102934589300000072e+08 1.320435490000000000e+08 2.458783000000000000e+07 2.305939589999999851e+07
8.454101149000000954e+07 1.148173613700000048e+08 3.347544900000000000e+07 6.716988530000000261e+06
1.138964715799999833e+08 9.963651020000000298e+07 2.741154500000000000e+07 1.959142380999999866e+07
9.171780609999999404e+07 1.111063812249999940e+08 3.113001300000000000e+07 7.895958220000000438e+05
7.900883487000000477e+07 1.281435418100000024e+08 3.306371500000000000e+07 6.430915554999999702e+06
1.242016024500000179e+08 9.399917700000000000e+07 2.339953000000000000e+07 1.748546498300000131e+08
1.222926739099999964e+08 8.727181997300000489e+07 2.452590600000000000e+07 1.632726674939999878e+08
1.174668768700000048e+08 9.405434993000000715e+07 2.563082700000000000e+07 8.399016428000000119e+07
1.126581382060000002e+08 9.033072402740000188e+07 2.590231800000000000e+07 1.841261908743999898e+08
1.115958510199999809e+08 1.174973442000000030e+08 2.579914100000000000e+07 1.536446830000000075e+07
1.071525257600000054e+08 1.041995255999999940e+08 2.830724900000000000e+07 1.805638898999999976e+06
9.795941620999999344e+07 1.070148011389999986e+08 3.012904300000000000e+07 5.825534810000000289e+05
9.053807121999999881e+07 1.508032925999999940e+08 2.594233000000000000e+07 1.011564774000000060e+08
1.104475342999999970e+08 1.048424359699999988e+08 2.772071000000000000e+07 2.785039750000000000e+06
9.399651167100000381e+07 1.028387936375000030e+08 2.923232500000000000e+07 1.546070873400000036e+08
1.088004356800000072e+08 9.974356900000000000e+07 2.501690500000000000e+07 1.927288814799999893e+08
1.209812899699999988e+08 9.767579229999999702e+07 2.332529500000000000e+07 1.823116515999999940e+08
9.706114281999999285e+07 1.439130396999999881e+08 2.497227900000000000e+07 9.885375209999999404e+07
1.211429074300000072e+08 8.723441617000000179e+07 2.462834800000000000e+07 1.701963976730000079e+08
8.357806256800000370e+07 1.199657373700000048e+08 3.231079600000000000e+07 2.955696676099999808e+06
7.461963094000001252e+07 1.832405560000000000e+08 3.068266800000000000e+07 4.047015490000000596e+07
1.041898215600000024e+08 9.956147703000000119e+07 2.750353700000000000e+07 6.516972824000000209e+07
1.053746004000000060e+08 1.061698317199999988e+08 2.826548900000000000e+07 2.762250149999999907e+06
1.182466717699999958e+08 9.370286100000000000e+07 2.516286400000000000e+07 9.999726121999999881e+07
1.233375826400000006e+08 9.753738729999999702e+07 2.343540800000000000e+07 1.537054301999999881e+08
9.815668895200002193e+07 1.039250065499999970e+08 2.943966800000000000e+07 2.765930630000000075e+07
9.590007902899999917e+07 1.011659480032999963e+08 2.896358900000000000e+07 1.705764608120999932e+08
1.049718425699999928e+08 1.043643863840000033e+08 2.881463700000000000e+07 1.001526425000000047e+06
1.228681835000000000e+08 9.648027250000000000e+07 2.339365800000000000e+07 1.635200286599999964e+08
1.023496962999999970e+08 1.453782290000000000e+08 2.452480700000000000e+07 3.807128379999999702e+07
1.061734696219999939e+08 1.185305662000000030e+08 2.639399900000000000e+07 1.124346882269999944e+07
1.050005330199999958e+08 1.099282635999999940e+08 2.772454000000000000e+07 5.111926330000000075e+06
8.577223576500001550e+07 1.116506803213000000e+08 3.127468800000000000e+07 9.257044779230000079e+07
1.119260551500000060e+08 1.394938328000000119e+08 2.309192900000000000e+07 1.062321430000000000e+08
1.149604000320000052e+08 9.380392006499999762e+07 2.594605100000000000e+07 8.390024351500000060e+07
1.108928946560000330e+08 9.729130934999999404e+07 2.693650800000000000e+07 5.003175728000000119e+07
1.033924684700000435e+08 1.040341085699999928e+08 2.934183200000000000e+07 5.413850010000000475e+05
9.178889818999999762e+07 1.064783233990000039e+08 3.052371800000000000e+07 5.163974243599999696e+07
7.689231679999998212e+07 1.291658684699999988e+08 3.490127500000000000e+07 7.463225372999999672e+06
9.554191340800000727e+07 1.080444018050000072e+08 3.113764300000000000e+07 3.066166116999999504e+05
9.550547951999999583e+07 1.659293910000000000e+08 2.495542200000000000e+07 4.054821560000000149e+07
1.087827564000000060e+08 1.515957310000000000e+08 2.335965000000000000e+07 4.809470039999999851e+07
1.072102740600000024e+08 9.365492149869999290e+07 2.639103800000000000e+07 1.863857396471999884e+08
1.134673451700000018e+08 1.089957675999999940e+08 2.651288700000000000e+07 1.524634666000000015e+07
1.113986479000000060e+08 1.359270110000000000e+08 2.396225000000000000e+07 3.515322689999999851e+07
1.057683555999999940e+08 1.467499850000000000e+08 2.401329100000000000e+07 3.651186050000000000e+07
8.133650418000000715e+07 1.200423915929999948e+08 3.418251300000000000e+07 1.183738068000000203e+06
1.100378174200000018e+08 1.099758895999999940e+08 2.700006400000000000e+07 6.112217400000000373e+06
1.118682887999999821e+08 1.428219210000000000e+08 2.340700500000000000e+07 4.638603350000000000e+07
8.847102888999998569e+07 1.329167385999999940e+08 2.859477900000000000e+07 1.455746988099999912e+07
1.102801606369999945e+08 9.212662264419999719e+07 2.585866000000000000e+07 1.882283462741999924e+08
1.074917279000000060e+08 1.286004500999999940e+08 2.425557800000000000e+07 6.716955779999999702e+07
1.060374707999999970e+08 1.660775710000000000e+08 2.324980300000000000e+07 6.197419300000000000e+07
8.119829948000000417e+07 1.543887740000000000e+08 2.849260800000000000e+07 7.119678762000000477e+07
9.342555703000000119e+07 1.107122742169999927e+08 3.050833600000000000e+07 1.459200284999999916e+06
1.054756415330000073e+08 9.446429081730000675e+07 2.682629200000000000e+07 1.833867088370000124e+08
8.157539829999999702e+07 1.805973450000000000e+08 2.705307800000000000e+07 5.847390800000000000e+07
1.082502541530000418e+08 1.205892675999999940e+08 2.589932000000000000e+07 1.313600267400000058e+07
1.130047377689999938e+08 9.176068665000000596e+07 2.522579800000000000e+07 1.849954667849999964e+08
1.081955836800000072e+08 1.284220767999999970e+08 2.406686000000000000e+07 7.549208173000000417e+07
1.114198349000000060e+08 1.457243870000000000e+08 2.345793800000000000e+07 3.993291079999999702e+07
9.537356500000000000e+07 1.812858770000000000e+08 2.448430600000000000e+07 6.676817600000000000e+07
8.052634186000001431e+07 1.747728840000000000e+08 2.783081600000000000e+07 3.812018907000000030e+07
8.040172213000001013e+07 1.300322527999999970e+08 3.192220500000000000e+07 8.407189023000000045e+06
1.232323371500000060e+08 9.841869229999999702e+07 2.342323600000000000e+07 1.513377400999999940e+08
1.117450757399999946e+08 1.083551889000000060e+08 2.707778400000000000e+07 5.321878500000000000e+06
8.090422639000001550e+07 1.174967851050000042e+08 3.390514300000000000e+07 2.478695418820000067e+07
9.861322529999999702e+07 1.561884810000000000e+08 2.467697100000000000e+07 3.897645260000000149e+07
1.155685963299999982e+08 9.825787440000000596e+07 2.508333700000000000e+07 9.278599382999999821e+07
8.674636892000001669e+07 1.883146730000000000e+08 2.582933400000000000e+07 6.713956000000000000e+07
8.409896826500001550e+07 1.136990384901999980e+08 3.193681100000000000e+07 6.905597221130000055e+07
8.883092885000000894e+07 1.446413456999999881e+08 2.739446600000000000e+07 2.317632661000000313e+07
1.138113653700000197e+08 1.161884655000000000e+08 2.484257600000000000e+07 4.628385034000000358e+07
1.026747561599999815e+08 1.070647453700000048e+08 2.870564100000000000e+07 2.480374560000000056e+06
1.150831952199999988e+08 1.168365547000000030e+08 2.457758100000000000e+07 5.243497285000000149e+07
7.460184631000000238e+07 1.776078400000000000e+08 3.080727900000000000e+07 3.789422239999999851e+07
1.042026958400000036e+08 9.650255422100000083e+07 2.657596100000000000e+07 1.854836764025999904e+08
1.138044870600000024e+08 1.273219839000000060e+08 2.347365100000000000e+07 7.908130929999999702e+07
7.503448829000000656e+07 1.587754995399999917e+08 4.552321300000000000e+07 6.132867264999999665e+06
9.620071712500000000e+07 1.009203837821000069e+08 2.889473900000000000e+07 1.725430119023000002e+08
1.000813632000000179e+08 1.455231750000000000e+08 2.487247800000000000e+07 3.835221070000000298e+07
9.545380045800000429e+07 1.021041501169999987e+08 2.851064700000000000e+07 1.589295618616000116e+08
1.097116295400000066e+08 1.218715969000000060e+08 2.449060500000000000e+07 6.048959702000000328e+07
9.941775676999999583e+07 1.497339155000000000e+08 2.440341000000000000e+07 1.082589865999999940e+08
1.227306447699999958e+08 9.390951770000000298e+07 2.343605400000000000e+07 1.810819558199999928e+08
1.062076946480000019e+08 9.381950803350000083e+07 2.692474000000000000e+07 1.907203697371000051e+08
9.446858034000000358e+07 1.456092190000000000e+08 2.595783900000000000e+07 3.179342500000000000e+07
1.006879289599999934e+08 1.284420345999999940e+08 2.629413400000000000e+07 1.701539166000000015e+07
9.941387132999999821e+07 1.539121980000000000e+08 2.482655200000000000e+07 3.206780682000000030e+07
1.066116620610000044e+08 1.294498340000000000e+08 2.528651000000000000e+07 1.835974758100000024e+07
9.926658220000001788e+07 1.147756722999999970e+08 2.818771700000000000e+07 6.729500375899999402e+06
9.034947759999999404e+07 1.849313150000000000e+08 2.522169600000000000e+07 6.708846400000000000e+07
1.130935394000000060e+08 1.406042470000000000e+08 2.350699900000000000e+07 4.185572839999999851e+07
7.865033026000002027e+07 1.785628360000000000e+08 2.831595700000000000e+07 3.996332739999999851e+07
8.313442564000000060e+07 1.183460034899999946e+08 3.318893400000000000e+07 1.366183239999999991e+06
9.817245507999999821e+07 1.018355525999999940e+08 2.786677900000000000e+07 1.092513707800000012e+08
9.326350060999999940e+07 1.581901740000000000e+08 2.566834300000000000e+07 3.273354785000000149e+07
1.175003134800000042e+08 9.601876109999999404e+07 2.382934400000000000e+07 1.962505758799999952e+08
8.543628053000003099e+07 1.441506721999999881e+08 2.827401100000000000e+07 2.325365980000000075e+07
1.021577777000000030e+08 1.557756570000000000e+08 2.402174400000000000e+07 4.881685150000000000e+07
1.057073564099999964e+08 1.387191210000000000e+08 2.469055000000000000e+07 2.420936991699999943e+07
8.239189085130000114e+07 1.148029893465999961e+08 3.317972200000000000e+07 6.279707280612999946e+07
1.036813202699999958e+08 1.104102332000000030e+08 2.790658800000000000e+07 5.115432440000000410e+06
8.722752695000001788e+07 1.546160830000000000e+08 2.708243600000000000e+07 2.878809444999999925e+07
1.106003108400000036e+08 1.382629610000000000e+08 2.410486500000000000e+07 2.745814780000000075e+07
1.211683024159999937e+08 9.229837709000000358e+07 2.459703900000000000e+07 1.227562318499999940e+08
1.150004946800000072e+08 1.254825867000000030e+08 2.350215000000000000e+07 7.785189490000000596e+07
7.219299223000000417e+07 1.861319934000000060e+08 4.201803500000000000e+07 2.628845419999999925e+07
1.053802014599999934e+08 1.512012880000000000e+08 2.408762900000000000e+07 3.216130473999999836e+07
7.346673142000000179e+07 1.770236320999999940e+08 3.364659000000000000e+07 3.277447510000000149e+07
1.036798618100000024e+08 9.964046410999999940e+07 2.618302600000000000e+07 1.845613100390000045e+08
1.206118213780000061e+08 8.942589990199999511e+07 2.480968200000000000e+07 1.341981624640000015e+08
9.083339536699999869e+07 1.286328975000000000e+08 2.843227100000000000e+07 1.276695922000000067e+07
9.735684746999999881e+07 1.070645501729999930e+08 2.952322000000000000e+07 1.344886339399999939e+07
8.349461091999998689e+07 1.863891970000000000e+08 2.651225300000000000e+07 5.860582600000000000e+07
8.530724514000001550e+07 1.165121451239999980e+08 3.248209200000000000e+07 1.213834344999999972e+06
9.467302465000000596e+07 1.106781752600000054e+08 3.010443300000000000e+07 1.957144966000000015e+06
1.058207011809999943e+08 1.270825789000000060e+08 2.558355900000000000e+07 1.680821735999999940e+07
1.060929690000000000e+08 1.354093830000000000e+08 2.486748600000000000e+07 2.223154815399999917e+07
1.196978184899999797e+08 9.868099340000000596e+07 2.448060100000000000e+07 1.044649649699999988e+08
7.944654390000000596e+07 1.916359210000000000e+08 2.765067300000000000e+07 5.663156100000000000e+07
1.086831380999999940e+08 1.450571410000000000e+08 2.383840400000000000e+07 3.338744360000000149e+07
8.968503729999999702e+07 1.137694697800000012e+08 3.107495300000000000e+07 1.938568331000000006e+06
1.125330738900000006e+08 1.005828524000000060e+08 2.429032800000000000e+07 1.878525829000000060e+08
9.236670729999999702e+07 1.286337700999999940e+08 2.804649600000000000e+07 1.346522853199999966e+07
7.377283904999999702e+07 1.673161628000000119e+08 4.517661800000000000e+07 1.113749563000000082e+07
7.731105420000001788e+07 1.275854495699999928e+08 3.497932400000000000e+07 4.618490663999999873e+06
1.184292614500000179e+08 9.718460531999999285e+07 2.524716200000000000e+07 8.265585409000000358e+07
9.693369056000000238e+07 1.014124061299999952e+08 2.910282000000000000e+07 9.959403012199999392e+07
9.703451734999999404e+07 1.116855679899999946e+08 2.921763700000000000e+07 3.744170990000000224e+06
1.202786691599999964e+08 8.726919593199999630e+07 2.505135700000000000e+07 1.658504248589999974e+08
9.112086923000000417e+07 1.639610410000000000e+08 2.581389900000000000e+07 3.598794267000000179e+07
1.024042840499999821e+08 1.363697260000000000e+08 2.536182400000000000e+07 2.188288642000000179e+07
7.703065859999999404e+07 1.893679540000000000e+08 2.879426000000000000e+07 4.844998750000000000e+07
1.085708867000000030e+08 1.572091230000000000e+08 2.335689300000000000e+07 4.506977110000000149e+07
1.221455619800000191e+08 9.323595989000000060e+07 2.406550800000000000e+07 1.400343488300000131e+08
1.074848012999999821e+08 1.015385253299999982e+08 2.511431500000000000e+07 1.935570647700000107e+08
7.241293474000000954e+07 1.806318455000000000e+08 4.247605400000000000e+07 2.248642139999999851e+07
9.653418090000000596e+07 1.561846100000000000e+08 2.495773600000000000e+07 4.084928710000000149e+07
1.116898535470000058e+08 9.345255953399999440e+07 2.521531500000000000e+07 1.872684639720000029e+08
8.140368869999998808e+07 1.910623140000000000e+08 2.699279600000000000e+07 6.252285700000000000e+07
1.116626887999999970e+08 1.306935380000000000e+08 2.470865600000000000e+07 1.996743219999999925e+07
8.515068882000000775e+07 1.395156275999999940e+08 2.887205600000000000e+07 1.748030244999999925e+07
9.259524520000000298e+07 1.743687610000000000e+08 2.492298300000000000e+07 6.233726300000000000e+07
1.059490297600000054e+08 1.149623797999999970e+08 2.684450900000000000e+07 8.914058699999999255e+06
