1.143600867500000000e+08 9.942952959999999404e+07 2.707536500000000000e+07 2.741387885999999940e+07
1.232150571899999976e+08 9.360828650000000000e+07 2.344506800000000000e+07 1.790291910099999905e+08
1.231320361990000010e+08 8.978343474000000954e+07 2.388522000000000000e+07 1.749559549530000091e+08
1.203188857000000179e+08 9.405038182999999821e+07 2.364173600000000000e+07 1.871522877899999917e+08
1.107171771469999999e+08 9.802220082999999821e+07 2.721615200000000000e+07 3.913931068100000173e+07
1.193043881900000423e+08 9.715043776000000536e+07 2.462212000000000000e+07 1.045187327999999970e+08
1.113320472730000168e+08 1.112732295400000066e+08 2.578478800000000000e+07 3.353919680000000075e+07
1.124132221700000018e+08 1.083958247999999970e+08 2.704110900000000000e+07 5.355869199999999255e+06
8.323794842599999905e+07 1.799225680000000000e+08 2.682299700000000000e+07 4.596127570000000298e+07
1.136688795699999928e+08 1.138620816400000006e+08 2.510489600000000000e+07 4.369583696999999881e+07
1.148375759500000030e+08 9.727204700000000000e+07 2.646980200000000000e+07 4.971827700000000000e+07
1.167678373100000024e+08 9.770553307999999821e+07 2.578362400000000000e+07 6.541242900900000334e+07
1.239191882500000000e+08 8.887296020000000298e+07 2.403148800000000000e+07 1.678565436999999881e+08
8.302547546999999881e+07 1.142220804043000042e+08 3.264395500000000000e+07 6.848637820829999447e+07
1.117635872880000025e+08 1.010430655339999944e+08 2.831311600000000000e+07 4.375987240000001038e+05
8.125108232999999821e+07 1.162581142996000051e+08 3.378938100000000000e+07 5.149752610142999887e+07
1.123270929399999976e+08 9.364638840399999917e+07 2.665182100000000000e+07 8.814638789900000393e+07
1.008984541289999932e+08 9.735090200329999626e+07 2.779096900000000000e+07 1.873796408120999932e+08
9.350583725000000000e+07 1.101611462140000015e+08 3.067057100000000000e+07 9.995403070000000298e+05
1.115122185999999940e+08 1.392667740000000000e+08 2.409631800000000000e+07 2.548356219999999925e+07
1.116280543299999982e+08 1.199525022000000030e+08 2.477825900000000000e+07 4.356391450000000000e+07
1.104883771200000197e+08 1.512663050000000000e+08 2.350973800000000000e+07 3.658617579999999702e+07
1.000147723999999762e+08 1.733022410000000000e+08 2.390596500000000000e+07 6.194898200000000000e+07
1.096591686299999952e+08 1.138788817999999970e+08 2.652115500000000000e+07 8.705608000000000000e+06
1.105488251000000238e+08 1.316194040000000000e+08 2.469971500000000000e+07 2.040741189999999851e+07
1.103115639000000060e+08 1.196347807000000030e+08 2.581967600000000000e+07 1.253604280000000075e+07
1.244415717800000012e+08 9.366473000000000000e+07 2.345164400000000000e+07 1.715541465999999940e+08
1.078622898789999932e+08 9.314429311549000442e+07 2.661580100000000000e+07 1.693423183679299951e+08
1.193466281599999964e+08 9.625486654999999702e+07 2.495963100000000000e+07 9.487783662999999523e+07
8.972519666000001132e+07 1.491291355000000000e+08 2.620389200000000000e+07 9.690555312000000477e+07
1.025149351120000035e+08 1.005737034529999942e+08 2.878544700000000000e+07 4.071654107199999690e+07
9.024413759700000286e+07 1.062111604782000035e+08 3.044862900000000000e+07 1.275957064866999984e+08
1.190775157049999833e+08 8.744266743472000957e+07 2.506479100000000000e+07 1.773910433282200098e+08
1.100970634599999934e+08 1.094024682000000030e+08 2.706012400000000000e+07 5.829718969999999739e+06
7.913279414339999855e+07 1.228306027800000012e+08 3.513759700000000000e+07 1.918612102399999974e+06
9.951405015000000596e+07 1.479223519000000060e+08 2.443246900000000000e+07 1.068373347000000030e+08
1.052166294459999949e+08 9.582627321699999273e+07 2.641783400000000000e+07 1.852141189857999980e+08
1.082754228400000185e+08 1.079603532999999970e+08 2.749053000000000000e+07 4.604924679999999702e+06
1.116024222999999970e+08 1.457572790000000000e+08 2.343945900000000000e+07 4.031057229999999702e+07
1.157190344370000064e+08 9.432476762999999523e+07 2.604096600000000000e+07 7.410201997499999404e+07
1.056076200659999996e+08 1.240280115000000000e+08 2.590499600000000000e+07 1.469991819800000079e+07
9.998152853000001609e+07 1.040790280799999982e+08 2.660572400000000000e+07 1.836162921699999869e+08
9.750530410999999940e+07 1.081632061330000013e+08 2.995816000000000000e+07 9.290056250000000000e+05
8.137827563100002706e+07 1.669206740000000000e+08 2.775733600000000000e+07 4.413519910000000149e+07
8.611021785000000894e+07 1.376558274000000060e+08 2.874605300000000000e+07 1.698247036999999732e+07
8.027307208000001311e+07 1.255718138400000036e+08 3.280436200000000000e+07 5.214929771999999881e+06
1.061709470499999970e+08 1.071377166299999952e+08 2.797782600000000000e+07 3.401768870000000112e+06
1.204367267800000161e+08 8.697636062000000477e+07 2.494136600000000000e+07 1.743515478779999912e+08
1.085660853500000238e+08 1.560499710000000000e+08 2.348307400000000000e+07 4.037470760000000149e+07
1.122395208400000036e+08 1.173056220000000000e+08 2.580717500000000000e+07 1.478289059999999963e+07
8.552373253000000119e+07 1.486513060000000000e+08 2.797715900000000000e+07 2.357499189000000060e+07
1.007987704200000018e+08 1.010908612939999998e+08 2.817174700000000000e+07 6.234417085499999672e+07
1.008221466500000358e+08 1.059998298850000054e+08 2.946172700000000000e+07 9.527500929999999935e+05
7.924168900000000000e+07 1.764902030000000000e+08 2.818670900000000000e+07 3.880924110000000149e+07
9.862271584000000358e+07 1.016038653509999961e+08 2.735743700000000000e+07 1.741881722229999900e+08
9.557389201000000536e+07 1.084143976270000041e+08 3.048634600000000000e+07 7.611266029999998864e+05
9.420435552099999785e+07 1.025854352460999936e+08 2.937693900000000000e+07 1.558453702111000121e+08
1.052824772999999970e+08 1.749398180000000000e+08 2.329111400000000000e+07 6.628050600000000000e+07
7.964283449100001156e+07 1.186597159930000007e+08 3.493840600000000000e+07 3.191811726979000121e+07
1.224685155600000173e+08 9.416671940999999642e+07 2.394571500000000000e+07 1.408324600399999917e+08
9.205093023000000417e+07 1.310698377000000030e+08 2.788452100000000000e+07 1.481082827999999933e+07
8.029194704399999976e+07 1.237140476200000048e+08 3.328589800000000000e+07 3.759020546000000089e+06
1.236248271200000048e+08 9.765807300000000000e+07 2.333748700000000000e+07 1.596849255000000000e+08
9.931051029899999499e+07 9.847707069370000064e+07 2.822024200000000000e+07 1.864227279492000043e+08
1.123651653400000036e+08 1.082984596200000048e+08 2.635962600000000000e+07 2.236806045199999958e+07
8.898427469999998808e+07 1.776880360000000000e+08 2.563402100000000000e+07 5.083146039999999851e+07
9.061418670399999619e+07 1.187647742000000030e+08 2.981652500000000000e+07 5.871523618700000457e+06
7.563070260999999940e+07 1.475897801999999881e+08 3.252886500000000000e+07 1.814043914000000060e+07
9.828823063300001621e+07 1.228029434000000060e+08 2.736674100000000000e+07 1.179747285999999940e+07
9.803700229999999702e+07 1.715569610000000000e+08 2.416325800000000000e+07 6.249866700000000000e+07
9.315843178000000119e+07 1.452077540000000000e+08 2.642741200000000000e+07 2.449041744000000134e+07
1.105448359699999988e+08 1.426579385000000000e+08 2.315070800000000000e+07 1.103772537999999970e+08
8.663731651999999583e+07 1.448648665000000000e+08 2.797489100000000000e+07 2.162988157000000030e+07
1.016741164699999988e+08 1.044818524220000058e+08 3.003397200000000000e+07 3.577496160000000382e+05
1.010653844029999971e+08 1.294222895000000000e+08 2.618369300000000000e+07 1.686337662200000137e+07
1.111703544200000018e+08 1.044936387600000054e+08 2.770453000000000000e+07 2.672781689999999944e+06
1.208894605879999846e+08 9.290549031999999285e+07 2.463836600000000000e+07 1.186361820349999964e+08
8.885053952000001073e+07 1.306809365999999940e+08 2.870878900000000000e+07 1.344660924200000055e+07
1.146545181729999781e+08 9.669334156000000238e+07 2.454690000000000000e+07 1.399338673810000122e+08
1.136353278599999845e+08 1.083319625400000066e+08 2.647541800000000000e+07 1.771007653999999911e+07
1.081005940999999940e+08 1.013751020000000000e+08 2.500719000000000000e+07 1.942307504099999964e+08
9.177472476000000536e+07 1.112322690600000024e+08 3.105559100000000000e+07 8.685504150000000373e+05
9.859801714900000393e+07 9.902153100329999626e+07 2.836938400000000000e+07 1.848031208120999932e+08
9.410265593000000715e+07 1.120477841899999976e+08 2.997597800000000000e+07 2.705773229999999981e+06
1.184787778599999994e+08 9.012920120999999344e+07 2.517894900000000000e+07 1.256767739500000030e+08
1.028421025799999982e+08 1.305870237999999970e+08 2.573111700000000000e+07 1.873830558999999985e+07
1.117146197999999970e+08 1.484637970000000000e+08 2.341636300000000000e+07 3.907755010000000149e+07
1.028174441099999994e+08 1.062685973900000006e+08 2.889612100000000000e+07 1.669603120000000112e+06
9.515555535999999940e+07 1.332264182999999970e+08 2.698440800000000000e+07 1.739150443299999833e+07
7.212324782000000775e+07 2.050220169000000060e+08 4.700672000000000000e+07 2.861781980000000075e+07
9.206434526700001955e+07 1.242541417999999970e+08 2.862888900000000000e+07 1.039680115499999933e+07
1.199762067900000066e+08 9.751308109999999404e+07 2.338267200000000000e+07 2.049824970000000000e+08
1.065032640999999940e+08 1.172571145999999940e+08 2.651054900000000000e+07 1.033968450000000000e+07
1.147801801400000155e+08 1.274991162000000030e+08 2.332814700000000000e+07 8.541306190000000596e+07
9.256837656999999285e+07 1.719376070000000000e+08 2.523352900000000000e+07 4.491800750000000000e+07
7.683756423099999130e+07 1.368820612000000179e+08 3.911916800000000000e+07 3.715735490000000224e+06
7.449825674000000954e+07 1.618936853000000119e+08 4.545244900000000000e+07 7.888803689999998547e+06
1.169468415900000036e+08 9.477929300000000000e+07 2.522383600000000000e+07 9.635522040000000596e+07
1.061766082199999988e+08 1.117084377000000030e+08 2.724341800000000000e+07 6.747769980000000447e+06
8.693310659000000358e+07 1.146735902810000032e+08 3.214982800000000000e+07 1.025243479999999981e+06
1.083206332800000012e+08 1.039973123900000006e+08 2.818901500000000000e+07 1.692610450000000186e+06
8.945907581999999285e+07 1.147692334699999988e+08 3.091183500000000000e+07 2.574100180000000168e+06
1.128953211000000238e+08 1.416669040000000000e+08 2.342090900000000000e+07 4.473692310000000149e+07
1.065517399329999983e+08 1.009252186710000038e+08 2.916806000000000000e+07 5.714399843999999575e+06
1.089873650900000036e+08 1.338699517999999970e+08 2.361168600000000000e+07 8.695789900000000000e+07
1.221947340000000447e+08 9.754294870000000298e+07 2.384612700000000000e+07 1.323671373499999940e+08
7.641549495000001788e+07 1.318309994000000060e+08 3.482736600000000000e+07 7.059975509999999776e+06
1.011109167800000012e+08 1.487371450000000000e+08 2.478863800000000000e+07 2.942565955000000075e+07
1.231566506800000072e+08 8.651901515000000596e+07 2.459312300000000000e+07 1.678772454510000050e+08
9.349351426000000536e+07 1.413572920000000000e+08 2.665038900000000000e+07 2.206808462299999967e+07
1.081071504800000042e+08 1.132490540999999940e+08 2.676980700000000000e+07 8.147504700000000186e+06
1.232093031899999976e+08 9.705824740000000596e+07 2.331463000000000000e+07 1.659163513000000119e+08
9.771015954999999702e+07 1.108368735999999940e+08 2.922528300000000000e+07 3.223605520000000019e+06
7.645926685000000894e+07 1.879651640000000000e+08 2.916201000000000000e+07 4.598328420000000298e+07
1.151723545600000173e+08 1.257930307000000030e+08 2.347158100000000000e+07 7.837331320000000298e+07
1.209220903199999928e+08 8.863887320000000298e+07 2.436796400000000000e+07 1.666755454199999869e+08
8.084739420000001788e+07 1.912201790000000000e+08 2.716662700000000000e+07 6.084686200000000000e+07
8.338081693000000715e+07 1.181272716800000072e+08 3.301667600000000000e+07 1.539239631999999983e+06
1.142068205289999992e+08 9.727502445409999788e+07 2.706879600000000000e+07 3.559876753350000083e+07
8.394216711999998987e+07 1.323598430999999940e+08 3.005624700000000000e+07 1.208757467999999970e+07
8.001568916000001132e+07 1.636554610000000000e+08 2.861281700000000000e+07 3.070257716000000015e+07
7.445373271000000834e+07 1.815947980000000000e+08 3.091271600000000000e+07 3.918950970000000298e+07
1.055838600600000024e+08 1.492725100000000000e+08 2.408294500000000000e+07 3.217767110000000149e+07
1.059597843500000238e+08 1.378444300000000000e+08 2.470843300000000000e+07 2.381245059800000116e+07
1.044123969000000209e+08 1.039522631130000055e+08 2.908928500000000000e+07 5.389020330000000540e+05
8.674051400699999928e+07 1.271972095000000000e+08 2.976501200000000000e+07 9.978989822000000626e+06
1.121178342200000435e+08 9.703206206999999285e+07 2.663489200000000000e+07 5.493565292000000179e+07
1.067330171219999939e+08 1.317154300000000000e+08 2.507431700000000000e+07 1.993534222199999914e+07
9.612669234299999475e+07 1.201584002000000030e+08 2.818849800000000000e+07 9.038699663799999282e+06
8.699497468000000715e+07 1.154756258299999982e+08 3.188423700000000000e+07 1.423858505999999819e+06
8.540079900699999928e+07 1.248236985000000000e+08 3.055594100000000000e+07 7.681738678999999538e+06
1.064693036600000411e+08 1.027108379699999988e+08 2.886531500000000000e+07 5.329476149999999907e+05
1.145026788799999952e+08 9.391837351000000536e+07 2.583580200000000000e+07 8.922538643999999762e+07
7.541040100000000000e+07 1.422974820000000000e+08 3.358831500000000000e+07 1.386656024000000022e+07
8.364459321999999881e+07 1.777232090000000000e+08 2.659318500000000000e+07 5.961045900000000000e+07
8.142839065000000596e+07 1.200817000400000066e+08 3.397401700000000000e+07 1.337616200999999885e+06
1.105359874000000060e+08 1.489580830000000000e+08 2.331984300000000000e+07 4.551458050000000000e+07
9.283259962000000477e+07 1.597405760000000000e+08 2.568067000000000000e+07 3.357671821000000089e+07
1.190799754599999934e+08 9.761467543999999762e+07 2.440887500000000000e+07 1.124241275900000036e+08
1.151891806990000457e+08 9.873284851000000536e+07 2.589938600000000000e+07 6.107257109300000221e+07
1.086489579300000221e+08 1.346223290000000000e+08 2.450915300000000000e+07 2.580027200000000000e+07
7.249585812999999523e+07 1.880998378000000119e+08 3.861238200000000000e+07 3.170992580000000075e+07
1.095555983380000442e+08 1.257226087000000030e+08 2.526358300000000000e+07 1.671770883200000040e+07
8.617366249000000954e+07 1.305743737999999970e+08 2.950139700000000000e+07 1.213437181200000085e+07
1.172702547600000203e+08 9.442817570000000298e+07 2.500650700000000000e+07 1.060714070999999940e+08
1.230782756299999952e+08 9.808697659999999404e+07 2.349756400000000000e+07 1.479777134000000060e+08
1.016853371500000060e+08 1.104363116500000060e+08 2.832998900000000000e+07 4.494053709999999963e+06
1.220490121200000197e+08 9.033176770000000298e+07 2.448826600000000000e+07 1.365733969799999893e+08
8.277028395000000298e+07 1.759738700000000000e+08 2.715923100000000000e+07 4.024059889999999851e+07
8.782176278800001740e+07 1.087848379176999927e+08 3.086362800000000000e+07 1.108311809402000010e+08
8.019851708000001311e+07 1.465650693799999952e+08 2.958270500000000000e+07 5.254489585000000149e+07
1.085928318900000006e+08 1.428940100000000000e+08 2.410764500000000000e+07 2.744603435599999875e+07
1.125220291899999827e+08 1.374082475999999940e+08 2.309135600000000000e+07 1.033587477999999970e+08
1.176955406200000048e+08 9.881018318999999762e+07 2.525412500000000000e+07 7.803397501000000536e+07
1.212102556299999952e+08 9.840037920000000298e+07 2.403650900000000000e+07 1.221127196700000018e+08
1.149355685100000203e+08 1.191292652999999970e+08 2.430077400000000000e+07 5.710471890999999642e+07
1.002693763900000155e+08 1.093274760900000036e+08 2.887428300000000000e+07 3.072018919999999925e+06
9.163095240999999642e+07 1.134659778199999928e+08 3.045002700000000000e+07 2.630133279999999795e+06
9.276043553000000119e+07 1.082695857719999999e+08 3.131287100000000000e+07 7.032677741000000387e+06
1.119539020000000000e+08 1.354576070000000000e+08 2.403948200000000000e+07 3.168836480000000075e+07
8.299311687999999523e+07 1.151003663199999928e+08 3.358731200000000000e+07 1.819729145499999821e+07
1.111324497199999988e+08 1.004529655999999940e+08 2.452433700000000000e+07 1.980511819699999988e+08
1.009114058599999994e+08 1.046096020999999940e+08 2.846769700000000000e+07 2.975690339999999851e+07
1.085955818100000024e+08 1.013883258100000024e+08 2.882245500000000000e+07 3.760027229999999981e+05
9.354200431999999285e+07 1.479914906999999881e+08 2.545067900000000000e+07 1.008187079000000060e+08
