8.587345043000000715e+07 1.711472090000000000e+08 2.660342800000000000e+07 3.850487539999999851e+07
1.104441202999999970e+08 1.134006655999999940e+08 2.650825200000000000e+07 8.484412000000000000e+06
1.048410170699999928e+08 1.109762487999999970e+08 2.757657700000000000e+07 5.958281089999999851e+06
8.531450853000000119e+07 1.169636881299999952e+08 3.226422800000000000e+07 1.642781979999999981e+06
1.012760644999999553e+08 1.598629290000000000e+08 2.398594400000000000e+07 5.382194579999999702e+07
1.108226990000000000e+08 1.186406362000000030e+08 2.587966100000000000e+07 1.201501050000000000e+07
8.965175629999999702e+07 1.297974185999999940e+08 2.860906600000000000e+07 1.303253193600000069e+07
9.566146710999999940e+07 1.079660253920000046e+08 3.078262100000000000e+07 5.260435270000000019e+05
1.144820454599999934e+08 1.118948117500000000e+08 2.530966700000000000e+07 4.119940561999999732e+07
1.102266232300000191e+08 1.101071187000000030e+08 2.695433900000000000e+07 6.275079700000000186e+06
1.036496957999999970e+08 1.567177070000000000e+08 2.377278000000000000e+07 5.091094179999999702e+07
1.152078222010000050e+08 9.846153106999999285e+07 2.566095700000000000e+07 7.004899103599999845e+07
1.212528885760000050e+08 9.269394562999999523e+07 2.439050700000000000e+07 1.293328765590000004e+08
1.140368349940000027e+08 9.642164879999999702e+07 2.668553300000000000e+07 4.933631107800000161e+07
1.059028745799999982e+08 1.033292570699999928e+08 2.887017400000000000e+07 5.516370310000000754e+05
1.029656655199999958e+08 1.042946771009999961e+08 2.936913000000000000e+07 6.089941970000000438e+05
1.086229908400000036e+08 1.006595387310000062e+08 2.878588000000000000e+07 3.088256287000000011e+06
8.336567814700001478e+07 1.204849565199999958e+08 3.223471300000000000e+07 3.427283942499999888e+06
1.106982816999999583e+08 1.317385600000000000e+08 2.467095100000000000e+07 2.060719110000000149e+07
1.017911709510000050e+08 1.044755007559999973e+08 3.008048200000000000e+07 2.763951122999999789e+05
7.562900600000000000e+07 1.883188980000000000e+08 2.974658100000000000e+07 4.568692420000000298e+07
7.534453035000000894e+07 1.527438335000000000e+08 3.215903600000000000e+07 2.111860673000000045e+07
9.699657714000000060e+07 1.494282860000000000e+08 2.543423900000000000e+07 2.846261692999999970e+07
9.598766225300000608e+07 1.067375962154999971e+08 3.026376000000000000e+07 8.192059900789999403e+06
1.034519971280000210e+08 1.163412034000000060e+08 2.714096600000000000e+07 8.926422493100000545e+06
9.446824562999999523e+07 1.512170320000000000e+08 2.578942300000000000e+07 2.874969967999999970e+07
9.952485900000004470e+07 1.783871240000000000e+08 2.394965000000000000e+07 6.648770000000000000e+07
1.209992417000000030e+08 8.679492864000000060e+07 2.488469900000000000e+07 1.742500829709999859e+08
1.058809596080000401e+08 1.241325327999999970e+08 2.585859200000000000e+07 1.480627268500000052e+07
1.224861412000000030e+08 9.354114770000000298e+07 2.346486400000000000e+07 1.859652417500000000e+08
8.853501755700001121e+07 1.243106200999999940e+08 2.957630300000000000e+07 9.037218652000000700e+06
1.060801273400000036e+08 1.380496020000000000e+08 2.468445800000000000e+07 2.388663258700000122e+07
1.125385300690000057e+08 1.007041120939999968e+08 2.832465800000000000e+07 2.484302180999999982e+05
9.030729365999999642e+07 1.535598130000000000e+08 2.647790000000000000e+07 2.882600242999999970e+07
1.125935432000000179e+08 1.275492570000000000e+08 2.461692600000000000e+07 2.714064389999999851e+07
1.076740322500000000e+08 1.040107279000000060e+08 2.828222500000000000e+07 1.606209379999999888e+06
8.176856789999997616e+07 1.856572040000000000e+08 2.703008600000000000e+07 5.003806470000000298e+07
8.492258278700000048e+07 1.215173456400000006e+08 3.127511500000000000e+07 5.170770302000001073e+06
1.204148401200000197e+08 9.728430845000000298e+07 2.441259100000000000e+07 1.107711917800000012e+08
9.064270657900004089e+07 1.060055246920000017e+08 2.995439000000000000e+07 1.275751774801999927e+08
7.878771861000001431e+07 1.290171809399999976e+08 3.304250000000000000e+07 6.900153948999999091e+06
1.178739500499999821e+08 8.917454320999999344e+07 2.494290100000000000e+07 1.524790158680000007e+08
1.042744492099999934e+08 1.457414550000000000e+08 2.444249600000000000e+07 2.898899717999999970e+07
8.242446487000000477e+07 1.265935045000000000e+08 3.149002400000000000e+07 7.282671707999999635e+06
9.752180887000000477e+07 1.067954424220000058e+08 3.072924400000000000e+07 3.577496160000000382e+05
1.211731536299999952e+08 9.630631300000000000e+07 2.339734400000000000e+07 1.803804998400000036e+08
1.161066149599999934e+08 1.249311697000000030e+08 2.349005000000000000e+07 7.738818420000000298e+07
9.457650799300000072e+07 1.022685018910000026e+08 2.927946300000000000e+07 1.596007374242999852e+08
9.560887338000003994e+07 1.431551270000000000e+08 2.608854700000000000e+07 2.399784089900000021e+07
1.055269398999999762e+08 1.671105830000000000e+08 2.334233100000000000e+07 5.694438200000000000e+07
7.217346046000000834e+07 1.868125186999999881e+08 4.196179100000000000e+07 2.669565769999999925e+07
1.196071095370000452e+08 9.355312589000000060e+07 2.482989300000000000e+07 1.103425567469999939e+08
8.566330578999999166e+07 1.502997870000000000e+08 2.781477500000000000e+07 2.468759458999999985e+07
7.492124347999998927e+07 1.549927518499999940e+08 4.410523100000000000e+07 6.467269633999999613e+06
1.177890803599999994e+08 8.918675682100000978e+07 2.469716800000000000e+07 1.836157050415000021e+08
8.961805537299999595e+07 1.269618637000000030e+08 2.893938100000000000e+07 1.117971929199999943e+07
7.798789865999999642e+07 1.366499242400000095e+08 3.207936200000000000e+07 2.400448216000000015e+07
1.103039377999999970e+08 1.498035730000000000e+08 2.335952700000000000e+07 4.338714100000000000e+07
7.804161799999998510e+07 1.904852930000000000e+08 2.826774000000000000e+07 5.142494079999999702e+07
9.100093215000000596e+07 1.502422760000000000e+08 2.654452500000000000e+07 2.685308050000000000e+07
8.830832940000000596e+07 1.508200960000000000e+08 2.710114400000000000e+07 2.620534391000000015e+07
1.167169191630000025e+08 9.278648145999999344e+07 2.580438100000000000e+07 8.896486542399999499e+07
1.058870486580000222e+08 1.222401897999999970e+08 2.604157400000000000e+07 1.358939228060000017e+07
9.538809643999999762e+07 1.335938329000000060e+08 2.685744600000000000e+07 1.854979823999999836e+07
1.149198911729999781e+08 9.526839393199999630e+07 2.642293200000000000e+07 6.021055413910000026e+07
7.409121803000000119e+07 1.533544805999999940e+08 3.666694700000000000e+07 1.584360666999999993e+07
8.753828999000000954e+07 1.146714161509999931e+08 3.194149200000000000e+07 9.952488440000000410e+05
8.882891567000001669e+07 1.112141013700000048e+08 3.207666400000000000e+07 6.230631230000000447e+06
1.137355011599999815e+08 1.162006155999999940e+08 2.467531800000000000e+07 5.279129271000000089e+07
1.126616162999999970e+08 1.422696870000000000e+08 2.350397600000000000e+07 3.991311570000000298e+07
1.084341164755000472e+08 1.204999615000000000e+08 2.589777800000000000e+07 1.294186122808999941e+07
1.126354838900000006e+08 1.039602838799999952e+08 2.769418800000000000e+07 2.475667160000000149e+06
8.112172208000001311e+07 1.347617908000000119e+08 3.084634400000000000e+07 1.241722804199999943e+07
1.175270347099999934e+08 9.791379740000000596e+07 2.380095300000000000e+07 1.647384819699999988e+08
1.196743378649999946e+08 8.999603130500000715e+07 2.510655400000000000e+07 1.230190503649999946e+08
8.286675529000000656e+07 1.181821864899999946e+08 3.353163800000000000e+07 1.304533102999999886e+06
8.718168901999999583e+07 1.323952149000000060e+08 2.900755700000000000e+07 1.366760398499999940e+07
7.850776245999999344e+07 1.549746318000000119e+08 2.987463000000000000e+07 2.440042212999999896e+07
7.954818558699999750e+07 1.189205615269999951e+08 3.495150000000000000e+07 2.999673126240000129e+07
1.054484945900000036e+08 1.351048910000000000e+08 2.497409800000000000e+07 2.193172237700000033e+07
1.061507671599999964e+08 1.062208083700000048e+08 2.811677600000000000e+07 2.885047580000000075e+06
8.572943034999999404e+07 1.666477290000000000e+08 2.657830400000000000e+07 4.584612450000000000e+07
1.128055860279999822e+08 9.848704865829999745e+07 2.760282300000000000e+07 2.120215918459999934e+07
1.231755644200000018e+08 9.517650800000000000e+07 2.350426200000000000e+07 1.609680350399999917e+08
1.167913375338000059e+08 9.081897681790000200e+07 2.471997300000000000e+07 1.583592023222000003e+08
1.103353870000000000e+08 1.250066552000000030e+08 2.527185100000000000e+07 1.624137500000000000e+07
1.047950913599999994e+08 1.152586375000000000e+08 2.699669400000000000e+07 8.835509753999998793e+06
1.013198580600000024e+08 1.464745690000000000e+08 2.488173200000000000e+07 2.793596032000000030e+07
1.024011495199999958e+08 1.500598730000000000e+08 2.454235800000000000e+07 3.052123278999999911e+07
1.080941348599999994e+08 1.082174814000000060e+08 2.748999100000000000e+07 4.635028900000000373e+06
1.125187183550000042e+08 9.039900754090000689e+07 2.592201700000000000e+07 1.842976721728999913e+08
9.124851806000000238e+07 1.083072885129999965e+08 3.061278700000000000e+07 2.833307080900000036e+07
1.148812012800000012e+08 9.903928490000000596e+07 2.710210800000000000e+07 2.738826989000000060e+07
1.046874447999999970e+08 9.998173401000000536e+07 2.588887100000000000e+07 1.867032081399999857e+08
1.029926298310000002e+08 1.242558700000000000e+08 2.631004000000000000e+07 1.423020265799999982e+07
1.171745005690000057e+08 9.608276542000000179e+07 2.528624200000000000e+07 8.743532079600000381e+07
1.127368745240000188e+08 1.065574270910000056e+08 2.673618000000000000e+07 1.678189708700000122e+07
8.302590145000001788e+07 1.506751844000000060e+08 2.811301300000000000e+07 6.044868289999999851e+07
8.021308034000000358e+07 1.736872270000000000e+08 2.797566600000000000e+07 3.732151192000000179e+07
1.044490266699999571e+08 1.607856920000000000e+08 2.380339200000000000e+07 4.165103210000000149e+07
1.097701542449999601e+08 9.653824312399999797e+07 2.771809600000000000e+07 5.144674681499999762e+07
1.159357837300000042e+08 1.223520049000000060e+08 2.378404700000000000e+07 6.924578370000000298e+07
8.608652600999999046e+07 1.291874869000000060e+08 2.969534500000000000e+07 1.119045289200000092e+07
7.498974631000000238e+07 1.861664910000000000e+08 3.027398700000000000e+07 4.307039160000000149e+07
9.702655703000000119e+07 1.048027803400000036e+08 2.739386600000000000e+07 1.722842967310000062e+08
9.586068128000000119e+07 1.130309228799999952e+08 2.930943100000000000e+07 4.074151049999999814e+06
7.869774445000000298e+07 1.751477250000000000e+08 2.836212300000000000e+07 4.036281239999999851e+07
1.022592211400000155e+08 1.082611946400000006e+08 2.857951400000000000e+07 3.144896120000000112e+06
7.240875260999999940e+07 1.806877934000000060e+08 4.242903700000000000e+07 2.258630080000000075e+07
1.084427437999999970e+08 1.561670890000000000e+08 2.341127800000000000e+07 4.332994310000000149e+07
8.894566506000001729e+07 1.143560052699999958e+08 3.126100800000000000e+07 1.815761702000000048e+06
1.054149544000000060e+08 9.993894560400000215e+07 2.832824300000000000e+07 3.075954326700000092e+07
1.216286866600000411e+08 9.865457570000000298e+07 2.389168000000000000e+07 1.274350663499999940e+08
1.218097414700000435e+08 9.031237820000000298e+07 2.397973000000000000e+07 1.699115184000000060e+08
1.144746324200000167e+08 1.263092470999999940e+08 2.344355300000000000e+07 8.142497140000000596e+07
1.041915740199999958e+08 1.375532020000000000e+08 2.499438500000000000e+07 2.308235685200000182e+07
9.141022040000000596e+07 1.760585400000000000e+08 2.517547100000000000e+07 5.462834600000000000e+07
1.089375509399999976e+08 1.406442823000000119e+08 2.334871900000000000e+07 1.048182702999999970e+08
9.181810423999999464e+07 1.116490365199999958e+08 3.084335500000000000e+07 1.371444337000000058e+06
9.189597037000000477e+07 1.084469325400000066e+08 3.061745400000000000e+07 2.049125836600000039e+07
7.305596996000000834e+07 1.704009895999999940e+08 4.330989900000000000e+07 1.576496766999999993e+07
1.032801452500000000e+08 9.982074940999999642e+07 2.626106500000000000e+07 1.840628667809999883e+08
9.942722181999999285e+07 1.041868451229999959e+08 2.951277300000000000e+07 1.470814120199999958e+07
7.896050200599999726e+07 1.233625055699999928e+08 3.471463100000000000e+07 2.819016773000000045e+06
7.940066638999998569e+07 1.224007124800000042e+08 3.514959900000000000e+07 1.683487512999999803e+06
1.228939311599999964e+08 8.681087869400000572e+07 2.447177300000000000e+07 1.693515614729999900e+08
9.996551575000000000e+07 1.046183061099999994e+08 2.655157100000000000e+07 1.849881457199999988e+08
1.002671560230000019e+08 9.776153989100000262e+07 2.804247500000000000e+07 1.896927974242999852e+08
7.585587232000020146e+07 1.375807415000000000e+08 3.398056400000000000e+07 1.090014775000000000e+07
1.074155640100000054e+08 1.161577230000000000e+08 2.649686000000000000e+07 9.967363699999999255e+06
8.540990112999999523e+07 1.799465640000000000e+08 2.615223000000000000e+07 5.830667100000000000e+07
1.107977989000000060e+08 1.360466130000000000e+08 2.408047700000000000e+07 3.170845210000000149e+07
1.224465713499999940e+08 9.016280020000000298e+07 2.435257800000000000e+07 1.429429583400000036e+08
8.054563518099999428e+07 1.239382381599999964e+08 3.303036200000000000e+07 4.131389518000000156e+06
1.082026331200000048e+08 1.430502710000000000e+08 2.400326600000000000e+07 3.143686950000000000e+07
1.010031724399999976e+08 1.011554048400000036e+08 2.780595900000000000e+07 7.371226878000000119e+07
9.371971082999999821e+07 1.057751898499999940e+08 2.937262200000000000e+07 6.058239032999999821e+07
8.125461887999999523e+07 1.766075080000000000e+08 2.729080400000000000e+07 5.507414850000000000e+07
1.063514024849999845e+08 9.516817932600000501e+07 2.622841900000000000e+07 1.846462296495000124e+08
9.066550781999999285e+07 1.195029204000000060e+08 2.964817500000000000e+07 6.673826390999999829e+06
1.222788407999999970e+08 9.843554279999999702e+07 2.344630600000000000e+07 1.523368535000000000e+08
1.143220785599999577e+08 1.083015424699999988e+08 2.607274900000000000e+07 2.808525039000000060e+07
7.211971417999999225e+07 1.904493070000000000e+08 4.157273000000000000e+07 2.900827989999999851e+07
8.476981565200001001e+07 1.206039539599999934e+08 3.155072500000000000e+07 4.269483547899999656e+06
1.169020040900000036e+08 9.736965221999999881e+07 2.544278500000000000e+07 7.754702190000000596e+07
7.933354386000001431e+07 1.196410818470000029e+08 3.495816600000000000e+07 2.747065481399999931e+07
1.165090854130000174e+08 9.412503291899999976e+07 2.603290000000000000e+07 7.354396237399999797e+07
9.392394537000000477e+07 1.117167246500000060e+08 3.008304300000000000e+07 2.537006169999999925e+06
1.138330002000000030e+08 1.397620390000000000e+08 2.348224600000000000e+07 4.357848060000000149e+07
9.543762885600000620e+07 1.169613475000000000e+08 2.876657300000000000e+07 6.794619214100000449e+06
1.053622545000000000e+08 1.548662340000000000e+08 2.371949400000000000e+07 4.299499150000000000e+07
9.214363174099998176e+07 1.044210213787000030e+08 2.997988300000000000e+07 1.412508287621000111e+08
7.555677818999999762e+07 1.564492335399999917e+08 4.561217800000000000e+07 4.782871790999999270e+06
7.804867450000000000e+07 1.621430270000000000e+08 2.952578300000000000e+07 2.893322458999999985e+07
1.177985170900000036e+08 9.779428029000000656e+07 2.545223500000000000e+07 7.448585259999999404e+07
1.168347672500000000e+08 9.891185787999999523e+07 2.594205400000000000e+07 5.675572817000000179e+07
1.154427030500000417e+08 1.001116630999999940e+08 2.385816400000000000e+07 2.048738220000000000e+08
9.746237050499999523e+07 1.267782172000000030e+08 2.710850600000000000e+07 1.414619451600000076e+07
8.752243219700001180e+07 1.179346364500000030e+08 3.093360200000000000e+07 4.031424524799999781e+06
7.699312207000000775e+07 1.289159221299999952e+08 3.493335800000000000e+07 5.380899296000000089e+06
9.305812390099999309e+07 1.250490045999999940e+08 2.827501100000000000e+07 1.148570409699999914e+07
1.100815472099999934e+08 1.396131780000000000e+08 2.408648900000000000e+07 2.742370130000000075e+07
9.123329637999999523e+07 1.640066950000000000e+08 2.578563500000000000e+07 3.618675353000000119e+07
9.633824545999999344e+07 1.050765011819999963e+08 3.013035600000000000e+07 2.123867353200000152e+07
1.206841364599999934e+08 8.826136978000000119e+07 2.462785300000000000e+07 1.555621374830000103e+08
1.173157514120000005e+08 9.396789370999999344e+07 2.420252100000000000e+07 1.600619175160000026e+08
8.288198990800000727e+07 1.150254838569000065e+08 3.251270500000000000e+07 6.573831843230000138e+07
8.711238069000001252e+07 1.797378020000000000e+08 2.580234700000000000e+07 6.281058800000000000e+07
9.433686659999999404e+07 1.729827230000000000e+08 2.467525400000000000e+07 6.101718700000000000e+07
8.102428490000000596e+07 1.901180840000000000e+08 2.711732700000000000e+07 5.817886800000000000e+07
8.328139750000000000e+07 1.909539170000000000e+08 2.651442400000000000e+07 6.597457900000000000e+07
1.230367975499999970e+08 9.337900760999999940e+07 2.390851000000000000e+07 1.456793641399999857e+08
1.108803602440000027e+08 1.124775730600000024e+08 2.580649600000000000e+07 3.035158926399999857e+07
8.135283818999999762e+07 1.569609190000000000e+08 2.861153400000000000e+07 2.702932748000000045e+07
8.749326217199999094e+07 1.093783386465999931e+08 3.080533500000000000e+07 1.061829146353999972e+08
9.135638923000000417e+07 1.137445782300000042e+08 3.051226200000000000e+07 2.575029440000000410e+06
1.123402021400000006e+08 1.380340446999999881e+08 2.309105500000000000e+07 1.041728997000000030e+08
1.203354696099999845e+08 9.863869259999999404e+07 2.436152400000000000e+07 1.085396277500000000e+08
1.199994717499999553e+08 9.679799909999999404e+07 2.384507400000000000e+07 1.427430316100000143e+08
1.065686515300000012e+08 1.009066579640000015e+08 2.867887200000000000e+07 1.011536660799999908e+07
8.108039233400000632e+07 1.216428785799999982e+08 3.339757700000000000e+07 2.549112841599999927e+06
9.898505756999999285e+07 1.063684160479999930e+08 2.997029600000000000e+07 6.356909519999999320e+05
1.237209794500000179e+08 9.765621529999999702e+07 2.333789200000000000e+07 1.594100146999999881e+08
8.294552865399998426e+07 1.791589660000000000e+08 2.672475700000000000e+07 5.938057000000000000e+07
1.127667323840000033e+08 9.466977200399999321e+07 2.628245700000000000e+07 7.821804894599999487e+07
9.914278451999999583e+07 1.624897160000000000e+08 2.451005700000000000e+07 3.944248920000000298e+07
8.933776050000000000e+07 1.767707530000000000e+08 2.546318500000000000e+07 5.766285600000000000e+07
