1.244299464800000042e+08 9.383396659999999404e+07 2.343740700000000000e+07 1.715747663600000143e+08
1.169654962000000179e+08 9.821973896999999881e+07 2.524511800000000000e+07 8.149732390000000596e+07
1.080622314800000191e+08 1.010047344300000072e+08 2.855981100000000000e+07 5.684160796000000089e+06
1.122998480199999958e+08 1.078710890999999940e+08 2.711598600000000000e+07 5.060032700000000186e+06
1.212897784000000060e+08 9.088431020000000298e+07 2.460530200000000000e+07 1.298931291200000048e+08
9.790476854999998212e+07 1.069954530949999988e+08 3.013994100000000000e+07 6.326681270000000950e+05
1.044668669239999950e+08 1.008041813110000044e+08 2.831187600000000000e+07 2.986994350099999830e+07
1.099223819300000221e+08 9.817190329999999702e+07 2.668983300000000000e+07 5.835967050000000000e+07
1.122693236099999994e+08 1.293387100000000000e+08 2.471477600000000000e+07 2.102716350000000000e+07
9.841375898000000417e+07 1.281221242999999970e+08 2.677554800000000000e+07 1.555650530000000075e+07
1.154612339899999797e+08 1.276039970000000000e+08 2.331751700000000000e+07 8.315997840000000596e+07
1.131954311840000153e+08 9.861008483390000463e+07 2.764053100000000000e+07 1.921501516158999875e+07
1.227628914599999785e+08 9.775369259999999404e+07 2.342792300000000000e+07 1.548812508000000119e+08
1.106479364599999934e+08 1.046647186200000048e+08 2.771878500000000000e+07 2.794774089999999851e+06
1.164732870199999958e+08 9.598587600000000000e+07 2.574592600000000000e+07 7.339112990000000596e+07
1.031803432900000066e+08 1.058156324599999934e+08 2.885736700000000000e+07 1.691594203999999911e+06
1.090991953100000471e+08 1.098759927000000030e+08 2.711339300000000000e+07 5.951822400000000373e+06
1.084263996550000012e+08 9.253884122229999304e+07 2.655214300000000000e+07 1.880430718082999885e+08
9.365842054500000179e+07 1.030594392485000044e+08 2.953613100000000000e+07 1.512700488001999855e+08
1.138924172999999970e+08 9.932114540000000596e+07 2.703668900000000000e+07 2.932129614999999851e+07
1.127470701800000072e+08 1.211887030999999940e+08 2.451126800000000000e+07 4.750596410000000149e+07
1.113459977999999970e+08 1.185069560000000000e+08 2.585993900000000000e+07 1.204243609999999963e+07
1.019159184900000244e+08 1.088414355100000054e+08 2.855221000000000000e+07 3.449573500000000000e+06
1.209899155400000215e+08 9.606225284000000358e+07 2.396678200000000000e+07 1.346611762800000012e+08
8.674460058000001311e+07 1.816464830000000000e+08 2.591751300000000000e+07 5.627712000000000000e+07
1.100000990000000000e+08 1.195851519000000060e+08 2.583759700000000000e+07 1.255022640000000037e+07
1.106960224000000060e+08 1.245769490000000000e+08 2.530658300000000000e+07 1.580429090000000037e+07
1.210426095199999958e+08 9.101825170000000298e+07 2.465046400000000000e+07 1.278138362199999988e+08
8.909400418999999762e+07 1.140019750699999928e+08 3.123310300000000000e+07 1.938547838999999920e+06
9.549993720999999344e+07 1.081552530779999942e+08 3.070282000000000000e+07 5.925058409999998985e+05
1.190402893400000036e+08 9.347340790000000596e+07 2.520756000000000000e+07 9.792103196999999881e+07
1.202651543599999994e+08 9.789190770000000298e+07 2.332918800000000000e+07 2.064392736999999881e+08
1.021778813990000039e+08 9.666623618000000715e+07 2.732536200000000000e+07 1.853900324476999938e+08
9.248558479000000656e+07 1.226985300000000000e+08 2.872923000000000000e+07 9.441926119999999180e+06
9.352825275000000000e+07 1.102778240659999996e+08 3.070273700000000000e+07 8.343288460000000196e+05
1.062091472070000023e+08 1.134487333799999952e+08 2.654445800000000000e+07 2.174061891600000113e+07
1.157867029599999934e+08 9.893820725000000000e+07 2.584248400000000000e+07 6.107070318999999762e+07
1.232414183799999952e+08 9.794312679999999702e+07 2.346773100000000000e+07 1.500965475999999940e+08
1.096790477000000030e+08 1.150742335999999940e+08 2.637698000000000000e+07 9.486287800000000745e+06
1.141053337999999970e+08 1.082997682800000012e+08 2.620239800000000000e+07 2.462055538000000268e+07
1.128597179399999827e+08 1.108787334000000060e+08 2.590379100000000000e+07 2.745924988000000268e+07
9.116863226000000536e+07 1.053297591678999960e+08 3.020642300000000000e+07 1.348818883614000082e+08
1.209791681110000014e+08 9.011300965000000596e+07 2.403428900000000000e+07 1.798763648440000117e+08
1.086703574400000423e+08 1.557223880000000000e+08 2.347934700000000000e+07 4.028407279999999702e+07
1.054426427999999970e+08 1.038961873429999948e+08 2.875700300000000000e+07 1.095165486000000034e+06
7.512887673000001907e+07 1.539427885200000107e+08 4.414259200000000000e+07 5.864305759999999776e+06
8.087805520999999344e+07 1.729847550000000000e+08 2.758407700000000000e+07 4.955793800000000000e+07
1.106832128299999982e+08 1.428158450000000000e+08 2.394111400000000000e+07 2.769147366299999878e+07
8.992515693000000715e+07 1.577129420000000000e+08 2.631472100000000000e+07 3.160316269000000134e+07
1.117457730799999982e+08 9.680838379999999702e+07 2.634987000000000000e+07 6.731490618000000715e+07
9.853814431399999559e+07 9.997069085070000589e+07 2.776619800000000000e+07 1.581152298206000030e+08
1.229845698100000024e+08 9.327656134000000358e+07 2.398696700000000000e+07 1.421988007899999917e+08
1.126138267000000179e+08 1.419427220000000000e+08 2.347103300000000000e+07 4.209697550000000000e+07
1.036764537199999988e+08 1.419208750000000000e+08 2.474845700000000000e+07 2.640082664999999851e+07
1.131562454000000060e+08 1.343444380000000000e+08 2.397229100000000000e+07 3.453507129999999702e+07
1.210384840400000066e+08 9.063412609999999404e+07 2.463711800000000000e+07 1.307834414599999934e+08
7.693435707000002265e+07 1.479569550900000036e+08 4.432754700000000000e+07 2.463294336800000165e+06
1.172838386400000155e+08 9.353897534000000358e+07 2.412075800000000000e+07 1.910414070399999917e+08
7.217881384000000358e+07 1.866124835000000000e+08 4.198386000000000000e+07 2.656862969999999925e+07
9.956635721400000155e+07 9.921820737800000608e+07 2.753189500000000000e+07 1.749200286579000056e+08
1.184913935789999962e+08 8.800400211549000442e+07 2.489706700000000000e+07 1.755716083679299951e+08
1.137636710400000215e+08 1.341800207000000030e+08 2.309018800000000000e+07 9.958472470000000298e+07
1.016277311369999945e+08 1.045628005030000061e+08 3.010628600000000000e+07 2.763543585000000312e+05
7.422156471999999881e+07 1.786301370000000000e+08 3.130732600000000000e+07 3.695085179999999702e+07
1.088462249500000030e+08 9.956658371999999881e+07 2.760727900000000000e+07 2.948349085999999940e+07
9.624211846499995887e+07 1.008867437821000069e+08 2.888437500000000000e+07 1.727927519023000002e+08
9.575397148000000417e+07 1.299018892000000030e+08 2.715322900000000000e+07 1.559182100500000082e+07
9.187797371639999747e+07 1.138090047000000030e+08 3.027517800000000000e+07 3.163267284479999915e+06
1.117216988500000238e+08 1.386054390000000000e+08 2.408522900000000000e+07 2.605692001000000164e+07
9.422815376999999583e+07 1.691486620000000000e+08 2.499474400000000000e+07 4.496620800000000000e+07
9.743828698999999464e+07 1.067852458400000036e+08 2.703787300000000000e+07 1.795848201699999869e+08
1.043763407300000042e+08 1.033897856400000006e+08 2.932348900000000000e+07 4.185545370000000112e+05
1.209076731200000197e+08 9.841947900000000000e+07 2.392001100000000000e+07 1.282628947300000042e+08
8.875923893500000238e+07 1.210007260000000000e+08 3.003012200000000000e+07 6.581203638699999079e+06
9.022289768999999762e+07 1.528339970000000000e+08 2.654314500000000000e+07 2.826634933999999985e+07
8.084796698300001025e+07 1.184561389288000017e+08 3.477328200000000000e+07 9.911910751850001514e+06
1.218696749200000018e+08 8.709288587000000477e+07 2.451893300000000000e+07 1.714476578939999938e+08
1.040615610599999577e+08 1.097466102900000066e+08 2.792568800000000000e+07 4.863195890000000596e+06
1.107557789000000060e+08 1.473504320000000000e+08 2.346640900000000000e+07 3.950770620000000298e+07
1.205920174000000060e+08 9.526209956000000238e+07 2.457466200000000000e+07 1.114875285699999928e+08
1.180680257220000029e+08 9.299689404999999702e+07 2.558811800000000000e+07 8.976430166400000453e+07
1.079226736299999952e+08 1.120167152000000030e+08 2.695895500000000000e+07 7.250024099999999627e+06
8.691613233000001311e+07 1.150582563400000036e+08 3.191733900000000000e+07 1.534591351999999955e+06
9.590996301800000668e+07 1.156271617999999970e+08 2.885444100000000000e+07 6.020618461699999869e+06
9.939169076999999583e+07 1.083649748299999982e+08 2.926983000000000000e+07 2.132781589999999851e+06
1.053851137999999821e+08 1.076340430600000024e+08 2.801090000000000000e+07 3.701232310000000056e+06
1.179751775000000000e+08 9.555104542000000179e+07 2.379774600000000000e+07 1.960408508700000048e+08
9.374447668000000715e+07 1.062394687970000058e+08 3.053018900000000000e+07 2.774574319999999925e+07
1.097828430670000017e+08 1.320061670000000000e+08 2.470413600000000000e+07 2.094065247000000253e+07
1.039265277300000042e+08 9.614579231700000167e+07 2.675488300000000000e+07 1.838815077583000064e+08
9.103566279999999702e+07 1.089257188299999982e+08 3.057961800000000000e+07 2.671042376999999955e+07
1.090665358330000043e+08 9.218705241179999709e+07 2.644829100000000000e+07 1.874936810841999948e+08
8.200464819999998808e+07 1.911434990000000000e+08 2.682646500000000000e+07 6.428602100000000000e+07
9.987108630599999428e+07 1.200146075000000000e+08 2.736188300000000000e+07 1.059494116999999993e+07
1.123507189350000024e+08 1.007268849350000024e+08 2.833136700000000000e+07 2.937615714000000153e+05
9.227434931000000238e+07 1.351019550999999940e+08 2.742235100000000000e+07 1.782426300999999791e+07
1.146034323630000055e+08 8.940321784289999306e+07 2.563030300000000000e+07 1.823776177861000001e+08
8.178020089300000668e+07 1.225238889099999964e+08 3.260040400000000000e+07 4.019545256000000052e+06
9.385178675000000000e+07 1.465343590000000000e+08 2.619992100000000000e+07 2.554317767000000179e+07
1.215648920799999982e+08 9.783229359999999404e+07 2.399169200000000000e+07 1.254822921599999964e+08
7.571896623000000417e+07 1.699384750000000000e+08 3.031848700000000000e+07 3.523525200000000000e+07
1.086747423199999779e+08 1.011657657000000030e+08 2.719040100000000000e+07 3.561805079999999702e+07
9.812209564000001550e+07 9.956704969499999285e+07 2.816900300000000000e+07 1.765529039981999993e+08
1.120715377789999992e+08 9.674155762700000405e+07 2.696153400000000000e+07 4.762359482599999756e+07
1.060274736200000048e+08 1.199845350000000000e+08 2.624821100000000000e+07 1.225992157000000216e+07
1.143606385110000074e+08 9.522964459100000560e+07 2.648738100000000000e+07 6.072370916899999976e+07
1.123024115999999940e+08 1.445352510000000000e+08 2.350568200000000000e+07 3.769324720000000298e+07
9.127360167000000179e+07 1.224323207000000030e+08 2.906347300000000000e+07 8.888615452000001445e+06
1.049196528340000063e+08 1.259164077999999970e+08 2.582723100000000000e+07 1.579239957200000063e+07
1.156002175000000000e+08 9.740401020000000298e+07 2.650513400000000000e+07 4.710779465999999642e+07
9.550171257999999821e+07 1.330314382000000030e+08 2.691610200000000000e+07 1.750936802899999917e+07
1.155561492400000244e+08 1.228718962999999970e+08 2.377584100000000000e+07 6.884296800000000000e+07
1.094201903100000024e+08 1.403016333000000119e+08 2.330520300000000000e+07 1.041127450000000000e+08
1.060286423394999951e+08 1.159236599000000060e+08 2.671325100000000000e+07 9.580121743000000715e+06
1.121709202176000178e+08 9.063010007548999786e+07 2.602120100000000000e+07 1.779169352827700078e+08
9.656960004999999702e+07 1.400864140000000000e+08 2.612680100000000000e+07 2.237529337599999830e+07
7.916091173000001907e+07 1.270881363900000006e+08 3.319800400000000000e+07 5.721562189000000246e+06
1.069270343599999994e+08 1.021820594000000060e+08 2.517198700000000000e+07 1.940152870699999928e+08
7.272432131000001729e+07 1.749814995000000000e+08 4.288865700000000000e+07 1.876075639999999851e+07
1.025219721299999952e+08 1.057493862000000030e+08 2.582868200000000000e+07 1.940280409499999881e+08
9.463468109999999404e+07 1.714558900000000000e+08 2.465548700000000000e+07 5.990942100000000000e+07
1.224861412000000030e+08 9.354114770000000298e+07 2.346486400000000000e+07 1.859652417500000000e+08
8.553924459000000358e+07 1.232346120999999940e+08 3.071432800000000000e+07 7.074685090000000782e+06
1.076387426500000060e+08 1.444539058000000119e+08 2.341691500000000000e+07 1.105564995000000000e+08
1.108378297380000055e+08 9.186529619539999962e+07 2.576801200000000000e+07 1.876269434736999869e+08
8.044086490000000596e+07 1.771088050000000000e+08 2.775724900000000000e+07 3.970358210000000149e+07
1.050785534892999977e+08 1.128493322000000030e+08 2.726579000000000000e+07 7.274514043290000409e+06
1.158655840499999821e+08 9.242595050000000000e+07 2.512039400000000000e+07 1.232171591800000072e+08
1.080415145729999989e+08 1.280945005000000000e+08 2.522196300000000000e+07 1.784421119340000302e+07
9.735027184100000560e+07 1.247815290999999940e+08 2.735220400000000000e+07 1.268580540699999966e+07
1.187387369010000229e+08 9.488758793000000715e+07 2.459953800000000000e+07 1.162602055499999970e+08
7.855436180000001192e+07 1.906795460000000000e+08 2.803303700000000000e+07 5.292778879999999702e+07
1.153165501099999994e+08 1.161047087000000030e+08 2.457169800000000000e+07 5.442678806000000238e+07
7.583167684000000358e+07 1.366868335999999940e+08 3.423966800000000000e+07 1.018885123000000045e+07
8.024848926000002027e+07 1.430443597100000083e+08 2.991308400000000000e+07 4.810520532000000030e+07
7.695874531999999285e+07 1.723310460000000000e+08 2.935210000000000000e+07 3.961406020000000298e+07
8.568751496000000834e+07 1.276780969000000060e+08 3.001710900000000000e+07 1.004060414499999955e+07
1.230514341299999952e+08 8.827438600000000000e+07 2.411078000000000000e+07 1.738037749199999869e+08
9.170115729000002146e+07 1.679173560000000000e+08 2.556140200000000000e+07 3.937448829999999702e+07
1.197480039569999576e+08 8.718348262728999555e+07 2.498559700000000000e+07 1.777353303643699884e+08
8.401462897000002861e+07 1.203990340900000036e+08 3.185014300000000000e+07 4.591501049999999814e+06
1.008621027600000054e+08 1.372801460000000000e+08 2.555778200000000000e+07 2.197445601900000125e+07
1.059338050999999940e+08 1.554133590000000000e+08 2.350314800000000000e+07 5.265255020000000298e+07
1.236910895700000226e+08 8.685735182999999821e+07 2.439926800000000000e+07 1.671130209749999940e+08
9.117734468999999762e+07 1.118856376519999951e+08 3.126525200000000000e+07 6.444971629999999423e+05
1.064979864500000030e+08 1.533103090000000000e+08 2.386975400000000000e+07 3.431997436999999732e+07
7.942978589000001550e+07 1.278643430600000024e+08 3.283595700000000000e+07 6.485946887000000104e+06
8.566366525999999046e+07 1.164562185999999940e+08 3.228161500000000000e+07 1.370522453999999911e+06
1.243042890599999577e+08 9.093247054000000656e+07 2.375166000000000000e+07 1.690584165300000012e+08
1.170002724140000343e+08 9.678725959999999404e+07 2.514327900000000000e+07 9.052326979000000656e+07
7.695384562999999523e+07 1.288858134699999988e+08 3.491276900000000000e+07 7.170627973000000231e+06
8.661097641000002623e+07 1.412564488000000119e+08 2.828196700000000000e+07 1.935648292599999905e+07
7.930939223999997973e+07 1.197272425209999979e+08 3.495953100000000000e+07 2.711581928200000152e+07
7.854140626999998093e+07 1.687204910000000000e+08 2.874401100000000000e+07 4.023148250000000000e+07
7.453681732999999821e+07 1.502172103000000119e+08 3.354046400000000000e+07 1.845777462999999896e+07
7.286597051999999583e+07 1.829367920999999940e+08 3.641271100000000000e+07 3.201395810000000149e+07
1.086747852399999946e+08 1.038061387600000054e+08 2.813984200000000000e+07 1.814771347000000067e+06
8.957323460999999940e+07 1.368544473000000119e+08 2.790391800000000000e+07 1.779595094799999893e+07
1.060103978900000155e+08 1.393169890000000000e+08 2.460133800000000000e+07 2.479885837999999896e+07
8.594261463999998569e+07 1.273088985999999940e+08 2.998463400000000000e+07 9.853649858999999240e+06
1.072610097000000030e+08 1.516442810000000000e+08 2.349628700000000000e+07 4.870887660000000149e+07
8.025350197999998927e+07 1.819254850000000000e+08 2.761962700000000000e+07 4.336676160000000149e+07
7.871337240999998152e+07 1.599964100000000000e+08 2.937187800000000000e+07 2.790503157999999821e+07
8.128754662800000608e+07 1.209581780900000036e+08 3.343845000000000000e+07 2.319169113400000148e+06
1.101163392799999565e+08 9.562784845900000632e+07 2.711567500000000000e+07 6.776759282999999821e+07
1.086701300049999952e+08 1.003800607060000002e+08 2.899982600000000000e+07 3.206941560000000056e+06
8.323579977000005543e+07 1.185454636120000035e+08 3.333574300000000000e+07 1.017645011000000057e+06
1.093136274860000014e+08 1.011760462960000038e+08 2.875415600000000000e+07 2.728681766000000061e+05
9.610097579999999702e+07 1.438925210000000000e+08 2.593770500000000000e+07 2.470255855700000003e+07
1.126853157500000000e+08 1.152956973400000036e+08 2.513221500000000000e+07 4.053471170000000298e+07
7.918759917000000179e+07 1.227373528299999982e+08 3.514049300000000000e+07 1.867057780999999959e+06
7.574145340000000596e+07 1.414696015999999940e+08 3.336646400000000000e+07 1.359555066000000015e+07
1.084070984699999988e+08 1.157239345999999940e+08 2.642610100000000000e+07 9.841785099999999627e+06
1.034315506899999976e+08 1.493079150000000000e+08 2.440710900000000000e+07 3.072073847000000253e+07
