8.684330428000000119e+07 1.144734116959999949e+08 3.228518300000000000e+07 1.022934263000000035e+06
1.009473542900000066e+08 1.058605899940000027e+08 2.953871300000000000e+07 6.379997850000000326e+05
1.099163525999999940e+08 1.266859422999999970e+08 2.515033900000000000e+07 1.727096150000000000e+07
8.121640642000000179e+07 1.204923593700000048e+08 3.381086400000000000e+07 1.707848547000000020e+06
1.043341184979999959e+08 1.197445390999999940e+08 2.653216000000000000e+07 1.191527643999999948e+07
1.043152977199999988e+08 1.067833994800000042e+08 2.840494900000000000e+07 2.682942009999999776e+06
9.102229739000001550e+07 1.118186513569999933e+08 3.130270500000000000e+07 6.529798979999999283e+05
1.156397503770000041e+08 9.884299865000000596e+07 2.616023500000000000e+07 5.192077258100000024e+07
1.135788661299999952e+08 9.971415384000000358e+07 2.759158800000000000e+07 1.582664541999999993e+07
1.074713211400000155e+08 1.043721192800000012e+08 2.825909300000000000e+07 1.755610060000000056e+06
1.186493514200000018e+08 9.776818273000000417e+07 2.509721400000000000e+07 8.561493942000000179e+07
1.148971902489999980e+08 9.568357274199999869e+07 2.644115400000000000e+07 5.740440604900000244e+07
1.123023137259999961e+08 1.086334827600000054e+08 2.647427000000000000e+07 1.841009845499999821e+07
1.212222415600000173e+08 8.969020079999999702e+07 2.447455800000000000e+07 1.445631860900000036e+08
1.132459339399999976e+08 1.108548602199999988e+08 2.587565600000000000e+07 2.784784446000000089e+07
1.031450573770000041e+08 9.574404078569999337e+07 2.750870100000000000e+07 1.933290226746999919e+08
1.117900245000000000e+08 1.080195680999999940e+08 2.712282200000000000e+07 5.103713190000000410e+06
1.198793560970000178e+08 9.071771975000000000e+07 2.500390200000000000e+07 1.191249863289999962e+08
1.185569124099999666e+08 9.893570479999999702e+07 2.347969300000000000e+07 2.043936889000000060e+08
7.495002064000000060e+07 1.592047588000000119e+08 4.550707900000000000e+07 6.380690901999999769e+06
1.105749803500000238e+08 1.513536530000000000e+08 2.350848500000000000e+07 3.653042920000000298e+07
8.735762598199999332e+07 1.091348715331999958e+08 3.134272400000000000e+07 1.066150493357000053e+08
8.085182886600002646e+07 1.233018381299999952e+08 3.298491300000000000e+07 3.910915800999999978e+06
1.115316479510000050e+08 9.756747418000000715e+07 2.700234700000000000e+07 4.389796717000000179e+07
1.189062296299999952e+08 9.704562751999999583e+07 2.435097200000000000e+07 1.178999843400000036e+08
1.230255359740000069e+08 9.044299446999999881e+07 2.397047400000000000e+07 1.612418158819999993e+08
1.048036897999999970e+08 1.100366820000000000e+08 2.772699000000000000e+07 5.303632459999999963e+06
9.815340015000000596e+07 1.069385149619999975e+08 3.015863200000000000e+07 4.439944749999999767e+05
9.547111016400000453e+07 1.206114164000000060e+08 2.825638900000000000e+07 9.280152570000000298e+06
1.023474330000000000e+08 1.041450895849999934e+08 2.987994800000000000e+07 3.781331429999999818e+05
9.384441898999999464e+07 1.080274943499999940e+08 3.127687400000000000e+07 4.030222345000000205e+06
7.901507859000000358e+07 1.270046195799999982e+08 3.332339500000000000e+07 5.602432936999999918e+06
1.102162305000000000e+08 1.155043517999999970e+08 2.626355300000000000e+07 9.955774000000000000e+06
1.104673812999999970e+08 1.184240637999999970e+08 2.592076200000000000e+07 1.188890419999999925e+07
1.098431602300000042e+08 9.789160720000000298e+07 2.658944300000000000e+07 6.395536895000000298e+07
8.760036226000000536e+07 1.875929290000000000e+08 2.567691300000000000e+07 6.701701900000000000e+07
1.123605386099999845e+08 1.130979445999999940e+08 2.643243000000000000e+07 8.508162099999999627e+06
1.118205304899999946e+08 1.130989760600000024e+08 2.535810600000000000e+07 4.135314475999999791e+07
1.231012297600000203e+08 8.674373046699999273e+07 2.450618900000000000e+07 1.672283829869999886e+08
7.722396492000000179e+07 1.796397590000000000e+08 2.892080300000000000e+07 4.006007379999999702e+07
1.086565658900000155e+08 1.455123160000000000e+08 2.378726600000000000e+07 3.496848529999999702e+07
1.134548487399999797e+08 1.243925850999999940e+08 2.383162000000000000e+07 6.733615573000000417e+07
1.099594720830000043e+08 9.170626345280000567e+07 2.630521700000000000e+07 1.869507317287000120e+08
1.119946875000000000e+08 1.326647600000000000e+08 2.453383000000000000e+07 2.133304760000000149e+07
1.170827069220000058e+08 9.727390942000000179e+07 2.577439200000000000e+07 6.677719460599999875e+07
7.730313020100000501e+07 1.472417607300000191e+08 4.434852800000000000e+07 2.064934183100000024e+06
8.424323394000001252e+07 1.496484240000000000e+08 2.826183900000000000e+07 2.365859328999999911e+07
1.109148535000000000e+08 1.457195810000000000e+08 2.350235200000000000e+07 3.922252729999999702e+07
7.492300006999999285e+07 1.455019160999999940e+08 3.371295300000000000e+07 1.560101939000000060e+07
1.062451468599999845e+08 1.034287605409999937e+08 2.869093600000000000e+07 9.322528379999999888e+05
1.107456868279999942e+08 1.397483690000000000e+08 2.410638600000000000e+07 2.572478860200000182e+07
1.164261650300000012e+08 9.530434540000000596e+07 2.575282300000000000e+07 7.623095054000000656e+07
8.858703820000001788e+07 1.406022063000000119e+08 2.781581600000000000e+07 1.983060180600000173e+07
8.788111561000001431e+07 1.716396960000000000e+08 2.587332500000000000e+07 5.367221100000000000e+07
9.807080037899999321e+07 9.942964500329999626e+07 2.849597400000000000e+07 1.839827908120999932e+08
9.323073440000000596e+07 1.740006960000000000e+08 2.482808400000000000e+07 6.238705700000000000e+07
8.516599664000000060e+07 1.166530079099999964e+08 3.238109900000000000e+07 1.563875491000000155e+06
1.107214071700000167e+08 1.045825497399999946e+08 2.772805800000000000e+07 2.705171150000000373e+06
1.106311359000000209e+08 1.445979790000000000e+08 2.345632800000000000e+07 4.454357560000000149e+07
8.282946581000000238e+07 1.187513252600000054e+08 3.315461300000000000e+07 1.680391360000000102e+06
1.150897853499999940e+08 9.818659220000000298e+07 2.671574500000000000e+07 3.945945067999999970e+07
1.003671589099999964e+08 1.036943700100000054e+08 2.916660200000000000e+07 1.866566863500000164e+07
8.753947157000000775e+07 1.213617492999999970e+08 3.031694500000000000e+07 6.688976219999999739e+06
9.725135798000000417e+07 1.103458654500000030e+08 2.944799000000000000e+07 2.659547080000000075e+06
1.107190517199999988e+08 1.092689372999999970e+08 2.701890000000000000e+07 5.837844669999999925e+06
1.085917010499999821e+08 1.432557708000000119e+08 2.332920100000000000e+07 1.091124390999999940e+08
9.752192295000000298e+07 1.031700278550000042e+08 2.954166500000000000e+07 4.345454972299999744e+07
9.600532592000000179e+07 1.119655819899999946e+08 2.943944000000000000e+07 3.535095319999999832e+06
1.065517596299999952e+08 1.057184150900000036e+08 2.812496100000000000e+07 2.710342310000000056e+06
7.633687803000000119e+07 1.576990224000000060e+08 3.085058000000000000e+07 2.522852923000000045e+07
1.107462188100000024e+08 1.317378930000000000e+08 2.447863600000000000e+07 2.615211450000000000e+07
8.341009440999999642e+07 1.138647527999999970e+08 3.295019300000000000e+07 4.176210095000000298e+07
9.485021756000000238e+07 1.090148364749999940e+08 3.053354300000000000e+07 8.739748140000000130e+05
1.128294215100000054e+08 9.969482390000000596e+07 2.739449600000000000e+07 2.140625367000000179e+07
1.125567848700000048e+08 1.294042417999999970e+08 2.355537700000000000e+07 7.369306290000000596e+07
8.906163553000000119e+07 1.642839080000000000e+08 2.621518100000000000e+07 3.504246519000000507e+07
1.098798359000000060e+08 1.102700580000000000e+08 2.626073300000000000e+07 2.605389469999999925e+07
1.210654658599999994e+08 9.147980329999999702e+07 2.470258600000000000e+07 1.230311683400000036e+08
1.231794828499999940e+08 9.760473709999999404e+07 2.345686400000000000e+07 1.523116536999999881e+08
7.276872162000000477e+07 1.843154141999999881e+08 3.695306700000000000e+07 3.198828500000000000e+07
1.218955074200000018e+08 9.872058159999999404e+07 2.349929600000000000e+07 1.488081278000000119e+08
8.780476632199999690e+07 1.184367073299999982e+08 3.073611700000000000e+07 4.556200065100000240e+06
9.528275307999999821e+07 1.451773669000000060e+08 2.524102700000000000e+07 9.882667350000000000e+07
1.182478388199999928e+08 9.435815320000000298e+07 2.517998800000000000e+07 9.626594859999999404e+07
8.107409750000001490e+07 1.171832146200000048e+08 3.431737300000000000e+07 1.910857404199999943e+07
1.170709024300000072e+08 9.904916281999999285e+07 2.529425100000000000e+07 7.682310448999999464e+07
8.211944242999999225e+07 1.587718170000000000e+08 2.823860600000000000e+07 2.854784355000000075e+07
1.119223319000000060e+08 1.242699434000000060e+08 2.526134600000000000e+07 1.583525630000000075e+07
1.121239732600000203e+08 9.801082590000000596e+07 2.645490000000000000e+07 5.608833871000000089e+07
8.243736490000000596e+07 1.880250860000000000e+08 2.673925700000000000e+07 5.924418500000000000e+07
1.189362506899999827e+08 9.819362001000000536e+07 2.454329600000000000e+07 1.048522412800000012e+08
1.138086327119999975e+08 9.423590757700000703e+07 2.622639400000000000e+07 7.812382251899999380e+07
8.163106769999998808e+07 1.847605960000000000e+08 2.696252900000000000e+07 6.011343900000000000e+07
1.125692981019999981e+08 1.083864551899999976e+08 2.641108300000000000e+07 2.038910209800000116e+07
1.134086695099999756e+08 1.191530264000000060e+08 2.454489400000000000e+07 5.016087464999999851e+07
1.066642717199999988e+08 1.469703070000000000e+08 2.411342400000000000e+07 2.963865307000000030e+07
7.862829037000000477e+07 1.498711814000000060e+08 3.028492100000000000e+07 2.106811162000000104e+07
1.007789784000000060e+08 9.905526336800000072e+07 2.712135500000000000e+07 1.778442793519999981e+08
1.061060795700000226e+08 1.152206709000000060e+08 2.681143900000000000e+07 8.910032000000000000e+06
1.042699950999999940e+08 1.671335110000000000e+08 2.343774900000000000e+07 5.970771900000000000e+07
1.044070185999999940e+08 1.551847340000000000e+08 2.400605800000000000e+07 3.615302250000000000e+07
1.102011797049999982e+08 9.797716346899999678e+07 2.725556500000000000e+07 4.059190360999999940e+07
9.043746792000001669e+07 1.485563920999999940e+08 2.607310500000000000e+07 9.407283112000000477e+07
9.903882275120000541e+07 1.143587727999999970e+08 2.831270900000000000e+07 6.244876150270000100e+06
1.079190475250000060e+08 9.988393543099999428e+07 2.812231200000000000e+07 1.982401006899999827e+07
9.198267923999999464e+07 1.331848200999999940e+08 2.767575800000000000e+07 1.631378044800000079e+07
8.540484191999998689e+07 1.128220209360000044e+08 3.280867200000000000e+07 1.747271908100000024e+07
1.201355813615999967e+08 8.705123117538000643e+07 2.494670500000000000e+07 1.773889215205999911e+08
9.025378665000000596e+07 1.080670772440000027e+08 3.045266600000000000e+07 4.960038606199999899e+07
1.172192913599999994e+08 9.186316270000000298e+07 2.451654000000000000e+07 1.550572720000000000e+08
1.077999385900000185e+08 1.203927659200000018e+08 2.499897900000000000e+07 5.186757220000000298e+07
9.423934811100000143e+07 1.025554636375000030e+08 2.936751500000000000e+07 1.562368273400000036e+08
1.025092261599999964e+08 1.464788140000000000e+08 2.469743100000000000e+07 2.829603925000000000e+07
1.162343051200000346e+08 9.801794534000000358e+07 2.569790000000000000e+07 6.792070504999999702e+07
1.077104868369999975e+08 1.214081285000000000e+08 2.586765500000000000e+07 1.388271083999999985e+07
1.008418107000000328e+08 1.481726550000000000e+08 2.486608700000000000e+07 2.886968007999999821e+07
7.798917102000001073e+07 1.424820553000000119e+08 3.143495200000000000e+07 1.579170993000000156e+07
1.061382882999999970e+08 1.242226867000000030e+08 2.574251900000000000e+07 1.687454089999999851e+07
7.714382021999999881e+07 1.282614128400000036e+08 3.495560900000000000e+07 5.006284589999999851e+06
1.120592228799999952e+08 9.579883679999999702e+07 2.570608500000000000e+07 9.855187970000000298e+07
8.360192167000000179e+07 1.156348178789999932e+08 3.242151300000000000e+07 2.655096234299999848e+07
8.981299308999998868e+07 1.117991705579999983e+08 3.217588500000000000e+07 5.195540270000000019e+05
8.514767424000000954e+07 1.819161690000000000e+08 2.628429800000000000e+07 5.201113450000000000e+07
1.244535352199999988e+08 9.366979940000000596e+07 2.345282100000000000e+07 1.713728100099999905e+08
9.284361682999999821e+07 1.439997310000000000e+08 2.651441100000000000e+07 2.525295339999999851e+07
8.972154098000000417e+07 1.534286960000000000e+08 2.661964000000000000e+07 2.839643401999999955e+07
1.136256296099999994e+08 1.300881349000000060e+08 2.328231600000000000e+07 8.801688000000000000e+07
7.466662527000001073e+07 1.601337915000000000e+08 3.201531700000000000e+07 2.552030023999999836e+07
8.993501718999999762e+07 1.574569770000000000e+08 2.631160100000000000e+07 3.177338126000000164e+07
1.123167979360000044e+08 1.007538488530000001e+08 2.833055800000000000e+07 2.855738741000000155e+05
1.232644330600000024e+08 9.347641570000000298e+07 2.347166900000000000e+07 1.766313965099999905e+08
1.085718720000000000e+08 1.596507410000000000e+08 2.317846600000000000e+07 5.351228600000000000e+07
1.074659938700000346e+08 9.882680171999999881e+07 2.712350700000000000e+07 5.633515953000000119e+07
1.212193619330000430e+08 9.028906734000000358e+07 2.396023700000000000e+07 1.868599986509999931e+08
9.860078650599999726e+07 1.253888452000000030e+08 2.701933800000000000e+07 1.367099582300000079e+07
9.610765923000000417e+07 1.618216270000000000e+08 2.503184000000000000e+07 3.665747910000000149e+07
7.473919457999999821e+07 1.817719560000000000e+08 3.056607000000000000e+07 3.966930960000000149e+07
1.076215177099999934e+08 1.359636680000000000e+08 2.464691300000000000e+07 2.284531093699999899e+07
7.918083306000000238e+07 1.227486163400000036e+08 3.514014200000000000e+07 1.873255266999999993e+06
8.980779164999999106e+07 1.133547411200000048e+08 3.112874500000000000e+07 1.767950036000000080e+06
7.302120756000000238e+07 1.691970530999999940e+08 3.995720100000000000e+07 1.977071632000000030e+07
1.061419279153999984e+08 9.484209896152999997e+07 2.679816000000000000e+07 1.433004698477869928e+08
1.070340094775999784e+08 1.013672070754899979e+08 2.886767300000000000e+07 3.559895382770000026e+06
1.212538076099999845e+08 9.362750139000000060e+07 2.409945900000000000e+07 1.385850610999999940e+08
1.201536852199999988e+08 9.592660265999999642e+07 2.408384800000000000e+07 1.318272350600000024e+08
1.032686812699999958e+08 1.104179662000000030e+08 2.798731100000000000e+07 5.033483009999999776e+06
1.060160839000000060e+08 1.464001290000000000e+08 2.394708600000000000e+07 3.904690500000000000e+07
1.062651110085999966e+08 1.175684624000000060e+08 2.649491100000000000e+07 1.058305670305999927e+07
1.054215559099999964e+08 1.407242740000000000e+08 2.453827300000000000e+07 2.682280169999999925e+07
8.682042993999999762e+07 1.155805809899999946e+08 3.178389200000000000e+07 1.924727884000000078e+06
8.554070068000000715e+07 1.358813043000000119e+08 2.882243100000000000e+07 2.861901860000000149e+07
7.917346580000001192e+07 1.202214496459999979e+08 3.496105300000000000e+07 2.566881807000000030e+07
1.101116787699999958e+08 1.307058627000000030e+08 2.372472100000000000e+07 7.477731200000000000e+07
8.991679867000001669e+07 1.317072990999999940e+08 2.831808100000000000e+07 1.456899214899999835e+07
8.288431367000001669e+07 1.481761926999999881e+08 2.873212500000000000e+07 2.373776939999999851e+07
9.899417276000000536e+07 1.063329801700000018e+08 2.997847100000000000e+07 6.527609270000000251e+05
8.524644103000000119e+07 1.392880966999999881e+08 2.884596700000000000e+07 1.758085933999999985e+07
1.168727280770000070e+08 9.389235798999999464e+07 2.430358300000000000e+07 1.568652091540000141e+08
8.727236163999998569e+07 1.438864434000000060e+08 2.788088300000000000e+07 2.133567469999999925e+07
9.692907449099999666e+07 1.044428975400000066e+08 2.749630900000000000e+07 1.561054844129999876e+08
7.445536250999999046e+07 1.489534916999999881e+08 3.604364400000000000e+07 1.436740330000000075e+07
8.485812092399999499e+07 1.136015467456000000e+08 3.147339100000000000e+07 7.111751045939999819e+07
1.212598879500000030e+08 9.074747940000000596e+07 2.457650500000000000e+07 1.320219039699999988e+08
1.027500491599999964e+08 1.292074110000000000e+08 2.588589300000000000e+07 1.741423984699999914e+07
1.037198526500000060e+08 1.047215544120000005e+08 2.904890800000000000e+07 8.414032880000000587e+05
7.699764419000001252e+07 1.334235945000000000e+08 3.361832100000000000e+07 8.905927330000000075e+06
7.929031709999999404e+07 1.913468850000000000e+08 2.771417900000000000e+07 5.520040379999999702e+07
8.112844223400001228e+07 1.243425470900000036e+08 3.254135000000000000e+07 5.050978666000000201e+06
1.172528834520000070e+08 8.834759953319999576e+07 2.512762600000000000e+07 1.812168593357000053e+08
7.516968929999999702e+07 1.872859740000000000e+08 3.011025000000000000e+07 4.430133410000000149e+07
